#spline3d 5 121 5 121
118.76208182579296 83.938173724289257 0.65654367178914175
118.17236499158821 83.56521293783787 0.75558977266073923
117.57891373653899 83.194245691894366 0.7691212980393507
116.98573212596688 82.821325080234942 0.74879940776597609
116.39762192131947 82.44174543156646 0.75838354902084726
115.81647308573483 82.052893857750831 0.80112067616266136
115.23094866740855 81.66856131992904 0.80230463731870838
114.64231422711268 81.289434460096189 0.81929942053435378
114.0566079907758 80.906355532088909 0.80715459144741686
113.46625825881941 80.528548510600785 0.77621042928492034
112.84462018316228 80.206544258660244 0.78765609321299446
112.21018480048713 79.908462635484625 0.76808316455998071
111.56734827762325 79.633517639984035 0.74562261558744858
110.91102000859507 79.387760400856237 0.75125853961335176
110.27417301644446 79.094399599486096 0.73549552871747192
109.6215523605904 78.842453871192546 0.74120834505441469
108.95516274002412 78.624480276987768 0.75172758609423318
108.32171236567277 78.321639059586317 0.72733649906318787
107.72295513071211 77.956597775313583 0.74717069673195691
107.12409218047134 77.59982781129861 0.8164097373516761
106.53872137306475 77.222088536980962 0.86870112323896653
105.95882092277927 76.822332388831299 0.92079226507942347
105.40043632340104 76.462946511627479 1.1651771276430756
104.95297618493709 76.082348548113885 1.5653190132013046
104.56934495347188 75.770399316790787 2.0637948645430355
104.15841795510315 75.556481770629901 2.5894713052759779
103.70174855637795 75.404911707927013 3.1027393393230502
103.26306183203017 75.281822711003954 3.6358721672087158
102.93366306394533 75.22768402013125 4.2556638730374736
102.64574111489381 75.152573223826238 4.89022068281293
102.42035233415548 75.072875242404706 5.5516235061991894
102.30410610679884 75.072652782470669 6.247883817889857
102.32650536119276 75.075927281552495 6.9519269386587377
102.39659151796062 74.970819551258344 7.6427805025756514
102.48992509564428 74.946319635558254 8.3355103879547503
102.55438728100881 74.932196537602536 9.0330015960595205
102.57643012295601 74.875139127839716 9.7341276984421867
102.70144796740061 74.88946412003618 10.423200347330035
102.8870248162285 74.971112119927042 11.096877309499241
103.01647552857195 75.059923228396244 11.778619679501727
103.1152267086927 75.119577024767679 12.473151996960738
103.33096894820156 75.291542850356734 13.117985505490074
103.51047293401662 75.49499222079865 13.765320413191617
103.67753126171196 75.708670096120585 14.409317698021701
103.87786105222584 75.99665544792542 15.022536170274968
103.95650012485392 76.167972648920099 15.697571530101584
104.04549427302038 76.243063308700883 16.392949827483125
104.0923914274391 76.437368451066078 17.065145155519339
104.22937491873498 76.60868293803037 17.733805371804603
104.50581016546937 76.702557296966731 18.378375233067537
104.76915752126638 76.707026683816935 19.03041342368466
104.81488821561653 76.675377058374806 19.735796472545893
104.82909849337436 76.679047357969452 20.435674497336095
104.79707044357598 76.591019910639162 21.139942464525333
104.59506176569215 76.377536703870604 21.78032489145518
104.24189168598042 76.134547086584263 22.349330819745092
103.83175680842218 75.881958808224113 22.853686697638796
103.32194515388807 75.564567858492211 23.229192110571599
102.7952311156953 75.174305431939288 23.487492690051983
102.25873132767525 74.72453952239799 23.611276070956066
101.69365712844085 74.295444460268101 23.521215713157549
101.19158261956929 73.910495105858189 23.205193232748169
100.76295261531394 73.455400771370293 22.885925065025742
100.42048305686696 72.956022314534493 22.527502049798684
100.15856073608184 72.514543629577389 22.046187034782296
99.97990038643735 72.061218886326429 21.536525842782488
99.864912843025863 71.66534804794496 20.960205419964915
99.823958025165766 71.47454400683857 20.284428210335118
99.815430216771119 71.272257576913717 19.607144445272368
99.972861761781246 71.082999028820183 18.946598818440158
100.30712053558827 70.950176018116295 18.333413895674759
100.68292582996507 70.836002981731099 17.758213783125022
101.04058364284043 70.822854779037414 17.149585536314326
101.48083978111485 70.653472463389861 16.614926519397471
102.09881829764556 70.551738494104839 16.281353677510172
102.75429228403267 70.456101898724995 16.034974855166404
103.37388870778035 70.175111091105535 15.847536246946369
103.97777383675451 69.831719716821269 15.757367848594173
104.59178027549873 69.497231445367291 15.65544979822303
105.12088322928915 69.04109821786831 15.619927187650955
105.5899029938559 68.515978257312781 15.675781767526539
106.10526271763396 68.046632435966245 15.81235806305834
106.47347992838912 67.517101617339478 16.084006660230326
106.66343157572658 66.905426786149192 16.402354024228671
106.77434935911822 66.347194753335629 16.818614441058639
106.75719779478591 65.896224543770614 17.356414984795602
106.69883844537378 65.447880717639123 17.8965299047453
106.58586219703629 65.000829476847215 18.420179561961692
106.36134027662034 64.633708506118566 18.984631252450118
106.11438712549142 64.383210412795194 19.592939509969657
105.82739276967102 64.271164533438991 20.228331651781641
105.46982285063372 64.232978768356531 20.828365995841551
105.099285944561 64.276375203522036 21.427870459484605
104.64727659189735 64.351966679208346 21.956946634205174
104.09641441782126 64.421584301612441 22.393090227525118
103.56975258343564 64.568506566360824 22.830537097145072
103.0768263530278 64.795552126770943 23.276564698178468
102.60708395038816 64.987689831834459 23.756881035085115
102.19353405013315 65.183246732552206 24.294610950649822
101.72324405520973 65.519442222956329 24.704808909896794
101.29209748684931 65.986779846285344 25.015231754972262
100.9230956209189 66.525972589017286 25.270973363290558
100.5935736464655 67.10113337146619 25.499040790803917
100.31022214559574 67.722151046164058 25.66708652257152
100.0532690640844 68.356240900156919 25.794359316353535
99.917396097561181 69.044649883562045 25.945013632766724
99.926658599679044 69.686391274827855 26.230103474209265
100.03200698841368 70.249604402973901 26.643524589659243
100.04643978525129 70.916352814189793 26.894794897660883
100.21453557115748 71.493140980481812 27.253128663819183
100.55984646560935 71.994918226634908 27.628353825158101
100.79839568812875 72.525523094538713 28.007407506803144
100.98810105285226 73.036862126755466 28.456736012927539
101.29301502351336 73.458884655006088 28.927747235015016
101.58029150956713 73.824920389348435 29.453161011583664
101.89944946341703 74.119201686244537 30.008967026542038
102.24399932437346 74.261777437927492 30.605410322456891
102.55956871643544 74.298134856301331 31.234123890015454
102.79769945397231 74.362005543502491 31.889459834391975
102.97419378186953 74.464224529376338 32.563184519335877
103.0964021809591 74.639344202718803 33.246095252879741
