#spline3d 5 120 5 120
122.17070590492276 108.05003942157201 2.5469773169754983
122.8984690516475 107.87055924215092 2.5149861570350192
123.64586103497193 107.77189043552413 2.5410296344822743
124.40500945171054 107.73952263349091 2.6255477208055447
125.16804172468014 107.7589455672195 2.7689797526880042
125.92708511449986 107.8156464164866 2.9717637700891228
126.67424345123426 107.89506295322298 3.234235881159516
127.40154329484398 107.98253162484627 3.5564272628253151
128.10080270611479 108.06327965263458 3.937685610258586
128.76350264085906 108.12265535339998 4.3764191311740035
129.38065957701863 108.14660872006503 4.8698631855678514
129.94280124196936 108.12285696315774 5.4139061920647134
130.44021727509687 108.04179831750403 6.0032469018967767
130.86334959264573 107.8980006704837 6.6313286093668253
131.20353499165876 107.69078697648511 7.2904984154389538
131.45367012858918 107.42392894780552 7.9721067158266985
131.60915030451301 107.10522366931089 8.6664743387762062
131.66808313962505 106.74485440000457 9.3631122694848408
131.63134902321571 106.35408530969509 10.050926642833774
131.50234016337612 105.94357354665681 10.718641883795025
131.28621530275768 105.5223243513873 11.355331577447345
130.98963353097605 105.09672166321123 11.951131635575676
130.62039500457462 104.67031380791424 12.498108162693761
130.18728111220886 104.24420107724414 12.990779094437269
129.70002783260693 103.81741170709768 13.426838962679579
129.16891665738248 103.38788588309509 13.80685058676606
128.60425337075409 102.95320838287576 14.133751375214459
128.01549930700642 102.51140975294159 14.411809598728425
127.41072952605589 102.06135144520297 14.645452241536718
126.79602360475702 101.60308240844955 14.83841186730886
126.17534644043486 101.13792194667207 14.993304662081213
125.55080356166812 100.66835677269907 15.111794359152858
124.92279900788964 100.19801986030245 15.194883410817702
124.29061761710665 99.731335863627208 15.243437369052442
123.6528322412307 99.273189937139875 15.258533544950319
123.00781760338809 98.828338253904263 15.241765240675145
122.35416042169406 98.400852338935437 15.195275144061039
121.69101365306015 97.993448913912346 15.121820919291977
121.01829493041414 97.606996976698511 15.024722502942593
120.3366286703248 97.240492032361075 14.907802352325692
119.64719497849963 96.891104316693614 14.775430750176655
118.95132824972059 96.554918286967876 14.632532859466421
118.25021490095592 96.227559113541602 14.48466959750731
117.54466463524386 95.904906731628941 14.338196335723143
116.83519940591924 95.58343077077528 14.200276892516674
116.12227875686308 95.260392503764223 14.079032836953886
115.40680565998981 94.933740786032942 13.983433471510107
114.69054078078231 94.6019147430098 13.923014379074337
113.97665946402066 94.263703186639759 13.907488033502368
113.26991308514702 93.918109483437448 13.946127404480469
112.57669005573408 93.56434262098378 14.047136319195658
111.90484301873563 93.20192134001195 14.216813405511283
111.26310309148111 92.830777007351386 14.459267843890073
110.660564638453 92.451416738498878 14.775879313511242
110.10594657430573 92.064873958675562 15.165177263969992
109.60716648878631 91.672439991060173 15.623037267794997
109.1709046521507 91.275216742854425 16.142560269508305
108.80256050445723 90.873636334708166 16.714554910967493
108.50624657352216 90.467195288438987 17.327871057348322
108.28483374122386 90.054484063497554 17.969970964047373
108.14025260844446 89.633702563171568 18.627821846058122
108.07360463349566 89.203228742707992 19.28872432707098
108.08525214101866 88.762255648570985 19.941298612171988
108.17467387313914 88.310936244692996 20.575952047116051
108.33981112007606 87.850298866079612 21.18542414513503
108.57640453621069 87.381568528390488 21.764581996817682
108.8773902241755 86.905490053124652 22.310163243497755
109.23242442280213 86.421555240010179 22.820363896723812
109.62858515083059 85.927887759494965 23.294227044288139
110.05105974180879 85.42127498343136 23.731311216992836
110.48486473254444 84.897845926189135 24.131352640677871
110.91634807542422 84.353787566927409 24.494125740564396
111.33498675056649 83.786077918844967 24.819424161287635
111.7342601186399 83.19284970278612 25.107243097616394
112.11190268126136 82.573421668549514 25.358085471186516
112.46950978904879 81.928053449167706 25.573512415239914
112.81075591844862 81.257429394203427 25.756484702799142
113.13961093338597 80.562309079326795 25.911889047363527
113.45756492058676 79.843370995045333 26.046762947450947
113.76186711726882 79.101484304084167 26.169974487163636
114.04348038310185 78.338529408293709 26.291778800360287
114.28735365415037 77.558644004147453 26.422647462061523
114.47348823486924 76.769520883880816 26.572223869570152
114.57947731359694 75.984096921012565 26.747991640878013
114.58396806670372 75.220555116416392 26.954723039025815
114.47022176020714 74.502498873317109 27.193789272718952
114.22963533456651 73.857130066873054 27.463194947152985
113.86276732677706 73.312622634867537 27.758276155651021
113.38088336687936 72.894804289335667 28.07235586925432
112.8041917957721 72.623695758533088 28.398231079094099
112.15988030533626 72.511085042985016 28.729429559986055
111.47950664036847 72.558190309374368 29.061720539346194
110.79580259250019 72.756764636753431 29.393703001089239
110.14031277510342 73.08997228653827 29.727119039702952
109.54096187063027 73.535287209760369 30.066002825554765
109.02120573800866 74.067830693208222 30.415007478804444
108.59866066355687 74.663126151862571 30.777495276144368
108.28508475968223 75.299590265987646 31.153768840101542
108.08664563968675 75.959580746083304 31.540429887776728
108.00389440707291 76.63022357980978 31.930176428408419
108.03290771080761 77.302639823661423 32.313203625720845
108.16584496397675 77.971368027352739 32.67857835780346
108.39198910343414 78.633180719885942 33.016399803614931
108.69912549845536 79.285774830961159 33.319186867784445
109.07466447387499 79.926770281313168 33.583425735035568
109.50703773160967 80.552791966602641 33.80985501721473
109.9864879458521 81.159135761962645 34.002994535016065
110.50578295756965 81.739641135478607 34.170434074402159
111.05992842322122 82.287247011971942 34.321284264358802
111.64581308676077 82.794573079358074 34.465077219887029
112.26146048918994 83.254778891263868 34.610580302600667
112.90528751217305 83.66202493164792 34.765341793570208
113.57561879517593 84.011941335033967 34.935300743780367
114.27038399103887 84.301546308851101 35.125055603535429
114.98710321636665 84.528936631056879 35.33827549145024
115.72296349610831 84.692924097155469 35.578094660746039
116.47500567986184 84.792598789946226 35.847457267702744
117.24022416669611 84.827133569677159 36.149249304597625
118.01561305157612 84.795701603769203 36.486356197099731
118.79816608141348 84.697476737813773 36.861662972209089
