#spline3d 5 120 5 120
76.006391844504861 95.761122676407709 5.8213317579400545
76.459341111667243 95.460211988040754 5.7054143969084361
76.908451015665975 95.141242373067428 5.6222899613897761
77.360161511714324 94.818575515691251 5.5628429150874501
77.820273065031216 94.505601200888975 5.5178125136758567
78.29889090256205 94.222114253285824 5.4786699477265621
78.791599264241469 93.962220036909699 5.4344234671986671
79.252217156841311 93.657303017929991 5.3572308162013105
79.673991986205749 93.300183708835618 5.269639905014234
80.082106288293474 92.926306698758324 5.1927738045657392
80.526082753605621 92.600665330142576 5.1152697218442889
80.996160798704011 92.308199721786778 5.0377663821495657
81.457283523596843 92.002205039098001 4.9717766946898294
81.946910174683453 91.738211034996922 4.9087108367012382
82.446474505713169 91.497611238947272 4.8057686484017754
82.841975005126585 91.151791785556611 4.6218285633941569
83.182719263098193 90.724491922179851 4.4988848547566773
83.557188299998288 90.304528119264774 4.5055300851332483
83.933632076894398 89.891352694790683 4.5560696019335571
84.243615213357785 89.434723423273866 4.6229743962645244
84.546449698302965 88.974026648007197 4.7122542320044625
84.9218502320184 88.56934327947306 4.8019942968893936
85.276652694637832 88.154071240063246 4.9104455892913714
85.593319044157425 87.717088699623289 5.0497191286755418
85.914343347709988 87.293066049600569 5.2321584404060459
86.228008753995127 86.902558641031845 5.4851328794363834
86.491240435227454 86.572368181784199 5.8524393161128634
86.701213068522591 86.287724543292171 6.2898204949191481
86.884234644697685 86.014967426597167 6.7396111110743728
87.053921230894645 85.773812950266802 7.2129314854439022
87.217759142286525 85.56537210743295 7.7079329953097302
87.304716774438603 85.382749755911732 8.2252140106233878
87.329474875579294 85.220724053110743 8.7587499360248895
87.383267903570044 85.041238693299135 9.2849550469176449
87.421072746986198 84.826628062746366 9.805220759498237
87.380315004498527 84.687696900807708 10.340149849864943
87.290657730464204 84.702806891817261 10.894631908833093
87.204595646252457 84.761364812623526 11.44842811615079
87.113634758532726 84.851883560490876 11.990052502167748
86.994813819891476 85.008952183847185 12.510218040656737
86.868279147687559 85.199166941138031 13.021468607143861
86.763297787538491 85.374485623483608 13.541568113602498
86.702468229477134 85.554235813211918 14.06563145795216
86.703523215857473 85.747038829031538 14.590030927326758
86.736303238195433 85.940961873068389 15.112581190522427
86.776571675079381 86.147266551189929 15.62930457370936
86.803701280616863 86.379295012768409 16.136263122013471
86.80633420069762 86.637816759088679 16.630637530286755
86.795130281506673 86.910346254447759 17.117164928651164
86.809601329030244 87.167116524062848 17.612012503460171
86.845298662669919 87.412716194503403 18.113306637502376
86.903496973208988 87.631234156896724 18.622977208468768
87.00930511578251 87.808700168892756 19.14170213281993
87.153890940608733 87.964750669747971 19.660374656497083
87.340234058602931 88.073016204656867 20.175387485942494
87.579214933649055 88.093369260629132 20.683288808734243
87.8406320395368 88.029726232117568 21.177649844184007
88.077446440480912 87.861847664755317 21.652120891698203
88.339201164332223 87.649241344596916 22.097786416088962
88.626231491407211 87.427848295261256 22.526794788104564
88.923250086925933 87.138414508963507 22.900646581701704
89.221798554500552 86.762425449103972 23.191462813164982
89.496432250654323 86.336977263442748 23.431484704164294
89.744328606213983 85.905476683275765 23.681470714336079
90.004009259919115 85.482175917230592 23.935810863427221
90.307044773036722 85.067850738463022 24.158815087769987
90.636404994112453 84.648487683206923 24.324178096597045
90.964709846134141 84.211904216210883 24.439124941479822
91.286034491924568 83.764514103203027 24.537207634745414
91.582372221933596 83.297705657127366 24.614635076283687
91.815026955283685 82.790244336113304 24.644141915902935
91.999935893665736 82.261508090204302 24.63327310415254
92.149062412809016 81.724779910880187 24.591465576000473
92.260954751974111 81.182551731360292 24.522338196256094
92.337733937907018 80.637287604679983 24.430311845830747
92.392132577838865 80.087572577094264 24.350449876668449
92.430368543283308 79.531773290841841 24.311125670571922
92.426423720171499 78.975218991020455 24.271610810281466
92.390541615412758 78.422313302271874 24.201226409573806
92.381198597597745 77.873884104033451 24.099120247541254
92.383316764773937 77.3226273541041 24.017287757132877
92.381223308908488 76.766891678591151 23.961261440915568
92.384613411585548 76.210568837931973 23.915363696332079
92.377614355509422 75.65336950949451 23.933794898622956
92.314750370193067 75.101006259120055 24.061700591895129
92.243925969440483 74.605589856256856 24.310535950081807
92.239392177226421 74.224276558439286 24.722108753834235
92.290310191840874 73.894985380322893 25.181087115837208
92.369629353005848 73.623372166237331 25.664122171683559
92.453929338342576 73.466786087983181 26.197571930277377
92.513974870379073 73.458113399739176 26.758827946090737
92.56991776984637 73.586252195371614 27.304522037829098
92.653262164870668 73.790146271808879 27.819327951224121
92.751993142229836 74.053442758737589 28.302015124928534
92.837110119737062 74.370372123808991 28.75587665708262
92.892473323513528 74.7371645939091 29.173199921892827
92.928803409730236 75.131852521695947 29.565881145441114
92.965316797614562 75.512534701154948 29.971496241344518
92.973802100607372 75.888943680946326 30.385177038630847
92.931823050947429 76.306937457043276 30.756909863748291
92.868238796984159 76.790552203105705 31.032447166315354
92.790786503389469 77.307978556027379 31.235509583065983
92.694894408494719 77.830729776385397 31.405419247411789
92.548463014747043 78.353177678502462 31.53878936795666
92.376251030754318 78.878845539492801 31.627716242467066
92.262877255761524 79.423999796271175 31.642080364908857
92.175249369301142 79.97717417307328 31.601386006114836
91.99585172030865 80.504388482518806 31.543901026121478
91.728727543345002 80.995326749343263 31.507250865375269
91.418104745631439 81.459404682439327 31.492312677438363
91.114848664647383 81.925048921954428 31.459624284729284
90.811739396771301 82.392984079674676 31.422053097390727
90.488441687386043 82.846961287645456 31.369948253979338
90.172748140280476 83.285405170448968 31.235706911296557
89.876072339686715 83.715588009291437 31.034868470358152
89.548401787658449 84.129607851511992 30.850956103571239
89.174255906304893 84.505014816166067 30.676746601495239
88.758091514765084 84.83013034583783 30.492133956821597
88.319148165137662 85.11293430277216 30.284572488291801
87.87508254744705 85.359251458827316 30.040598375806894
