#spline3d 5 121 5 121
61.289281884847433 89.063119706489047 2.3134919790431354
60.781286469786885 89.030506362194103 2.832161991801907
60.455018588196985 88.853928895230581 3.3516917830180351
60.230400705513681 88.605625932637082 3.8801528320952725
60.013198098393524 88.388836028452658 4.4397045516714844
59.807861152966822 88.09343425687544 4.9593844432772354
59.65168071037764 87.600044468618151 5.3451111133953706
59.546842740107209 87.202785835249728 5.8230828553592726
59.514464122549064 86.810899555864935 6.3166359733518833
59.572337209583608 86.412262157977239 6.806071493252178
59.659638682492343 86.099686956255539 7.3501994918950828
59.848863224307266 85.845592215067654 7.8976596485075454
60.066556821084021 85.602476582572649 8.436273637250693
60.34118843171688 85.401752023170701 8.9742926150697802
60.743951676274008 85.090522617374404 9.3726870404420666
61.253187758002291 84.910865541496463 9.6974237662594938
61.801899465719778 84.846801591021887 10.014029112312523
62.334851247848739 84.639686189612476 10.292091267095813
62.911269914305009 84.5951796060086 10.547190109246239
63.47324839523047 84.56972928716408 10.839486744597354
63.968997674881592 84.422757840411464 11.213195037346646
64.479425308673541 84.207601446371243 11.511483031183454
65.037421271284373 83.951788234207967 11.688358198506286
65.534516952148593 83.608914637561966 11.866988002176708
66.047910200112568 83.269674809277845 11.999274854969043
66.600737233884473 82.983265441623118 12.136218130781556
67.149124064799878 82.674333151398045 12.123821011958151
67.698549944293219 82.361766664116217 12.086516545771387
68.217858281071599 82.009859170062086 12.035679680216674
68.728367613655593 81.655164250436769 11.921692071383459
69.249226036099969 81.320119512529047 11.80555215987304
69.77879398595077 81.000971088562522 11.681390843294842
70.337750417159526 80.729136862237354 11.568723740788979
70.871106710994866 80.410960738958963 11.463424269334341
71.382744176291965 80.042065439643181 11.40375902085094
71.904085435803012 79.699336296305319 11.327973157209433
72.48402565017507 79.457685426764485 11.228984817307641
73.026516937625985 79.164026339129279 11.099833148582331
73.523165240210375 78.877302376668709 10.809651074453528
74.084472982085572 78.581285364914393 10.767495103214516
74.629127140607224 78.28381701712469 10.654481041308168
75.201441929536628 78.034741987537956 10.549327906613497
75.746834674396055 77.717379431020277 10.545099752447243
76.277745183504962 77.372924817356008 10.543260075289639
76.817492373893216 77.049699143586238 10.584938566677067
77.313658042637925 76.690115585306543 10.746911309538007
77.807725663972519 76.324734177921826 10.888808257156823
78.292578685277789 75.969169651219772 11.082774881499311
78.807254846866329 75.72446080139261 11.363384264698194
79.271050222301895 75.426726002827692 11.670579949456794
79.716445221494197 75.160842444900595 12.030290686925047
80.126671381763828 74.95305990679195 12.469751552617751
80.474112823230058 74.757372641503139 12.954142268497463
80.792163461724613 74.607093406673755 13.486286367547855
81.001550993656167 74.425314884289534 14.0555604385947
81.034763555135441 74.271405768275898 14.674378249117717
81.175290291898449 74.133320365368746 15.271951372672756
81.300952270036802 74.019374667861541 15.881059262022902
81.418511164931076 73.971185607074702 16.499595912266134
81.563094680217802 74.017923929169683 17.114662172880642
81.653747404837446 74.087198119742851 17.734123170034227
81.696445287518742 74.161840842406875 18.359596412218963
81.780860824338305 74.234477894613349 18.980520028644893
81.898457407057194 74.245314620785948 19.601275891893064
82.002893529161796 74.162787633625896 20.222283592639442
82.142977665070632 73.965715338630716 20.805373368652354
82.245745221920203 73.748961975256165 21.390658461574414
82.395808272133934 73.481351958884431 21.941497177994947
82.598278069350087 73.161514210832237 22.45029034650954
82.853845227620354 72.759637173935701 22.870304565046997
83.140940164738055 72.257763085090701 23.163173739358037
83.398087225918403 71.690863901833239 23.246948853617837
83.628141247711326 71.085292111953692 23.26688595878187
83.763285488231972 70.481231878624982 23.147016288027739
83.858515222640079 69.953087541140391 22.779994548547862
83.918521417799468 69.359673944113439 22.572069085293041
83.849544398997267 68.764278156239413 22.349124660763511
83.580980303137366 68.197682601632565 22.222192887423883
83.277524654197805 67.648185759089117 22.148995170586502
82.86712582051787 67.181630273288292 22.023497141764466
82.454852571017653 66.709056048185147 21.946601260279305
82.07408643157315 66.206335888797497 21.983966757951368
81.623166446537027 65.757765225112024 22.014916223602224
81.224946027715021 65.304185002627875 22.193659533233106
80.854551010403 64.829305056004344 22.404538499884929
80.591397930965726 64.302875496938157 22.631020814731638
80.436665734090909 63.785540223146576 22.968894902612305
80.223891565003356 63.313083507157394 23.334126932679133
80.196126038434656 62.858937443785692 23.777247681708705
80.192615842302715 62.451583071865059 24.263355624914411
80.222609788663632 62.154165909188116 24.819991009421816
80.300575961750013 61.932552862188977 25.420047843660555
80.51330816169019 61.916029725470246 26.025124609043463
80.800559834461282 62.026302966432354 26.589754378809275
81.095849878422371 62.308687750829627 27.076180195102566
81.437280821305649 62.65240706363754 27.489208642507343
81.835883626731587 63.048960119214286 27.779837044312515
82.197763679151095 63.499103003329047 28.040229123626563
82.561983525695553 63.998136007232318 28.183922222383647
82.876340839408854 64.529437792515935 28.317282166481725
83.05430436624718 65.088338735315389 28.563141906099212
83.23257237737316 65.653041935017669 28.797577354335957
83.275358471033556 66.167628153248046 29.165083384502115
83.251431899799755 66.655527986308584 29.570085380599373
83.207200681067448 67.153606872367504 29.949895151016687
83.172442901343643 67.687997828895064 30.286309181056581
83.092574985874023 68.213161812612015 30.626723635502135
83.051385475894108 68.781258115903327 30.89929559352581
83.009571240967801 69.366798639627916 31.132729108711391
83.003671926336651 69.962604975026622 31.336397960815987
82.950963840104507 70.541987504241035 31.585217440089824
82.84549522814693 71.090838325993062 31.877365743961686
82.716609506712729 71.606533400855056 32.223561754230559
82.511511319075964 72.058621935082684 32.610995261197992
82.258048459590626 72.455426928860959 33.036157819863035
82.077672150557774 72.761792758638862 33.571216790929341
81.658413780859988 73.106940520053385 33.922676300816192
81.252877494325659 73.325072577496854 34.349923084061217
80.936990389087399 73.371088439842254 34.920579765005563
80.559732400077877 73.53305904800564 35.389855505512855
80.004384787796425 74.050143871497312 35.559710991051134
