#spline3d 5 120 5 120
59.895924962092884 90.464803568907712 2.0028216140841826
59.69150687557233 90.168427322711452 2.5421809442766623
59.658863119454438 89.988483263882472 3.1623506934032068
59.649318475073635 89.839834914754292 3.7992547585984258
59.469896275091862 89.629563822795518 4.3774773156776829
59.219933243218087 89.319521515273806 4.8976521336700189
59.09463776425887 88.889886732795759 5.3660181937632467
59.0147087396644 88.415022618807242 5.7973769058497844
59.045607965238617 87.988838230392759 6.2830917923529563
59.013138143037949 87.653943189429128 6.8346031308719546
58.972066491668954 87.354409515410794 7.403211929414705
59.08689097472228 87.054203646136983 7.9667955965524566
59.217478868841752 86.797666774324725 8.539590298914197
59.443734549664178 86.485940080723665 9.0682334784743013
59.791299488742439 86.163373213517815 9.5099350964129243
60.290383566415294 85.923083655374484 9.8532010183756391
60.801212221189807 85.756077768371057 10.21001364995327
61.327286552196867 85.686688929017663 10.574886581356916
61.896335504215244 85.652997160695321 10.879017302814814
62.487640228234014 85.6123215425404 11.132154713144727
63.005327460330243 85.452766321202816 11.498102371681661
63.520016741494736 85.195488812007014 11.794657986322518
64.04834528293118 84.829471838864194 11.90318617376094
64.560585950322206 84.449258713121793 11.993237207260718
65.080921443567846 84.09415894326213 12.122744354704194
65.654762106362639 83.813860090264896 12.218320271823753
66.203752679112696 83.478369618611254 12.266666808036716
66.755664005604785 83.14601808178557 12.231329328280131
67.327928181490009 82.871722275822108 12.106232207010768
67.873497857048662 82.565322098930025 11.958482161514217
68.38289285056328 82.203437242238664 11.794758140182243
68.922897658259913 81.868850864694323 11.690168670755684
69.512467422188053 81.602360130069897 11.645814080470997
70.059282052407497 81.291942414606652 11.512613400183035
70.586480242884548 80.957605779079813 11.350475122090922
71.162466547727774 80.673148491240099 11.280293012589636
71.706222432822187 80.351532450584358 11.151078614974715
72.24401110508137 80.071807275527533 10.926049121204166
72.811610146844515 79.811763798312867 10.776036936479963
73.367059854857303 79.487538918165001 10.710710090640756
73.900154577801018 79.154215748448806 10.550995907203173
74.444776295270159 78.824862260670841 10.471065889146571
74.9977659231091 78.495446834743461 10.541268315858918
75.574866759256011 78.191173195814542 10.495995349526224
76.094243005285577 77.828744956716577 10.56246066169469
76.532620686530905 77.39798397415835 10.801098873624811
77.007646359832236 77.011087876693878 10.992453652765573
77.48342696123774 76.676825477148654 11.267702273114452
77.977089671094376 76.388806418772518 11.570292055770759
78.461981835846871 76.135813286294976 11.910521828352408
78.891010574872084 75.919900596560936 12.344880403297854
79.291940609807668 75.777620907269821 12.830252165770281
79.662237555608669 75.694721033448005 13.353828444531329
79.953409595711932 75.625300839461147 13.924512612450998
80.144408548413381 75.487834838482527 14.529737954830878
80.274985854361802 75.285503525467632 15.126937085851614
80.337115489197984 75.13297129849326 15.750325312564144
80.473844471550322 75.041703140889283 16.37539019030438
80.562477044908277 74.96458074192067 17.00737176774723
80.561897769657861 74.927536821027985 17.653539418929569
80.643073300170514 74.973976919129626 18.29295752359976
80.81757363648002 75.028892299320347 18.912137333262471
80.873806045415222 75.096668990178912 19.552247296971888
80.942656778677659 75.028601078795873 20.190238202149025
81.126970455760429 74.938329638733308 20.806534449907538
81.372710184978132 74.883308683595928 21.400741681584105
81.617392403266095 74.658156371783903 21.952489198532714
81.867873022468061 74.404010766862996 22.505262782145447
82.20411535744951 74.015879839623906 22.899915632411247
82.475865789394334 73.462136868378053 23.137940527628281
82.693681878792887 72.862836759870788 23.280951187104602
82.886968943037687 72.252279140954414 23.206372683527352
83.045347248111142 71.63820470373885 23.06843525481619
83.102756110178419 70.999869632628617 22.958600597250335
82.97804461272132 70.376504335624915 22.827687837426463
82.81005300892356 69.820075846108608 22.528604587225068
82.544274670609695 69.260540660684029 22.34815397411742
82.124917839796154 68.778676581701461 22.222610108661321
81.704688745509145 68.310111784906056 22.093961386840434
81.315992519158613 67.794122258602698 22.035426790760251
80.971665898726684 67.25112224111723 22.099061947513459
80.644634655042367 66.714526179219547 22.244142844566781
80.290287512301873 66.205068996815442 22.414143721980956
79.994120057031907 65.664936298259718 22.608813673593527
79.76674790883709 65.124932302885554 22.884078140912955
79.59270760311172 64.632230621708885 23.262335795284407
79.476440768391086 64.13920144964716 23.667345744966156
79.425405804741771 63.701143813462544 24.133340994462007
79.373643596788384 63.35744849352016 24.685438190324298
79.424410505509044 63.057684970931433 25.25770786244993
79.636538672476362 62.905187807216606 25.861658981774124
79.932070572660876 62.893009365127469 26.442364108210572
80.295023562351659 63.062189512519886 26.959917867997458
80.68279276759678 63.346754020229845 27.396737543182375
81.105230270500755 63.725688736957522 27.711924820899448
81.47343026118854 64.174686240974765 27.991083258632088
81.822909580273034 64.655353694375435 28.2360958822109
82.218458126431671 65.122862797511345 28.440699462153358
82.566917128247553 65.602628986202575 28.705898601127895
82.727183267081244 66.113338245198506 29.087312360914655
82.736326576974065 66.611555468159551 29.497877728564596
82.749048466785325 67.095766403923264 29.92259051650564
82.737702216335265 67.623335364966479 30.289969856357125
82.725118721812422 68.18471987824141 30.606826674604292
82.740791786014853 68.742195065789971 30.927518879298159
82.693627658122196 69.317355409865499 31.213677738666615
82.668020653587121 69.909221848290031 31.470673012303855
82.626156533827057 70.457865430200314 31.802702599140503
82.559796633580603 70.98943564393285 32.162183590186395
82.470546632344806 71.527579518779234 32.503641708148265
82.351618988320425 72.03686617660145 32.879023787052034
82.199054318286784 72.517016214904686 33.282549608257064
81.998339509130474 72.972937849922872 33.691637368884294
81.710330194806033 73.373403705440552 34.10629585115079
81.37493710655832 73.723639884405216 34.544501136810325
81.035886506339963 73.907496948960528 35.061039529754048
80.69630024478883 73.966940324394713 35.615064606057366
80.339913492348771 73.945213223868123 36.149858109572307
79.970433006539139 73.86061132054283 36.666300420363257
79.588937862542252 73.740424498140101 37.156258919018455
