#spline3d 5 121 5 121
68.519511757293373 116.4920931115978 2.1890332925946687
68.499258476583393 116.38495371948483 3.1153279243135024
68.118969287583923 116.26843414887175 3.7768694131693978
67.587152901063106 116.13066675670012 4.3222059332517491
67.156605453086996 115.94404452370865 4.9289670496206366
66.850587278486827 115.73911088284343 5.6146542286258319
66.624238299326251 115.43358702110459 6.278469904230886
66.440899283578418 115.0358290360097 6.9139515602336727
66.335033356536641 114.58972240243894 7.5372342784253838
66.362993416378501 114.00638393429161 8.0463656592436905
66.459165667603557 113.41418406988754 8.5272444285381575
66.668703504233022 112.80716155705549 8.9557108373530667
66.975350079428765 112.22976024227401 9.3578066835290574
67.309364651139148 111.73987201324894 9.8563188269888329
67.652232172879408 111.20753271471386 10.285382301065745
68.157815418030779 110.6290369694497 10.486704605976307
68.766973135001493 110.19658187401855 10.629557292241392
69.377757717181211 109.73098905973842 10.737081846243949
70.02305452715035 109.3237241449786 10.785627560246883
70.769131052356357 109.09952146760907 10.772436056599284
71.464488961411817 108.7834967876199 10.840478850047818
72.159922225077537 108.45613452777202 10.782279898209621
72.823346484347823 108.085883943403 10.677131991047414
73.514172303815343 107.75830240124205 10.599663477991388
74.168917914771939 107.36719785893787 10.52634952266863
74.797861651171416 106.94882716484615 10.370069723212771
75.491746127689652 106.61961182738651 10.315206984102208
76.143948513096845 106.21252009577596 10.325027298371969
76.774769984279757 105.77414773607983 10.310454780737498
77.43650010346208 105.38447391849945 10.287131232174286
78.151127498880285 105.10371122256423 10.194691329738884
78.804185036532616 104.6988738965795 10.211723874474103
79.44519788234075 104.27474243093941 10.225315294362115
80.086619204526528 103.85653830131518 10.208796036828719
80.738595379087855 103.44943920108616 10.16707267118262
81.323041077974082 102.94509602233994 10.188001990012516
81.920401820381102 102.49512968460583 10.379245782525937
82.542896274909552 102.0954375087429 10.585853139901372
83.170589046914714 101.70753924226953 10.796481728848008
83.687694786075326 101.18177085493778 11.034747278438431
84.278662461215148 100.8038750991619 11.351375165242654
84.837736219587285 100.45086429560989 11.747419589900771
85.351487837386841 100.1087994437941 12.204969741102742
85.760168503391327 99.70157049069806 12.716927379416752
86.126262781976209 99.34592315425958 13.289962802379002
86.455963527901346 98.927645609823642 13.841558865415617
86.746787660238368 98.512530301706136 14.42352099405794
86.909754357406797 98.064167403691826 15.02659543329853
86.98822134974688 97.590766139584844 15.629273270935631
87.020930512278866 97.147200812213825 16.252806225980859
87.034658149108267 96.75671951446428 16.916743874139684
87.033329131935247 96.436001231951764 17.616043868596826
86.979900105440365 96.223843545649316 18.354087945005606
86.87123324927542 95.957949312014819 19.066142988096228
86.655139171723505 95.754702425619698 19.782412222892308
86.662276072600591 95.578968664744608 20.535324111809466
86.819084791569466 95.40264848331698 21.274232147899646
87.004258414102736 95.139502871092546 21.96911061344121
87.275129343624059 94.853156326352604 22.629693933717
87.57159815355547 94.595971868279761 23.291803084292415
87.938036780202125 94.313625676221093 23.900943086906079
88.302256687701174 94.052197512238919 24.529798378057002
88.735770440449372 93.740097020694975 25.082185105852901
89.24440433412552 93.331650360130837 25.501077243391091
89.746710984432127 92.915167479217644 25.89154299718474
90.289140993786432 92.451814241764083 26.244365336879373
90.73827967482903 91.799767591237625 26.173770720122636
91.194577910393178 91.22270895088495 25.894214481339095
91.493824331652235 90.717531124094279 25.405790054530804
91.735056250999264 90.276328444477159 24.793213437567211
91.736902743208418 89.761980356009005 24.231390250289632
91.575036686168758 89.304157384407787 23.610885263335664
91.292448625591121 88.894068948325412 23.034469028903487
90.862350981749771 88.388966697850265 22.617951448127663
90.506863713590619 87.92592204482132 22.125458724404723
90.157772009943727 87.39468651907363 21.690827278128857
89.794454942435948 86.818049600259116 21.331233671519236
89.335113860044473 86.288016097131418 21.020997571911636
88.859224525609633 85.760364359856013 20.719450228912169
88.419843214026116 85.130312467420296 20.596889342348078
87.891997349427299 84.559890230959525 20.697725485005385
87.575311987139457 83.876529068132612 20.85003064385009
87.280379545416821 83.177502266613658 21.003639206235263
87.037078654311273 82.510930153755623 21.297069096756093
86.93536032936251 81.813590691929804 21.617726508370787
86.816097556044255 81.166405118662752 22.005301389389498
86.766218211217392 80.547487617207295 22.476525454219512
86.830240415259169 80.036514667208309 23.046444833764955
86.945681780284474 79.657072350512919 23.723160274968286
87.03366525327769 79.464316845591824 24.472732551260972
87.213147170467138 79.572989839619979 25.232970738467372
87.598564639949899 79.690587427369877 25.8870271334135
88.026863233428827 79.803490592158099 26.535348287560947
88.627566420287394 80.129199803119761 26.919427559597178
89.215189679630669 80.543616337764107 27.214327135685181
89.625739458044023 81.165212622578736 27.419555501532514
90.07754684432021 81.771247334204986 27.597273926714891
90.313006870888657 82.483726056887718 27.804781157027438
90.295519327901317 83.245473379875861 27.990894471720587
90.240968299328046 83.922066167373828 28.35708743434461
90.28844186629847 84.52712730427136 28.835937964401833
90.254376458829782 85.147988274407552 29.284208653192355
90.126177148567663 85.699419879641312 29.808007158166351
90.032965885419131 86.188286987105954 30.393662584683877
89.837062891042763 86.693887155037231 30.938755451170231
89.749584686298675 87.130219514676995 31.575742138348765
89.471284636429729 87.483728108856468 32.202321028287344
89.038823551266447 87.896129910347668 32.706805516790382
88.678967248232382 88.162758265224156 33.323249413422268
88.276501259820932 88.341805924508364 33.970007408311247
87.752752731768908 88.330211082940878 34.551948954930296
87.289049687474716 88.030681202921613 35.102534036906064
86.868973366349195 87.693456610008212 35.647261755071909
86.43810293248562 87.316795023166108 36.156007855186068
86.051415321680508 86.851156816091887 36.64103142072215
85.581485666865873 86.358359363112911 36.994048456225798
85.069805882151527 85.857864134754422 37.282892616846034
84.656285522633283 85.275261624236038 37.572141778883008
84.376300515637453 84.609553211403735 37.850974317008912
84.203247367094065 83.920143065059648 38.147631968832016
84.114882715379736 83.256515466066503 38.480432332578403
