#spline3d 5 120 5 120
118.06673569806296 78.560826336460835 2.8805217843881437
118.20911879402689 78.215166447765057 3.2650222645410683
118.29076138938096 77.91598822548913 3.6877735037642343
118.33616037037197 77.642499759687155 4.132056875430167
118.3703064610857 77.373992341683518 4.5811843372761683
118.41083131308361 77.091078278898223 5.0198568592622497
118.42733545266721 76.799615444518665 5.4536238411210851
118.40118370262164 76.505753775273448 5.8884677394761642
118.33032116829486 76.195509906162584 6.3094685191081004
118.19569405631918 75.855508446714055 6.6842520121053512
117.9958165242608 75.491938408518138 7.0040045971325187
117.78576100916777 75.11516251962216 7.3046049557460053
117.58935030092427 74.732444838342815 7.6060955035127868
117.33686546268994 74.361594309411942 7.8746713268364656
117.00942365756536 74.012380631287158 8.0916210148758516
116.64282346858855 73.677752856382568 8.2673468493603313
116.26588802949482 73.349984978413318 8.4259895161006018
115.87548209417047 73.039957402284656 8.5853521203010477
115.45626151895641 72.768801006155797 8.7428346060982669
115.02110238906128 72.522182274934735 8.9024739875034307
114.58673079112624 72.271646948859043 9.0546292301100166
114.13569859346262 72.029480128017838 9.1610262810592911
113.66829680552244 71.79877747008932 9.2227624855806223
113.19996447911889 71.564302909119959 9.2518186967024896
112.73613789147126 71.321496472856794 9.2603090687340863
112.27577706933081 71.072292403235039 9.2750482957729421
111.81169609235057 70.831653674646788 9.3053989521860387
111.34314081291677 70.600708638344756 9.3458361864570296
110.87670169044857 70.365003456525201 9.387190147224949
110.4067774926277 70.136343258255437 9.4184896605969683
109.92258669287706 69.938408155440058 9.4359217148819763
109.43540259719741 69.747100531555958 9.4596519317547791
108.95981848989499 69.531974002361594 9.5047074677745229
108.49053328192757 69.306199731829281 9.5640219534607489
108.00931679407688 69.108606411945516 9.6215828567816697
107.51654677035275 68.93975948441684 9.6820499739889527
107.02637210961615 68.77492987682777 9.767518271825498
106.54489261242469 68.60827918266304 9.8891933576337117
106.06645292771606 68.449223913250563 10.032373802778718
105.58491383788858 68.307480191553807 10.182673223021293
105.10630077070212 68.17335326462819 10.347688749042153
104.64145577517516 68.026746329498224 10.53925154374007
104.18555590458286 67.88484416532485 10.755577753906621
103.73703749866218 67.762844943325547 10.999710849374841
103.305613091626 67.663854662698697 11.281222038996312
102.90275668212134 67.603152478568802 11.612069916353342
102.53204485168807 67.560756593211892 11.981546424287938
102.20408212554651 67.507027002217512 12.38768701662273
101.91568248141174 67.45934831321496 12.823330085845186
101.66879176673575 67.469789606410245 13.285264257750264
101.45504238621282 67.525351189259666 13.764418683367552
101.28798273161446 67.584115690457551 14.258395911832915
101.20456849389143 67.622638132026864 14.773687437283463
101.17221870349086 67.646449361652031 15.297747972297907
101.14526043062926 67.670678397316792 15.82063542134726
101.09313272536795 67.721114979251823 16.338968363398294
101.035526413485 67.81060755042985 16.852161237105062
100.9979832522247 67.9383155270706 17.358612491583504
100.95902268316105 68.081586013447463 17.861243713042086
100.90506556774575 68.21632436490961 18.366052902382794
100.85621985386777 68.312642093800974 18.879391949830591
100.85100493587002 68.352175702207703 19.400011560418985
100.85486351990588 68.366369388819479 19.924225085870631
100.80748867810136 68.373078516986723 20.450087633980122
100.72105480764924 68.317485774605686 20.968087316991763
100.64333215555394 68.125532098498184 21.446696914038998
100.58112117834425 67.835392725314719 21.88750895480776
100.53027956334996 67.506118897969316 22.303117103346466
100.49692648479171 67.119929329139822 22.650260191505264
100.4809644498015 66.647711578538278 22.876952616065648
100.456178868781 66.142163663759135 23.035665098245332
100.40787857055265 65.642259066688453 23.186426899678018
100.33380892436145 65.146643026303451 23.333285877685114
100.25170434522829 64.638932705223965 23.429897026944211
100.16597328275336 64.126416555724703 23.503975814435481
100.07495067856475 63.618699353021405 23.596509012001142
100.00457403274937 63.111017652318935 23.706533667990112
99.970295373887893 62.595296729752405 23.791879664589882
99.948803756689585 62.072827732736791 23.830025990239896
99.922020452158051 61.552237609787127 23.871344295733728
99.885771645578103 61.039437863549139 23.973081780916385
99.830989616585583 60.529411800840577 24.084640740032473
99.756085689530565 60.025848619365753 24.204774025771556
99.684052211827336 59.526911401270155 24.342842820282549
99.62929958526334 59.019753816880971 24.466493294747874
99.522187910777632 58.526050212897992 24.60819662652834
99.327745742976091 58.080754880765888 24.821622445011464
99.062835695050495 57.717061320890274 25.109251982398032
98.730072217686086 57.500892358154928 25.451573389663878
98.367035108628215 57.417530801236154 25.831897776307599
98.059876488988962 57.429355397127054 26.259313480803641
97.855636116187995 57.491862171733345 26.741537457104315
97.711107504508391 57.604226368371535 27.23666963481546
97.590559579361653 57.819998874284998 27.698475217515913
97.483132883260183 58.111660860672892 28.123827116073493
97.383289336442047 58.437911283540132 28.523136187049484
97.298331910085622 58.781674786493703 28.908772589273525
97.254923842282636 59.128499950143095 29.299535585967462
97.282923044475552 59.453967057234095 29.71187365179998
97.391997466516173 59.759501831476186 30.126183011052241
97.592291347981828 60.066400687291846 30.503339263480502
97.847111840982649 60.378809227219477 30.843566049526572
98.155927877742712 60.656729075272573 31.160355896908271
98.525342903108211 60.879466630100893 31.460302453001884
98.930536530311969 61.072762843605858 31.736814745274494
99.374463848340611 61.21647599687973 31.975468092039247
99.850794539956581 61.286530464997114 32.188559940300621
100.33825704190485 61.272437593029714 32.390652021237145
100.82232045631838 61.174068630205802 32.570951576542697
101.29087475639831 60.998575079213225 32.72802430231517
101.7396429277613 60.782704841351844 32.894502891345596
102.16738351731755 60.558182011907029 33.095621993235277
102.573695071524 60.31957698560884 33.323342661322286
102.9843072967025 60.085489321688897 33.555541966544176
103.38156262808297 59.834436340044668 33.78564540318412
103.71448857011923 59.511071353189585 34.020879432156086
103.99331863148984 59.135769147077752 34.268781520154832
104.24240408211713 58.765444381358776 34.548896368047849
104.47606178864933 58.446385878525263 34.881638946759907
104.71019717596977 58.226712231624617 35.287350678634766
