#spline3d 5 120 5 120
125.96104592000958 108.95623098579463 2.0416380436375103
126.22160131748599 108.53349705830391 2.3966962011290662
126.51348518354807 108.12020346418967 2.7762905131714848
126.82612906266068 107.71436660494425 3.1788549754066939
127.14896442197376 107.3140031386767 3.602824197298534
127.47142317741576 106.91712751497529 4.0466274490143643
127.78294376845385 106.52172697237339 4.5086254510351562
128.07302348031607 106.12566775478476 4.9868654226454998
128.33131562112115 105.72659445436291 5.4787984817065913
128.54786094815742 105.32180469746832 5.9808303638281242
128.71344672790303 104.90825767867517 6.4880108452890024
128.82019900428685 104.48278291124046 6.9938915137190616
128.86199735113294 104.0424215292781 7.4907943023769077
128.83519084129 103.58495431455518 7.9700725391945744
128.7388267029975 103.10952545403157 8.4228029954981967
128.5744657800802 102.61732711530766 8.8406304333236179
128.34541818335876 102.11181923825391 9.216392850851518
128.05612710451308 101.59907018438182 9.5447916167113274
127.71137061454898 101.08732142984739 9.8226048329823925
127.31591002920328 100.58602042743436 10.048578906762963
126.87448556367096 100.10460268341843 10.222984879776385
126.39200385537502 99.651200277818077 10.347410279953314
125.8737662313812 99.231493988082278 10.424414549620529
125.32550860932963 98.848030179324951 10.457391339780253
124.75320211173509 98.500353206927798 10.450480099147361
124.16273008987001 98.185035559929645 10.408687411811963
123.55944647523636 97.8964187836132 10.337961732692088
122.94780240295759 97.627473892796843 10.245297509951772
122.33121211403328 97.370747863978252 10.138685159770143
121.71189411941337 97.11930503491493 10.027116736620849
121.09100052972987 96.86773997517983 9.9203290938461741
120.46892837025237 96.612948166810298 9.8284562301131189
119.84578696322627 96.354269320788163 9.7616841306231255
119.22192095361123 96.093607518550144 9.7299460579084691
118.59850034824997 95.834849735908918 9.742632474584827
117.97795717740271 95.58309807763213 9.8082266586946805
117.36408539081613 95.34389048165805 9.933954443275562
116.76212968119586 95.122545628617758 10.125159250755107
116.17850263553609 94.923561014384049 10.384809742819126
115.62040117205972 94.750163184009111 10.713186415515374
115.09539571288325 94.60407704501597 11.108029544462571
114.61108067091489 94.485149366215978 11.564578890154674
114.17469428218237 94.391215413785446 12.076123644878141
113.79274219927723 94.318120877001022 12.634592027609864
113.47066725353332 94.260071011770933 13.23114875337818
113.21233382374069 94.210044343092036 13.856667921815934
113.01960840515989 94.160701429857326 14.502263503150632
112.89207277649216 94.105443392636317 15.159775364422037
112.82703451497903 94.039285833276892 15.822161262546897
112.81944380844517 93.959720071262055 16.484001142002391
112.86222271211113 93.866963937165949 17.141822099503166
112.94675324461545 93.763555006978251 17.794220604380506
113.06348910997831 93.653457453718616 18.44169244524829
113.20255257534359 93.540926565065234 19.086421210304518
113.35444268374673 93.428915484807419 19.73157624961787
113.5105159080682 93.317661654464203 20.380384215618687
113.66312880562943 93.203864148927124 21.035180943922928
113.80560304928463 93.080036098461207 21.696300647732325
113.93187835175328 92.935004294367346 22.361068525754423
114.03615071536221 92.755298097829765 23.023124538959735
114.11262598738948 92.527018233748123 23.672243066053124
114.15546413086324 92.238063981772001 24.294178875898083
114.15911929630664 91.880554444528912 24.871380568519889
114.11916396048831 91.452463741523786 25.384250726171299
114.0333375064033 90.958300026092104 25.812636436810497
113.90293188572274 90.409379195320867 26.137603779504847
113.73381058286343 89.822425480161314 26.343469142999862
113.53663194920134 89.217282490541336 26.419532606873563
113.32631195104868 88.61437703820404 26.361342519469968
113.12110227312473 88.032014810696367 26.172096751029869
112.94066333221768 87.483786543769881 25.863019471690695
112.80402793833862 86.977151809216423 25.452586510230102
112.72786322198559 86.512879049363036 24.965236537702118
112.72475931423621 86.084953705660283 24.429715206196128
112.80198990426219 85.681950160922625 23.876436742802145
112.96092284668597 85.289066417422461 23.335040849463443
113.19655265068999 84.890157008405978 22.832330617610449
113.49707156612473 84.4698657579154 22.390406336521643
113.84421045389659 84.015715099703797 22.025509041371869
114.2144100063509 83.519476716813656 21.747917608252386
114.58022211611735 82.978289152528021 21.562106954821214
114.91233336411709 82.395438717657868 21.46739170585596
115.1824109402725 81.780442900073581 21.459265982002709
115.36573614179493 81.148109537109363 21.531038663655398
115.44379912318549 80.517540577081405 21.675074971377168
115.40644313448325 79.910439203453407 21.88378030503479
115.25291913566058 79.348766115613174 22.149980094146404
114.99091810380817 78.852707280828071 22.466784963306392
114.63564301555955 78.438776225494465 22.827330262324072
114.20755970160475 78.118531711151078 23.224531711952661
113.72967622198539 77.898012217890326 23.651066929223926
113.22505548545635 77.778465788359028 24.099548106206569
112.71476909452674 77.756845867910613 24.562763511644945
112.21630143677902 77.82704778719895 25.033943510279091
111.74264375922384 77.981211314746858 25.506992197752709
111.30260914771205 78.210813157570598 25.976602063254493
110.90107408189826 78.507315634069187 26.438520971066801
110.54015586922901 78.862531652778856 26.889765876935925
110.22060648491185 79.268682436293886 27.328717264774721
109.94305303997321 79.718351080620835 27.754799098247169
109.70890773880348 80.204529564482399 28.168051244867378
109.52088764220021 80.720680675297771 28.568339669261068
109.38300511838975 81.260789028335125 28.954602304488414
109.30010805299125 81.81922722305093 29.324659390509705
109.27735421163156 82.390518856407198 29.675361798489707
109.31943085792625 82.968875035653909 30.003481708488899
109.4297045488812 83.547669137862599 30.307094550573694
109.60974758078996 84.119237521370351 30.586550155343534
109.85868679803043 84.674752146298076 30.845517439347596
110.17295512761628 85.204571877791579 31.091143867041382
110.54616161771594 85.698892484052422 31.333532746688402
110.96952592219347 86.148330052872325 31.584607794586159
111.43206346977738 86.54441136218864 31.857282027618719
111.92126840789803 86.879718045980241 32.164564512509678
112.42371404151505 87.147719316460822 32.519163368706899
112.9255579204346 87.342408519777692 32.933464480743233
113.41279287963141 87.458056196430633 33.419614997067889
113.87139080679395 87.488992759684521 33.989690304187725
114.28732185539022 87.429553182732789 34.655760524030349
114.64655645477706 87.27407192405893 35.42989626790478
