#spline3d 5 120 5 120
63.672855231245997 85.170456120111879 0.26682409076215119
64.188345532431029 84.85591694298148 0.31420421967902018
64.694113458178165 84.533025125090475 0.34125146652118382
65.191369330776311 84.202960464631843 0.35126019398148489
65.681323509075725 83.866902928330504 0.34752501955349713
66.165185883808022 83.526030503444048 0.33333758473250763
66.644158675330502 83.18149478761238 0.31195112551710052
67.119414935869997 82.834351410747331 0.28647516672147871
67.592068164853586 82.48545352294731 0.25969540328662172
68.063149758664991 82.135348191518446 0.23386068031089571
68.533606262919164 81.784222482835432 0.21051584640516147
69.004314688871872 81.43193522810455 0.19047033338451594
69.476100682633572 81.078150549976584 0.17397914127532738
69.949728517081397 80.722555952004669 0.16117078389805548
70.425825354216045 80.365117773577893 0.15267647228136247
70.904721075199006 80.006322426916185 0.15032482269592953
71.386215183634505 79.647357640000109 0.15771327232771426
71.869308365686962 79.290191249567343 0.18047583571904705
72.351950595974387 78.937508440900004 0.22613334539250679
72.830879308939529 78.592498408896972 0.30349542048266442
73.301626939858593 78.258526169559843 0.42167676907963303
73.758755522161152 77.938754983871675 0.5888810756159929
74.196327191565047 77.635810896590328 0.811202217550827
74.608545530397762 77.351553645912119 1.0916961295226639
74.990430345144759 77.086985127058895 1.4299635744479697
75.338379919894251 76.842281560434941 1.8222996152404918
75.650515334685068 76.616909105886549 2.262342872011498
75.926756651080368 76.409784905052263 2.7420614037603324
76.168664715049275 76.219443351185745 3.2528273620114678
76.379101248941325 76.044184961807005 3.7863910577930362
76.561790741534793 75.882204290198445 4.3356137982268654
76.720879826886119 75.731720017207309 4.8948923265518998
76.860596644162342 75.591119847504672 5.4602641514850498
76.985065333207828 75.459110841426636 6.0292313164958955
77.09825374110271 75.334857603847666 6.600390967976324
77.203979383382816 75.218098346485647 7.1729878507781244
77.305896684102009 75.109239186905768 7.7465000911269888
77.407411950884878 75.009419237775163 8.320347155184356
77.511512862833058 74.920514951503165 8.8937694058266352
77.620540511927473 74.845042667043458 9.46588682809654
77.735954591262612 74.785927697457439 10.035909670609245
77.858182696338389 74.74613610130514 10.603429622695993
77.986601855230688 74.72818932156153 11.168722170325795
78.11974101448628 74.733588020560433 11.732957499739438
78.255675575569271 74.762173215807266 12.298226979627559
78.392533625124187 74.81147879611747 12.867312530652152
78.529003949721897 74.876202006526839 13.443159405620262
78.66473218144003 74.947943691629845 14.028065292347824
78.800534212298004 75.015368236781697 14.622655691628644
78.938399027799093 75.06486474151319 15.224784543515044
79.08125743289223 75.081663125024235 15.828567467608877
79.232483874036248 75.051258720349438 16.42380417111351
79.395141030863726 74.9609212094377 16.996051176318396
79.571065604819111 74.80107020342777 17.527460147635356
79.759993341812304 74.566336976679807 17.998427731592507
79.959000572433254 74.256207075124337 18.389838959517849
80.162490844023566 73.875168812026601 18.685604325403613
80.362795478357711 73.432234629279591 18.874914018813591
80.551209783402371 72.939849464591191 18.953841979716021
80.719159343381037 72.412298510790734 18.925914379600407
80.859176495199648 71.863893138866956 18.801632288166878
80.965447672803123 71.307295064721146 18.597156207895857
81.033888987219655 70.752279467736585 18.332456890065838
81.061891888696081 70.205120447757523 18.029299252519316
81.047967618564428 69.668623028655091 17.709370306191744
80.991500093884355 69.142663563526142 17.392813497159462
80.89270137667944 68.625033158177288 17.097289944110081
80.752764257139546 68.112385198646379 16.837532106451388
80.574130956295022 67.601140510407461 16.625263222727636
80.360815202381843 67.088266354277948 16.469293685786692
80.11869352466671 66.571849636015301 16.375756007192894
79.855761445215407 66.051465066195334 16.348395936977571
79.582203304535369 65.528355174340049 16.388964001932106
79.310170087407471 65.005504034776393 16.497627892021193
79.053198453766214 64.487672946420574 16.673318451359346
78.825267049333007 63.98141142878054 16.913931836208668
78.639580873357005 63.495011814442918 17.216357941015549
78.507238591982542 63.038344514929427 17.576362584652983
78.436008677433477 62.622490601546168 17.988396088881686
78.42945736797121 62.259132373653657 18.445415505936623
78.486639290980335 61.959711350078962 18.938826857656245
78.602388897512867 61.734461492281469 19.458616743332097
78.768134169745494 61.591420269156238 19.993712049634258
78.973152699331877 61.53560808822867 20.532585229657812
79.205976014431442 61.568457485207624 21.06401521792133
79.455758335472495 61.687616420064018 21.577914266235329
79.713391628363127 61.887100114208636 22.066099973907239
79.972237602124665 62.157819397079535 22.522892105073176
80.228351192627017 62.488442297356031 22.945432985032205
80.48020883580223 62.86644702831493 23.333780821853033
80.727927793177471 63.27926553670995 23.690746407735205
80.972203986769117 63.71529222259722 24.021555165174831
81.213241855282249 64.164635337463224 24.333321273807048
81.449969883664664 64.619575936648928 24.63429814413524
81.679738196932789 65.074750938162211 24.932893874118587
81.898487016378752 65.527147399731334 25.236559189556797
82.101264695896731 65.975902327148731 25.550770828707552
82.28286306238779 66.421945136884148 25.878361271369556
82.438382786115014 66.867489431096502 26.219353980665009
82.563603103630328 67.315383152613165 26.57137775846758
82.65515099184681 67.76836302375574 26.930533689079599
82.710535348963973 68.228271376841263 27.292553637501648
82.728143346545593 68.695354656401719 27.653950220115455
82.707216777537781 69.167785475587365 28.012889434807512
82.647786268605302 69.641483268187685 28.369619518926051
82.550546671845495 70.110259882806361 28.726408162865145
82.416714010639737 70.566257259793574 29.087045311982433
82.247933783835038 71.000581417304289 29.456073966895293
82.046281261061097 71.404013205025763 29.83794933198369
81.814342061500028 71.76765410074573 30.236327922591144
81.555339783092506 72.083406266458397 30.653610334269739
81.273259367268494 72.344219421272228 31.090797347041438
80.972899003290721 72.544093855904407 31.54761037318622
80.659791811112811 72.677882874639991 32.022772004344226
80.340011872584611 72.740997629877015 32.514336755614082
80.019949378029963 72.729137421098017 33.019988058356816
79.70613536242179 72.638117400979951 33.537253160776004
79.405141591291411 72.463784284561171 34.063619059552074
79.123543508281728 72.201987478742097 34.596569692311647
78.8679162189908 71.848576156400924 35.133589258244932
