#spline3d 5 121 5 121
128.36732266287825 107.49829936236475 4.4202990992548266
128.54744880807073 107.31258932861061 5.019674645773387
128.72052305128102 107.17152924663188 5.642791186190844
128.87566847860992 107.09662552934894 6.2831970328753304
129.00616154142094 107.10584123357422 6.9350174175953585
129.0859431944555 107.20740820125165 7.5857505371955014
129.06234813179918 107.29307468402341 8.2438226121212228
129.10022982089794 107.2619588681123 8.9070749368554178
129.20395167731232 107.12334743439055 9.5553148867919493
129.15333348976515 106.81160263337972 10.141157962794754
129.10058965847074 106.48473324888739 10.716374097414878
129.0304084904007 106.16715247071535 11.29115454223373
128.87207492776054 105.84604052156834 11.850908924453035
128.63768961350266 105.54188902169358 12.389615975266697
128.35746717201587 105.22123496549831 12.900286691442009
128.04182953654353 104.83811397132908 13.340277581859711
127.70657374235748 104.36537354045289 13.668110310874907
127.34882549812286 103.90380473144167 13.976954646969775
126.967101422498 103.43742725875377 14.248932928430296
126.56823041978885 102.93878607170176 14.452720955933353
126.05645482226927 102.52718792530499 14.534094227753254
125.55552075766214 102.09643559872625 14.587587405821038
125.07057738110898 101.64937341188217 14.623762399800626
124.46597352754934 101.3598157932157 14.58798779674234
123.88941340593165 101.05400100583482 14.483020187498514
123.32115477373456 100.73342470848119 14.376915918591859
122.74747999429461 100.40297018296617 14.342642979387998
122.18650544493282 100.05492572603029 14.304648863486578
121.64255245040513 99.686976753465359 14.223884636109618
121.08273224903142 99.33744648271967 14.167388013148182
120.51319878856839 98.998889012104769 14.178281689168335
119.97810466156818 98.613385288389921 14.233517008433571
119.43726578592063 98.238203948272101 14.296179436168783
118.87631065418431 97.892884076291509 14.375463224510328
118.33343893727567 97.556620928960228 14.550602033791851
117.81654369774807 97.206101421482884 14.774025446130921
117.32084445966332 96.855406716314718 15.03667749687739
116.86232118183592 96.494040112790643 15.348549401878948
116.42084640118637 96.090214895814583 15.633320427284515
115.96886504184168 95.677977064882938 15.882002656372332
115.57824397838489 95.206600045803 16.145686878197306
115.16624676315027 94.812284356212984 16.480955200862422
114.77121906292351 94.502999211877778 16.918676418496318
114.39330129279988 94.191218715548132 17.365322541127906
114.08639549589063 93.902239577020509 17.874955199417265
113.79893375569118 93.607337876677647 18.39209643791547
113.4679474814087 93.300096980488632 18.878804017650857
113.22001679728285 92.970507027594849 19.397443870053909
113.08514961113934 92.605865339519468 19.937644936251687
112.9680539094217 92.284389317493194 20.502343270874359
112.85969626457296 91.990664244224334 21.085953675291421
112.78670775976715 91.670295600249219 21.660673476569233
112.74304271388006 91.336843030894471 22.229794284328182
112.61238236453062 91.037362262996794 22.806682087744473
112.53081691919567 90.762032124805515 23.407353469509776
112.58239260788785 90.378464466018329 23.947002448535954
112.68048098545729 90.020258255467681 24.496736190374886
112.76419459892266 89.697551361796073 25.064502831656295
112.80983112111025 89.353224676782844 25.633932991768727
112.9724088578765 88.999999221650242 26.175106913644605
113.30702499345954 88.628939025094184 26.617502005396599
113.63125652072945 88.293327859474786 27.082918253683307
113.89246606473867 87.834967187922089 27.507122669257033
114.10281551986377 87.235653517824829 27.742730342216902
114.29834831193411 86.592597518260504 27.725604695166481
114.51848932768006 85.971174109784457 27.706293480899102
114.71046188244888 85.337985350117265 27.712200525234095
114.86625322940202 84.697002320901817 27.769651234725682
115.03046140939001 84.057814390729746 27.825314617739718
115.1337526311942 83.401433560202051 27.778497801794277
115.08327387248548 82.736262988691763 27.764123416697458
114.94878054868857 82.090982203748425 27.700057165111762
114.73297263624617 81.461773438393536 27.651220285296738
114.53076337265891 80.851582269555792 27.51132959314133
114.39118329684815 80.248956468190002 27.261041129997995
114.16197853272961 79.638835711084454 27.115857093165506
113.7947435413719 79.083088993486598 27.047274146371784
113.36238252064406 78.580049587551486 27.106998735761049
112.92915737420262 78.109164599822265 27.306165768454772
112.51048866756986 77.722663496149636 27.643279982830297
112.10670883462518 77.388967485931673 28.052854719289329
111.69749295422562 77.114455048108312 28.494531156682683
111.25683888546179 76.903657838316136 28.944312484042594
110.77011583434081 76.81049322115787 29.391268101051356
110.21800811957593 76.803833942930922 29.759755425122297
109.65311868844749 76.900141015509845 30.100701319986825
109.17552516500577 77.134607151759198 30.502474906708052
108.68659453724858 77.430805524646146 30.82776457804566
108.17412875516749 77.754788735532472 31.124035044282376
107.79631020287381 78.181696539360146 31.458310780415466
107.63584688571194 78.716290415262549 31.84665394858046
107.54004804429428 79.25510760520261 32.220448679746156
107.57777969047243 79.766953646288243 32.634317079688735
107.59545906683766 80.264326914907102 33.077900830871393
107.66518234923821 80.71087396376997 33.555901264360195
107.76416657997511 81.168291423011794 34.025971609962482
107.85479965782676 81.664570653901777 34.466120280766852
108.07377063280904 81.954233143438387 35.026824234778971
108.27889939554854 82.22042674766918 35.601012164815479
108.50698997134239 82.477497693095572 36.161741347079172
108.77170039441658 82.708070913393314 36.72467575972005
108.98135878262642 82.994533695881586 37.283402927750011
109.19064692816661 83.30509388723199 37.82931418025084
109.46016876501675 83.579010767529454 38.36962280013671
109.81110432677269 83.805157109758312 38.886831680270177
110.14640784463457 84.08389050468503 39.381158382849172
110.41862173851587 84.444506596097312 39.872351786817184
110.79187567269027 84.726939805814709 40.345374167275104
111.26317361551882 84.909038845308203 40.777806386644123
111.72167333861621 85.029156052248837 41.241233440479327
112.20363243845281 85.084664693147602 41.697941253308997
112.74329094015312 84.979477028588065 42.074961385698934
113.30727892883252 84.877631976556373 42.409163147060788
113.92275358205741 84.828555670882523 42.653260501082208
114.56287523813498 84.755116478838332 42.811971493957131
115.21345733224267 84.694824650368119 42.91589311692023
115.8606667544623 84.595559921668283 43.024697573004623
116.46329865462732 84.33853569907366 43.157352734006999
117.01330794411511 83.965834354339435 43.229374024669724
117.53055804582362 83.559549738558331 43.243273602337439
118.03269208179336 83.200514747578609 43.188246731962636
