#spline3d 5 120 5 120
124.09209004823801 87.167714611181523 2.4490357119285071
124.08849406162842 86.847960019244894 3.0893158981355548
124.00714842827567 86.711427921408529 3.7429770758467207
123.89904550998214 86.652270316195981 4.4026389258492378
123.84019009362036 86.545911060256117 5.0598129590226009
123.7679908151581 86.369891908009734 5.7094088559235638
123.59859508286291 86.093830523587073 6.298993919448546
123.49713580872219 85.693976290255108 6.8323814481846625
123.33783626110097 85.374275659916151 7.3984795211042611
123.13466271689668 85.102403091972036 7.9794494484974132
122.89924845195392 84.821892086767704 8.5401663063943154
122.57766540295638 84.513421385684978 9.045060933391543
122.21888366199813 84.171169255728998 9.4976716980939422
121.84524824259759 83.787584742974047 9.8986585428934344
121.46725135796846 83.376513937456636 10.278258304308912
121.03782083629574 82.934209517435164 10.540598633416787
120.58554300625777 82.468303275087067 10.719315119607886
120.16906836074236 81.966785144152411 10.870625550615529
119.71074160066244 81.496633126278496 11.003595698255561
119.23999385795892 81.036177555859567 11.128925607570139
118.76881466392636 80.572203794622581 11.241106967353662
118.28800970284833 80.106291496379299 11.274056611241468
117.81610599023495 79.632536258392136 11.311585139857414
117.35480630522606 79.151508320102266 11.384376045285016
116.8698583682081 78.692439186488912 11.442383473825689
116.35456732499668 78.264973411334338 11.468530682204673
115.84333251183543 77.830887270268775 11.48153787219748
115.33802625354699 77.393121170765156 11.440921988312994
114.81678407612864 76.97761977034672 11.369144258219604
114.24400057101931 76.624377610652004 11.332324476146765
113.70280332032513 76.237123609108707 11.393306807276614
113.17892683385747 75.826911396621455 11.485850048508492
112.62589110282828 75.449804069184353 11.542352221849844
112.03174020031797 75.157852008619997 11.650162895963156
111.42672676995419 74.896588179575915 11.782203211749767
110.83648112281328 74.642678034880689 11.969026835831224
110.22570146477511 74.461480159509946 12.182979163212096
109.60219400896921 74.337976378417693 12.399961602183767
108.99434279437098 74.287368921217848 12.681067807783082
108.42243184354902 74.220221091289758 13.025565116060019
107.87228100256075 74.122069943338275 13.396200413581223
107.34569158928255 74.088903110317872 13.810383636482602
106.85370344881547 74.086510851369979 14.267297061422955
106.40130191157752 74.103596937423163 14.762750042372074
105.97709286279587 74.206814649295168 15.272983546384939
105.61347566462082 74.326446961785351 15.824723118396962
105.31031923862004 74.386124313330157 16.422366420387259
105.03004902146822 74.342844029983581 17.032973256880815
104.81872033358167 74.322501370553141 17.668011486588536
104.64887816104185 74.431568109362999 18.311980654011695
104.53568731115996 74.508811389152271 18.967047354900853
104.46421014951055 74.561718990456114 19.631925693333539
104.39111262270588 74.580151088785811 20.299488572816546
104.34691569050361 74.48532359653548 20.962886637222432
104.29285410009801 74.382493547262925 21.623047622534301
104.21157800588753 74.341408036258642 22.286319039058935
104.07937653530082 74.271443756316458 22.942475677887462
104.00756633092314 74.157447686066959 23.600143889818678
104.06423460693686 73.925216605601108 24.232070894183419
104.09575114900017 73.633188668168088 24.835845627447476
104.08328656148818 73.322683527515295 25.427166198022711
104.06477980349152 72.976878434308901 26.006701453687729
104.14986910525363 72.585771965147842 26.54286183924247
104.29993862930473 72.150663447155281 27.033759505235349
104.44321187216239 71.659991253487433 27.47988194633729
104.52834020642433 71.052693947836701 27.752591477006245
104.65584324304052 70.414271721497059 27.931292816539564
104.85165840563039 69.784114078684738 28.055582768692634
105.00886103930181 69.129610472580097 28.061536577071337
105.28088977754088 68.513941189481045 28.034918937588088
105.60408352779687 67.933301505098569 27.942488770222063
105.9200045288364 67.369827601896048 27.748699210732919
106.2992282835863 66.856282275073454 27.544784627593366
106.7733006876373 66.408727077267372 27.377528347020004
107.18410818655802 65.927726814047574 27.15225400707045
107.52026122423297 65.405800038746008 26.896097270623148
107.8355251866887 64.871387291383556 26.644895193628937
108.18496290994183 64.347458700817 26.417512897833593
108.49115357604482 63.773612874680381 26.234403471796149
108.71322966377575 63.134666800781375 26.175478511715973
108.86220550200737 62.486331943506372 26.268795061095805
108.9996902265724 61.847573694026238 26.432541865787844
109.07243586304108 61.215565862179993 26.657982432703932
108.98760415488506 60.648890435048294 27.034252359182126
108.79105051063745 60.171977919303174 27.468862043220632
108.46667439390949 59.80683099741438 27.943054938917907
108.00114972467101 59.515021161261224 28.344485698377085
107.439064148312 59.432816541127288 28.715132860731085
106.91451717356048 59.579477223013569 29.141300464864262
106.37887527845616 59.834611707516515 29.448900456592241
105.87941699345762 60.245636807209621 29.643381740349653
105.34540134163473 60.486365151859118 29.986524513295453
104.85064227555581 60.864543470709187 30.228093760086256
104.38302241604279 61.324548075298402 30.40088783455958
103.93528820623811 61.780597972573737 30.588581155971347
103.51128772937032 62.271720513400574 30.768422137315721
103.10846070844283 62.805589039105747 30.827133901654303
102.75609009708535 63.383547630230595 30.822874536941647
102.52052301227009 64.008051339381808 30.864900559667525
102.28483556393356 64.632216481285056 30.937905796023582
102.00449770287405 65.236392702345185 31.018071334066079
101.90253753591742 65.890411362063986 31.17789239660755
101.95285067265452 66.538039744699546 31.367900126909412
102.11682945716149 67.172327199337644 31.507905167847486
102.23923199545554 67.826985730399628 31.591520329741829
102.41066973024081 68.45763728219589 31.743974899150565
102.65895868900947 69.055706538418193 31.937582766648031
102.97991424036171 69.585863119134842 32.182992765946857
103.3766957561828 70.089862648490424 32.418821325120078
103.78700670924279 70.487637997221469 32.762364793907622
104.15743280634683 70.7419300422047 33.282223478909017
104.57344844006393 70.925830933350994 33.774152412320866
105.03482860129419 70.983675259131417 34.259325741371853
105.52162766877781 70.993688342983859 34.721910960599956
105.97978071756174 70.99328489459262 35.210142025252502
106.36497145610224 70.997562163394903 35.762337849114118
106.67796479681026 70.981376269520226 36.356782617508749
106.96733681848981 70.886896740304564 36.953872902620674
107.27043199818942 70.656188054937843 37.519861852476581
107.62621491832988 70.234426335425042 38.02074167364276
