#spline3d 5 121 5 121
121.51905878647499 82.693365642629431 2.1822819367391064
121.04409586107872 82.310542189941174 2.1486008251212021
120.54959466672078 81.977828457217242 2.2456359607681922
120.044696154517 81.666960501435597 2.3912653046612764
119.53872173129903 81.348502251172732 2.4993990016408163
119.03999169470924 81.001610726432801 2.5139269447557577
118.53869695047538 80.656708734737222 2.5072493443822945
118.02469022888408 80.334190036218899 2.5184768888482729
117.52489369465722 79.98894768578073 2.5203870246276643
117.02483869435204 79.645145431710716 2.5164978651494114
116.48925466195421 79.358092975127477 2.5279489442997822
115.96346130578179 79.053973093136264 2.5255724641749828
115.43948077844318 78.747216390106814 2.4985941528280322
114.91332584438038 78.450077688629975 2.4381689719615318
114.40875042914318 78.12512995116407 2.3414021211676284
113.91782346297623 77.770541315338093 2.2859794899402117
113.42358487779707 77.415854571845657 2.290621944521952
112.91270490742609 77.089066442909257 2.3258527232062476
112.38232082672782 76.794064281768229 2.3452747993345922
111.85741384424892 76.48909502992376 2.3775538746448621
111.33783827560995 76.188310061857607 2.4693699987310747
110.81615667487586 75.902751861059144 2.5968135928357698
110.30683679495766 75.601783419745715 2.7303551574398015
109.79032293201224 75.304018466166113 2.8495216764378637
109.2507590079269 75.037660076550083 2.9475888843471165
108.69634643816507 74.865605674357084 3.1274333717037375
108.16249889673024 74.700074053723114 3.3726293134124621
107.69613647983991 74.460684035694868 3.6824864432256974
107.26546104664234 74.216948595568013 4.0384895987553211
106.84453963762881 74.015693830497369 4.4277545798573579
106.44332470796655 73.868717768371482 4.8605836957944097
106.06780682926436 73.757981164124686 5.3272612728891238
105.72284719342476 73.680419124869999 5.8232166933336442
105.44407409802713 73.648828804799194 6.3628038398989348
105.22725647344407 73.649112127134316 6.9319492489809722
105.04931948376759 73.670875495882314 7.513969402053057
104.91939615493928 73.735045807233121 8.1050484609528741
104.85587323166276 73.859104411106813 8.6969783419195981
104.83934008551732 73.997683248191223 9.2896716908161174
104.87067388903408 74.121170823511548 9.8853543203926399
104.9779934109914 74.267556768745209 10.463996747469666
105.1258254798019 74.423314377874547 11.033000408721797
105.24851211845659 74.558166357807963 11.612271732848956
105.38111349100046 74.725608264387631 12.180937084633829
105.48301467849686 74.918989199688454 12.748126500549091
105.49718631248157 75.108403202007395 13.326923808057776
105.4948952482945 75.325470476651589 13.89318296727895
105.5212234603524 75.591249766056094 14.439917705080804
105.52179409258031 75.843273734918142 14.999072638248276
105.39832309301433 75.998007780926628 15.572722663608275
105.18938041075201 76.083526983598318 16.141887607401387
104.98549738290812 76.164585904501237 16.711257918079252
104.76096348450666 76.134622536259357 17.276743860783004
104.50504177142696 75.937975855089419 17.800824468691179
104.22225799458634 75.6404117621708 18.256338264755879
103.92810602868616 75.291796208028757 18.659692762353991
103.72494042461784 74.854884889809298 19.031572341415959
103.58309475760856 74.361125441859826 19.363232400345129
103.48954684932086 73.816990215322079 19.616107447140362
103.41255245346458 73.255371450579318 19.843023188637126
103.36766441941153 72.67543370854618 20.008017079628353
103.41247185080304 72.083648241085271 20.152748332502547
103.45522833621976 71.489500690083716 20.276375348431781
103.51189331751782 70.886821443158937 20.299639245392815
103.54002217116793 70.279471554537537 20.319011378326707
103.62699649583807 69.678520636162915 20.345701175791991
103.74036792201632 69.080497701860551 20.313773701610071
103.80157757186053 68.490736302430719 20.172632505001825
103.90564992954499 67.918542524841627 19.99613815091227
104.03304762482608 67.346407908009439 19.836941884596293
104.15979720681081 66.769980635323975 19.69267562430317
104.32441077807056 66.209275262572518 19.528625391669841
104.48313065122383 65.648280180931565 19.358326779734934
104.63439692462885 65.077339007247787 19.212192725422366
104.83510486213962 64.52966568961368 19.045422343025351
105.0742914420764 64.004269331302751 18.855300435124867
105.32755133543253 63.465357570991088 18.725007538251926
105.58089136055914 62.911882617330157 18.681589348806863
105.80816549498327 62.349533408702655 18.754758243677255
105.98635386688322 61.788115372371209 18.916688662071742
106.13101142587884 61.244643548955011 19.151713530863745
106.2851282404486 60.750596639923486 19.474694193456632
106.41898868384068 60.302041550110204 19.868089157283773
106.41561517460208 59.867882605385837 20.294041921841664
106.31800865013138 59.472096193738466 20.755296724596747
106.14547120908345 59.191292955954204 21.275588715658291
105.85457485586547 59.049583001684333 21.800376493459332
105.46108911973882 59.054329753154256 22.27295829959931
105.03850418832586 59.156211445455931 22.703431262385898
104.61081096466981 59.352554150734001 23.092054939842921
104.19331887284673 59.649273990736262 23.424900805496279
103.79499295594474 60.025692954514248 23.692206837031414
103.41444393591246 60.445230370149751 23.915998665698357
103.05087719163974 60.891009707026512 24.109203803088
102.69974527540357 61.360433751598208 24.264909955728125
102.33999298367479 61.821933674925468 24.439281620562234
102.02696229705612 62.301789701118651 24.639242163960226
101.82791337845971 62.837439765722493 24.848436253150105
101.60244676116274 63.374979588912467 25.029275287037482
101.38000944728543 63.920522978122612 25.181596660413405
101.31196112162777 64.513143440587143 25.306367746909917
101.26067313334607 65.100763264154168 25.463157822360916
101.20999623772629 65.653228357110578 25.712657747337275
101.22190437386961 66.191647058405024 25.996212715768603
101.26438409056578 66.712695489567963 26.307051279928395
101.33684092547603 67.218054045930472 26.636221290364666
101.46170041303297 67.71597625354525 26.960347713554558
101.61152215610379 68.197712470154812 27.302041970058209
101.7892209377768 68.656276324056805 27.661117147714606
102.07379755493902 69.106136586851321 27.952267174490053
102.35113944306219 69.589151184841711 28.197973955907791
102.59149771747629 70.084205028052054 28.456583580939792
102.86574630621702 70.524949669672111 28.778047864736834
103.12705993021291 70.901338062675279 29.179240540662086
103.39200099077792 71.217858955531725 29.625845456763351
103.6986962684381 71.497091262216856 30.071608548083439
104.02786815362279 71.721234227052292 30.532770250212835
104.41038341219357 71.865377017558657 30.983516084827794
104.8058559565558 71.952929032566857 31.438767171732287
105.10361722509327 72.029235749920602 31.964307015713125
105.20073298107559 72.13657228594775 32.620475303520266
