#spline3d 5 120 5 120
121.19049195736649 92.721263730117826 3.0059535143465408
121.72707749297749 92.462138473831118 3.3968972135376676
122.17896881268345 92.165135326485441 3.8097241741024161
122.54662185042172 91.835886455381782 4.2390955819332934
122.83049190831426 91.480024042196135 4.6796724059756327
123.03104132079361 91.103180066961698 5.1261180182451822
123.14881903593896 90.710981552621163 5.573126346713277
123.18469390270796 90.309032703362988 6.0154997433228701
123.14024825073777 89.902868996235682 6.4482750653272216
123.01822690100117 89.497858603879564 6.8668644283950009
122.8228604323121 89.099036913932437 7.267149769589464
122.55991904517158 88.71088956710625 7.6454879191574658
122.23645474265707 88.337135129278593 7.9986208457000227
121.86032544402504 87.980551425168287 8.3235374719543795
121.43962778273669 87.642894974894304 8.6173659580208959
120.98217182383817 87.324934270379572 8.8773800400400855
120.49508334606196 87.026592890580062 9.1011598872540489
119.98455987070362 86.747168914684892 9.2868921890439466
119.45577124189698 86.485582694847906 9.4337468914103102
118.91287956482273 86.240592824734321 9.5422485325028923
118.35915073234419 86.01092584570145 9.6145218785625968
117.79710018784859 85.79530712013333 9.6543306686663666
117.22864540730077 85.592427286892288 9.6668518797818095
116.65522558955664 85.400912463743424 9.6582482353358206
116.07788273939585 85.219354780289891 9.6351345191175302
115.49731387980371 85.046409689101736 9.6040784886093036
114.91392599057913 84.880916233229144 9.5712344243781242
114.32791773868284 84.721996197486092 9.5421356367566297
113.73939513818326 84.56912633372977 9.5216200966429927
113.14851416664806 84.422184729942217 9.5138663615691286
112.55564152319604 84.281445226497723 9.5225398126336867
111.96152076093385 84.147484715176304 9.5510272708741493
111.36742435452574 84.020990076500979 9.6026913467566875
110.77526503841244 83.902486867004413 9.6810565166515445
110.18763852288774 83.792042863386541 9.7898507338656913
109.60777976931311 83.689006459279682 9.9328629604263892
109.03943572985695 83.591820961340161 10.113630456064019
108.4866811216974 83.497944422690594 10.335028766306902
107.95371626904011 83.403925173645433 10.598870135511072
107.44468888494741 83.305689638616215 10.905616310970979
106.96358398800457 83.19903806348448 11.254285903431223
106.51421571174697 83.080239318287369 11.642593307875778
106.10030696990577 82.946556880976274 12.067260182301446
105.72558175368225 82.796537833782764 12.524381459857267
105.39378213111426 82.630046192819989 13.009708062452127
105.10855626530135 82.448036665512845 13.518808134095398
104.87322064232673 82.252186467518044 14.047113240133688
104.69044545893664 82.044497678770355 14.589920490250046
104.56193266735616 81.826972542037069 15.142427319863174
104.48815008137144 81.601395202999598 15.699845682871477
104.46814920732768 81.369205538962916 16.257600029107493
104.49947973954606 81.131441673644147 16.811587028577907
104.5781969752223 80.888734232874128 17.358457453279705
104.69895872706827 80.641345884868969 17.895871353123354
104.85522224844297 80.389232107260668 18.422662573704297
105.03956897985971 80.13206083760717 18.938840710822017
105.24417746748357 79.869148206977329 19.445375845842818
105.46142915060162 79.59932581009032 19.943770004209437
105.68457277630834 79.320821642990765 20.435490548708977
105.90832321281545 79.031249092747458 20.921382536629547
106.12923985658635 78.727733279796922 21.401172707849561
106.3457572100134 78.407130376734301 21.873139978823289
106.55783011820243 78.066276368604079 22.333990152868651
106.7662620195527 77.702219188357034 22.778941784151815
106.97186249540879 77.312400127148933 23.202011127267358
107.17461163272502 76.894769200407268 23.596465249171192
107.37299448596647 76.447867274972282 23.955451512439307
107.56363898989106 75.970944090852768 24.272805691072673
107.74133725004951 75.464164596644366 24.54400343683395
107.89943562435822 74.928906062522756 24.767159433097316
108.03048315782972 74.368070671434168 24.9438811167356
108.12695969635743 73.786319390262065 25.079791490655708
108.18192761059133 73.190143575836203 25.184550492512731
108.18954140426939 72.587727071574619 25.271250206377765
108.14541332674382 71.988601158503968 25.355174109069015
108.04683870122874 71.403117583584901 25.452015887881004
107.89282344960081 70.841803248512988 25.57582843924498
107.6838589904835 70.314680654960824 25.737076434619944
107.42150434368321 69.830658619957788 25.941227979012275
107.10797881145764 69.397070709430608 26.188125365461474
106.74593211763995 69.019438227170724 26.47229474219618
106.33845791415064 68.701552472725879 26.784166372365732
105.8893117989096 68.445784680595651 27.111700714884204
105.4032287429706 68.253626457937898 27.44228500499392
104.88624101674448 68.126272092689362 27.764451869279039
104.34593057257001 68.065041247457827 28.069176138496562
103.79155199636102 68.071500508086416 28.350625970321161
103.23397671680023 68.147257513147309 28.606394779182327
102.68540833266265 68.29349336616994 28.837291077544172
102.15883617953335 68.51033933278751 29.04678326491808
101.66724844164079 68.796235275827257 29.240233618851324
101.22268802926041 69.147430995517908 29.424057742918666
100.83527758869968 69.557754642995661 29.60493320247113
100.51238478392085 70.018744985912605 29.789138599169078
100.25805176597193 70.52014025349294 29.982060706592819
100.07279619453907 71.050657142226996 30.18788023408424
99.953843709330016 71.598936828782698 30.4094375287163
99.895729372767804 72.154500986278236 30.648260581460864
99.891169046924347 72.708567312770384 30.904739490359606
99.931978466059419 73.254610722219851 31.178370659072208
100.0098635823794 73.78860573453683 31.468003752689395
100.11699148439345 74.308904098379827 31.772084060287753
100.24635022851913 74.815745314184738 32.088940544542901
100.39193730015961 75.310424060805005 32.417168473452101
100.54883400913961 75.794226595083572 32.756085963112987
100.71322827739299 76.267317949546822 33.106162685244584
100.88239243478358 76.727817104389118 33.469255752552812
101.05458282644355 77.171293566079939 33.848505207434755
101.22883509548991 77.590805783102823 34.247848682761308
101.40468537076609 77.977424963699846 34.671266370776905
101.58188632044023 78.321039791412574 35.122003191080381
101.76017815486321 78.611163308530266 35.602008647291562
101.93914510578531 78.837548084090045 36.111721420500487
102.11815881646181 78.990534661498714 36.65018995839386
102.2963933096419 79.061118100831621 37.215416620208757
102.47288289814226 79.040808136356546 37.804772928618988
102.64659132477688 78.921400783936051 38.415347913922339
102.8164615644767 78.694787295917379 39.044152732266909
102.98143486972701 78.352868209553534 39.688192246454854
103.14045265313564 77.887543160978879 40.344471898421752
