#spline3d 5 120 5 120
66.269481977230598 88.868903366071521 1.4202099320483264
66.070900172294557 88.646286032722216 1.8618105533888212
65.900215868344162 88.515448238915781 2.3540823981581269
65.75833074675154 88.419580526175835 2.8736489502298985
65.647353559370572 88.302069601460133 3.3977492734802164
65.559052081297096 88.106616263298662 3.898797185615086
65.473697079011089 87.809476971322198 4.3506361145162114
65.410704548533815 87.453811931226667 4.7627189756519552
65.396862633552288 87.087493430203196 5.1654418386234777
65.432614352830015 86.745119726148587 5.5877440542019885
65.513679429625682 86.408497727810612 6.0089031305212792
65.658239828995505 86.046061518031721 6.3915287641853222
65.868417563124552 85.699314519968397 6.75843942882583
66.14297124510847 85.393964894933518 7.1182830810961528
66.444726661458603 85.090256596443069 7.4555851565792928
66.720362321766572 84.727403143315598 7.7513672337492245
66.968004419920121 84.320701155215048 8.0221967756467034
67.232333861360772 83.921674416286621 8.2829768525518421
67.550228359879583 83.556515577648085 8.5309762406529064
67.90228314410048 83.213869108773693 8.7706814509652791
68.272130458417195 82.875518720971442 8.9857429152795785
68.673255022016491 82.550157837618727 9.1585802754467913
69.110498067704569 82.263710576235439 9.3141750514672399
69.562321347562261 82.003139778520477 9.4740210634312252
70.006630349735033 81.726432116040158 9.6229054979100521
70.438588253400852 81.423385048007887 9.7584907767659956
70.859604826234104 81.108834387912182 9.9031914896309683
71.270173935298402 80.785693158778585 10.058085579266223
71.695124221651938 80.477227168086145 10.200352175685396
72.138589109082034 80.195541136119189 10.343560131203221
72.580409189503271 79.918011071895236 10.50130010218051
73.013024703328313 79.628514584962346 10.662630662217097
73.427306264704129 79.31987940238092 10.834462842262925
73.825116393921363 79.002581198119131 11.02978615821349
74.227157705812104 78.700337793085183 11.239455106064758
74.641676358915845 78.422175273825985 11.457227322761408
75.060753266412618 78.163425432407735 11.691231676051016
75.463791269203227 77.910034610560245 11.95816844456732
75.84003934148565 77.667807091001563 12.268641767406537
76.188601883096865 77.448895867234583 12.625961096342532
76.526362987189799 77.242707319842211 13.003681194287083
76.863342851793305 77.071805516066448 13.395689796715601
77.195891885220874 76.968375185089613 13.813538853070181
77.507436172670992 76.902154240561686 14.257575883254706
77.776434388198126 76.830354669092088 14.726777911289822
77.996023026435623 76.735984917585895 15.217848418869199
78.157483849663052 76.627876104695119 15.728298288343051
78.254200344292258 76.52320625923187 16.254753055752772
78.314063324969183 76.417058812097494 16.786434634501891
78.399387961152001 76.2778105141563 17.305366652305008
78.51880952432964 76.102543248447489 17.809385854857286
78.617102360283766 75.893680770310354 18.303504358436165
78.653799906891535 75.649380815066664 18.788721139654463
78.650818694590328 75.38233430605753 19.265274129750399
78.665543887086073 75.123768333576422 19.743404579938264
78.725007081822383 74.889320836583749 20.231585003711821
78.797323532070536 74.628756101218741 20.704201583815603
78.874415967592199 74.342265403422545 21.161684822150111
78.950985101636263 74.074636329912494 21.630437105889769
78.994053543031313 73.838177254809196 22.120066640932148
78.98726168462791 73.583217537709302 22.60138644273469
78.981745844397835 73.260452017850525 23.039850021299163
78.995955045068499 72.9149809696939 23.463076561162584
79.000770580237543 72.581329879145216 23.893365607051464
78.96712886655817 72.252904216878406 24.325860753951638
78.920603480747403 71.911718106179848 24.749248577042639
78.907340776684819 71.535374872128159 25.145734597106006
78.899551530883144 71.11138660112573 25.490415646417283
78.832205309426399 70.649205122750317 25.770731209129224
78.707253025357815 70.171928910219378 26.007701257083767
78.589620288920472 69.693363362925325 26.23933767356575
78.513421700373129 69.213175055988188 26.484486545881555
78.44404219519177 68.730753683469899 26.729740717735634
78.346602511276217 68.242286366545301 26.948588300748892
78.221684235327899 67.742909007054095 27.129831020609565
78.11076674698856 67.229240562366257 27.280673730820542
78.036320223363603 66.699627279392587 27.381554492341198
77.974912797658078 66.158476812486057 27.416443948204822
77.882649404236375 65.621826827604991 27.434311796228293
77.755536938717384 65.093446656013043 27.458665980336587
77.621147849783384 64.564973439229746 27.489634365787214
77.519084478902926 64.028067279781368 27.531545146158063
77.52516171077248 63.488612884568703 27.621547704449089
77.654575834019951 62.977711724289925 27.801534128210214
77.848853209898635 62.554779621473713 28.10288684671993
78.066565094343119 62.264486266019695 28.515990917256172
78.29979532982415 62.10309568436989 28.99068933937777
78.57255927889311 62.043326785665457 29.465911343772515
78.878395990395305 62.095236928677238 29.919193353224447
79.175112071682136 62.282225423210285 30.336925159027938
79.461210784390488 62.56334661232966 30.711006503544279
79.761065242901552 62.88895424341527 31.031996932977268
80.079268349613073 63.239784335224968 31.303537047288323
80.370010965525722 63.639851907402345 31.52840813394954
80.618128985054383 64.082024780573221 31.730852882389545
80.870807519567521 64.521742490239959 31.934153989868751
81.113174691044932 64.956399018236326 32.153417626756507
81.300714786158878 65.40625775323511 32.393809700101954
81.450271298208207 65.87834503937934 32.625319366172796
81.582931741578847 66.359763102485118 32.845537864814823
81.682613575771811 66.819841908560718 33.117243887782571
81.754675729508051 67.251669637693169 33.444538830520067
81.829987988003808 67.649409522628957 33.81139525735864
81.931474924178573 67.999344387464973 34.220114499316161
82.00554435588694 68.302030341457865 34.669054169752087
81.985630677017298 68.539057625033578 35.158811714018917
81.94239650812041 68.705886347728025 35.679420010332656
81.889657737927735 68.834190494925878 36.208388204640443
81.756431114563583 68.957506008053883 36.720880704028048
81.52181412289076 69.066697560416159 37.207697043350763
81.216499476804216 69.112081887252018 37.658607310724825
80.849774212754312 69.110784502843103 38.06340373309795
80.456966458073182 69.102617901074268 38.442298794969112
80.071188668725057 69.053333154274341 38.820584525679159
79.700705014773078 68.935781522157981 39.20654099924505
79.317691638709633 68.767205389045813 39.560320079116011
78.895737397779229 68.54750789518711 39.825461480043586
78.44015726477565 68.29795295516432 40.006526867172724
77.96659160161326 68.045333654502457 40.131419520425439
77.489614446008375 67.815964476566933 40.225618955291566
