#spline3d 5 121 5 121
62.361027025496604 86.954978565998232 4.8578644126431447
62.60470165725696 86.387173338560146 5.1530971775201495
62.855646629326444 85.910025010347567 5.5787558100190306
63.130531677805841 85.476387483206565 6.0531127284576947
63.434206851405349 85.024977642195722 6.4897624554025848
63.851070942391395 84.570775308287068 6.8170794839315718
64.326043283695711 84.13602012949552 7.0920353601787927
64.84144694966875 83.703442505384174 7.2680840603357399
65.393143866741525 83.284613991070543 7.3570084436192529
65.946110727345271 82.864495122715482 7.3803376890116095
66.572368683266404 82.548973360093882 7.428773988274326
67.130992085856334 82.14598601157725 7.3303373770241791
67.684436989693552 81.781358038790614 7.0929624093806032
68.330531158270901 81.542764168745066 6.9752726346756564
68.959741740731815 81.241919815197392 6.9520968239469791
69.572142736756831 80.926553490606281 6.8547128588699513
70.197793006966222 80.660061185300023 6.7087635140781492
70.837811568492583 80.415285136821538 6.5901446892342879
71.476713122158046 80.137238882217844 6.5552663595107807
72.085925296072702 79.801595960618371 6.5833183312815367
72.698733960380835 79.477175610646199 6.5480665687900981
73.316357908545584 79.164971045606023 6.473505073734354
73.919559922000772 78.823258496390068 6.4195565769785041
74.526464941490417 78.483985069518511 6.4049261939123507
75.147555302471545 78.174252730085215 6.4541064160663089
75.747907818071099 77.832160040703812 6.5183325709076243
76.3368627600629 77.453966569816615 6.5500182891107288
76.868670273832151 77.028468238178021 6.6825602926716217
77.405764084436484 76.657121452903795 6.9325008702933406
77.989874254236597 76.349127694751374 7.1502520810272898
78.563521666465022 76.051596245665934 7.4108110694720111
79.100866782055476 75.766259061290569 7.7513691310705877
79.562404993070714 75.482363427679346 8.1963198778136022
79.972322079436552 75.246808902621225 8.7063032656369934
80.372967634126809 75.087719033853546 9.2531595738799037
80.769823843417612 74.882890188492368 9.7861479247779197
81.12290256233112 74.722311625622623 10.361318968786168
81.460490848839569 74.589978981539971 10.955945516150273
81.764128613871634 74.402475582715454 11.554501014861236
82.033715047793066 74.291382985744931 12.18520689582385
82.319631585816481 74.261605203325843 12.822003377938753
82.545806447680278 74.197261919782065 13.475129893011445
82.710722703331996 74.111004957486941 14.146538108194454
82.964674427674339 74.03038689036326 14.790045467412797
83.212572691695414 74.004573204599225 15.438324082797866
83.443181091094189 74.018230302856892 16.094986503267467
83.690593210064264 73.968827020261713 16.742844311964692
83.9492309783884 73.896535739366499 17.385171629305699
84.246474117026338 73.904624377979147 18.013006816392227
84.567550690911403 73.912125662982035 18.632382301942599
84.93962855187192 73.872724884471097 19.218632396184308
85.382527537425375 73.773326113839644 19.748938388125882
85.798393589826404 73.624578555177024 20.285018954334451
86.234925080870568 73.455703927683032 20.800388068901668
86.664700836121384 73.228395472158994 21.295723377748388
87.02619025568174 72.893795902121539 21.800117951290769
87.354602876228952 72.424429534371257 22.197077011153596
87.64145835240808 71.887206296391042 22.538826976308169
87.878565034826579 71.297065859162316 22.826664737498621
88.09469876846596 70.637020116606735 22.961245925188859
88.141040761257202 69.938992960126043 22.928011288906326
88.076240590577385 69.23078943146038 22.819606634207307
88.147661288424189 68.64399505199323 22.429371873099218
88.091635219708451 68.17379966277781 21.911236417701708
87.708501740164579 67.749814135682996 21.472701465216275
87.44292007724124 67.517822833236721 20.86013661962922
87.048904429149005 67.472195962893593 20.280604958595184
86.569562440060196 67.49241052315503 19.771584958399853
86.136083097064585 67.526540458621554 19.231934758606027
85.668491492727412 67.530443273105334 18.715096047906012
85.13272422941013 67.518855026136123 18.268429004785293
84.571870912929811 67.567371457451401 17.863632177924355
84.033011414820578 67.645125544767552 17.423163692020779
83.397469761141878 67.6622706744769 17.118381474568142
82.702409402791289 67.59238823621078 17.025168927977525
82.017200030729072 67.467013489079847 16.98438723374489
81.359872627539033 67.233822376993899 16.966565071135598
80.769076190246537 66.849083828211107 17.01440378674998
80.256893217396296 66.390251012898091 17.147863593654836
79.854154845462972 65.895349441298052 17.436276981166568
79.447500798240398 65.439813805523642 17.761743111069944
79.064826824488449 64.954540630808367 18.110182522722539
78.914539385958378 64.376408931893693 18.473938597928896
78.918682477835745 63.828161616134558 18.902014822372532
78.88321803189983 63.23445393161736 19.30507461667996
79.19124077261705 62.72780073004725 19.701037769372551
79.684553327529642 62.520675036910148 20.194816737641485
80.158585507979851 62.427666557505056 20.698339601432895
80.659172458119215 62.472193545967286 21.176177289701492
81.191774206099794 62.660003385107871 21.597575255755487
81.700703306807895 62.9098207268189 21.998050333705756
82.234295754350029 63.225376420892651 22.315297663798585
82.797147050870862 63.544883124458153 22.580184764779126
83.304528404254853 63.966386016147062 22.792983965722357
83.735503214026664 64.471601167820722 23.045396891163453
83.973350778803166 65.018654731836477 23.417246020907854
84.007159436120276 65.624769827211111 23.776676350219084
84.115383379658624 66.156359817289271 24.205681439054935
84.233303455753543 66.686761063618476 24.643101244548699
84.241923021291768 67.277832356896781 25.021802745072304
84.161925609932581 67.891323173798696 25.332783631539602
84.110842409769489 68.520130201177878 25.64104288581844
83.957274563665536 69.081203899093495 26.017772799211013
83.68041155318366 69.564548981202975 26.444437363849914
83.496657569253941 70.049687630659704 26.906162068970172
83.27801793877407 70.571665864261064 27.312859499517685
83.060182722399546 71.126850072222211 27.672638419621936
82.752321959667128 71.676339261164571 27.967795985068761
82.437666563286285 72.206659153171145 28.290220072266351
82.177664164656818 72.7329987576896 28.666036636938482
81.851325369379552 73.242102723239483 29.007509346065014
81.464821231621187 73.7353565569437 29.308812385858069
81.102154641725321 74.212018584891922 29.669984371455762
80.672003783413601 74.58333229510491 30.083383857615598
80.230211803101298 74.745211513962602 30.614798557331092
79.790383239024806 74.757227719253677 31.160678463848839
79.315824909730182 74.571896790886129 31.642265198331188
78.926998936403308 74.345988607491023 32.176809655908805
78.580049677550249 74.075285617248269 32.714864673777555
78.207740091948409 73.6575585695212 33.146360627212005
77.745511500872908 73.005412308046971 33.36944477779889
