#spline3d 5 120 5 120
67.298365923156922 114.79178371889489 3.1995475651717098
67.165685670565068 114.60549227559321 3.8122352883204349
66.999984552602925 114.41556067185749 4.4096335493996071
66.805423030147921 114.21487646372738 4.9919983570698641
66.570962592983236 113.99676267787835 5.5545309322199046
66.382886179037854 113.75530003132077 6.1255941299602474
66.29647809369061 113.44136286012153 6.6907687187103493
66.209064381943364 113.01041183199236 7.1693113746387969
66.100608625606597 112.53988945779355 7.6008993807854761
66.019528371465825 112.05982629618295 8.0240958141828536
65.978261372631991 111.58513270338941 8.4621376539890569
65.934912487715764 111.12059964344323 8.912220019979209
66.009647508633051 110.64068952715581 9.3430725527021572
66.115187158730549 110.10332045264376 9.6908768653777138
66.2292289611852 109.53418173683261 9.9782585841588229
66.427216916211236 109.00599101880276 10.296453653880512
66.676932581900942 108.48279770279012 10.583599534885963
66.972921507694025 107.94585298083425 10.812899455078185
67.286989360955445 107.39044297489198 10.890912638246679
67.600028523397086 106.82946505103803 10.983365371232384
67.95255673952849 106.29003605516084 11.055467619849473
68.452854725523807 105.8708137925769 11.078460876791786
68.995879808755319 105.53057051787665 11.194059886601609
69.523928680515922 105.17232535870696 11.28355425285698
70.076168714798385 104.83705203486082 11.326342647706593
70.666324602101199 104.56889922085455 11.373981158535006
71.238399421691781 104.27594822624063 11.296538063119936
71.832105671886552 104.04084460586706 11.185830852973142
72.422781762581408 103.82323045498778 11.041504522472509
73.00614884573811 103.60532188669042 10.866743222426974
73.585729176707787 103.38664375017298 10.682231465540937
74.144095950544042 103.11304891069334 10.498907385940353
74.726327795255159 102.85179630081073 10.393219511689846
75.332805298775952 102.63475066958011 10.320268807791006
75.897861766893257 102.35020118602048 10.187008715022341
76.468574838882304 102.0682520966748 10.070150542712115
77.055262219561968 101.80119322505841 10.012873509009305
77.634687309271868 101.51191425478491 10.002872195383091
78.187238395905567 101.18161729714008 9.9549541321649926
78.739615458299568 100.84999765164952 9.883842203644349
79.332343687895076 100.58983337518004 9.8384930709060612
79.957323245401767 100.4240353509517 9.7943557004958262
80.589333427869434 100.28243860783584 9.7833268710296277
81.195361856265379 100.05548422787408 9.7922451191386273
81.780942914928929 99.780293095773402 9.7149024925224943
82.429546340530464 99.703241610423461 9.6923431950864849
83.044932547288354 99.501783585924372 9.7091374564028943
83.630077225538471 99.235447948568591 9.8179343323190924
84.194100831850747 99.006397886261382 10.04828815502033
84.670886696277861 98.656041536980609 10.318344424179633
85.116281077839375 98.33554560322581 10.660629472422828
85.537555329644647 98.07811077116007 11.08640633653742
85.878405895282654 97.809598706614054 11.567495695403835
86.163383371115074 97.571175426986485 12.098009736005752
86.50638153801593 97.348964938592815 12.595281349254309
86.879417588445534 97.099977227460869 13.076853368669282
87.126003906964129 96.703675258727557 13.529007008216043
87.222595851151496 96.200010463587475 13.936255415243046
87.330307011823948 95.725415545443525 14.361259088693702
87.338205222392446 95.267675768863342 14.818113363838185
87.313001736567273 94.809421723735483 15.276146300868206
87.277713522039235 94.356043884266398 15.732759779257059
87.265846599260257 93.921150103740175 16.21330617994159
87.234377512546047 93.490054958981574 16.697244238208274
87.024913038881166 93.097852452856742 17.174061197045539
86.825082930193275 92.66695930163479 17.612598190880959
86.637447947342295 92.206644859895221 18.025572486820639
86.419283100068725 91.775635328097096 18.455207102559999
86.193450878802011 91.328763532930068 18.866875553316433
86.008319773518863 90.827359718588866 19.231446981857943
85.856324905869798 90.293710780294958 19.56045195514168
85.673287293715646 89.751148066032783 19.882967454801303
85.677591924227784 89.144345389616134 20.110639889525132
85.720875331287544 88.50068872457301 20.220698133258992
85.67039923089267 87.855385544759756 20.255293817762951
85.589813193940003 87.212849525569837 20.256461030406673
85.38995131663367 86.595629616857053 20.251407167506162
85.299289037688979 85.954998703820337 20.230194454039083
85.254065123335991 85.309168904978804 20.251977343247532
85.201666365359586 84.666355578419598 20.286004733539688
85.154677403498013 84.019905444433462 20.256120858648515
85.207084901174852 83.375491614583865 20.235097644793882
85.227469467240454 82.730355081360997 20.220972589364081
85.193939973320937 82.085061866901185 20.230135331384655
85.251189073548545 81.435938682308532 20.306059496713399
85.360590322831655 80.833293028354547 20.515524873443066
85.480138952812226 80.272045138576601 20.82342612046385
85.555027144277105 79.679478144622976 21.066371036159961
85.676721102066992 79.066055777677889 21.241915089502218
85.866823782516306 78.480255356006751 21.443946750836922
86.156213353177449 77.91414421677618 21.585525753586015
86.498772872138005 77.411703389978115 21.798917234370577
86.949344681309753 77.017096396086615 22.07939868661931
87.465572719362697 76.744935692257755 22.372343388493608
87.90952162558537 76.65432600745514 22.842004775438429
88.323363552101597 76.533359086533579 23.323807425507113
88.747918723745642 76.40849273568206 23.809166206347186
89.111017010404055 76.528357476051255 24.337929736930789
89.395098066994962 76.781029707692554 24.883963098948929
89.688629792238416 77.156320426689447 25.319507778169051
89.841391437741393 77.672561655338043 25.693496359463246
89.850491043255346 78.157169822191719 26.132832722649088
89.934890516848597 78.65230641716721 26.535910598381967
90.096608326402816 79.185959817327969 26.874143492325569
90.129085647400856 79.685340864655714 27.282974934902448
90.225709423577285 80.194718574935209 27.66968200199118
90.29353697138859 80.76358688856422 27.990009452067973
90.106933939056319 81.309832429327585 28.306303276979641
89.799598383860342 81.768887556470489 28.650768851224836
89.545785155129778 82.210763719748016 29.045613248378331
89.200769552001901 82.617982400022655 29.41687295885955
88.830975843374333 82.991121818977305 29.799530634840199
88.59206146029824 83.293412660810603 30.322223537679722
88.263870723688925 83.590547886646249 30.800881167291227
87.849797262459205 83.815109286255122 31.246104519852782
87.444580834445674 83.847430175092569 31.75751384431376
87.069859738887445 83.914600114727591 32.282621082477476
86.657628750229691 83.911785867990119 32.774196665459584
86.161015527915708 83.748392932850635 33.206037451500691
85.532066135099285 83.333887454111164 33.550776901129211
