#spline3d 5 120 5 120
76.631515643208701 109.61948192725104 2.6102283553619672
76.16111813293999 109.89108634848365 2.9987863193872091
75.695832405273336 110.11568493233051 3.4163598742437808
75.236855794021849 110.29319071903937 3.8597774282152009
74.785385703911189 110.42351681283476 4.3258675297994635
74.342618570214057 110.50657516309882 4.8114571964628077
73.90973734462689 110.54225497463572 5.3133524338182028
73.48790263842811 110.53037108065762 5.8282865069054157
73.078320592326719 110.47065958814134 6.3528802701349898
72.682438358987412 110.36285119687608 6.8836447654378379
72.30232781703593 110.20684076355838 7.4170599062722404
71.941183642436187 110.00291978216208 7.9497361790376626
71.60380097689989 109.75204102274613 8.4786072020469909
71.296669202519311 109.45598680867873 9.0010378702946703
71.028003013346535 109.11764343904608 9.5149386030173027
70.807175227575243 108.74113986717514 10.018759296603211
70.643755824803037 108.33189853218167 10.511405319934001
70.546397164546192 107.89637135051602 10.992020702313757
70.521653575408223 107.44166384615306 11.459709844790479
70.572898876084068 106.97489086040591 11.91316399013537
70.699766740408194 106.50245137950411 12.350321084381005
70.898297268205582 106.02944669419675 12.768171718984963
71.161692177124408 105.55942325418238 13.162776263536038
71.481143272845003 105.09421839820172 13.529371924492347
71.847091739677637 104.63426729184883 13.862786087242958
72.250361800224951 104.17917929479438 14.158084979591436
72.68290692186531 103.728443542146 14.411220406640515
73.138418744323957 103.28209193784252 14.619756953929992
73.612581920813724 102.84125619141376 14.783402569947727
74.103021898778621 102.40838853390268 14.904223328134144
74.608878480717124 101.98698976421515 14.986388982279202
75.130219622202986 101.58101484405994 15.035678350439122
75.66735674619521 101.19400725202749 15.058838523107944
76.22013685380314 100.82815662465249 15.06274188399655
76.787442932204499 100.48353714634915 15.053663085215895
77.367113650796142 100.15801935174905 15.036945160439789
77.955944013199641 99.847206668671305 15.016776509140858
78.550068473532264 99.545078441487632 14.996355694962574
79.14549974290847 99.244944452251247 14.978257024234976
79.738662343972635 98.940492654671743 14.964883567288783
80.326808515418108 98.626684517592551 14.958862000528431
80.90830728016897 98.300521793096735 14.963386442795661
81.482624670228589 97.96135328129705 14.982379074430268
82.050023662404243 97.610762689127839 15.020449523579353
82.611061876575647 97.251970028280482 15.082658853014459
83.166043165821776 96.88929453080145 15.174263777790586
83.714432803615196 96.527325530461638 15.300377299808323
84.254408212339101 96.170173945577346 15.465673109309318
84.782730586539458 95.820897754596359 15.674119222942675
85.294738088294878 95.480988518832675 15.92858296118281
85.784582074780332 95.149954770088371 16.230284760987303
86.245713658007318 94.825177872692279 16.578268456478799
86.671494588393998 94.502125411826214 16.969093665088344
87.055748408315594 94.17497937641528 17.397043062673003
87.393305222447751 93.837416837772054 17.8544641448037
87.680326714823593 93.483687917998438 18.332755755817008
87.914453486370704 93.10956497153829 18.823510220283051
88.094706328133995 92.712765155322614 19.319403405798305
88.22151645525156 92.293242610258659 19.814896202946265
88.296659345177531 91.853019707458614 20.306508887119328
88.323148115979208 91.395640060603398 20.792561268395801
88.30501898485673 90.925335945038782 21.272417414748936
88.247048870077933 90.446196373988855 21.745572971510203
88.154464805160799 89.961335399084831 22.210656840833057
88.032653387865253 89.472278008024205 22.664610102874079
87.887119318827914 88.978648964770372 23.102311013067496
87.723621582552155 88.478414803986752 23.51697801705145
87.548413107260288 87.968159158066783 23.900831221528424
87.368330562523767 87.44381900439322 24.246447552348727
87.190505149375085 86.901517883667836 24.548326407427776
87.021724857528255 86.338252424965916 24.804089949706064
86.86771385322443 85.752335804369224 25.01524252215626
86.732455849671766 85.143658401991473 25.187524681349124
86.618037446359082 84.513603506069273 25.33031351127709
86.525185272095342 83.864859115102945 25.455400786171516
86.454325047715358 83.201163445250273 25.575391418556649
86.406865212015262 82.527357950218857 25.702109291243794
86.386517030297966 81.84951406766649 25.845000850071088
86.400111019270298 81.175302738344683 26.01001548789317
86.457333518166251 80.514227986326091 26.199396760559491
86.569834682678774 79.877822897049427 26.411791321022495
86.749437007442694 79.279526901539811 26.642946627615963
87.005777182645673 78.734025207870062 26.887013004812104
87.344006869810656 78.256099548773022 27.138096812680633
87.763462969479292 77.859352428845014 27.391596025444013
88.25641641130639 77.55471554887734 27.645447443128351
88.808245449922396 77.349193100382465 27.90085081603678
89.398581327827941 77.245052917956968 28.162320846201592
90.003532266932154 77.240170478529549 28.436773986538057
90.597722212254212 77.328316779659033 28.73242927169597
91.156906618493707 77.500334218740264 29.056992521289601
91.66031820643542 77.745579235949862 29.415735320935003
92.092146595451638 78.053257271257564 29.810162898595863
92.442303100831268 78.413402730645117 30.237313700635735
92.70666047815395 78.817608847257574 30.689598256985224
92.886130557684083 79.259221913877369 31.155716903686443
92.985217307550116 79.733049047625244 31.622142642793289
93.010216328425017 80.234687084153705 32.074817740721478
92.967730849120244 80.759824240992401 32.500738956187291
92.863227342375978 81.303422821401099 32.889407431828772
92.700283583133029 81.85911253268786 33.233792801710692
92.480695739211171 82.419024678017308 33.53044931006459
92.204940912742543 82.973795852408173 33.779490816238926
91.873023797883477 83.512883327048385 33.984070406870934
91.485353847749153 84.02510457141868 34.149539225249995
91.04339445236198 84.499296573785543 34.282508635283548
90.549985038796237 84.924934105009129 34.390057126244251
90.009592777795589 85.29282468850613 34.479146353940351
89.428190357561149 85.595643555520383 34.556264004718322
88.813006909409353 85.828379875906592 34.627358389268245
88.172115749101238 85.988322530981208 34.697983716267586
87.514156340259447 86.075217693553441 34.773429171211305
86.84801287234967 86.091037452466338 34.858855786460538
86.182605160211637 86.039571079784025 34.959372941450304
85.526792425334605 85.925853040522696 35.08008682310323
84.889361565180337 85.755654585795654 35.226125076405189
84.279054040069539 85.535078992358848 35.402641656990319
83.704600068863385 85.270299905418298 35.614802018774917
83.174729161368475 84.967495300631327 35.867772526912894
82.698170883894704 84.632842762619262 36.16671946122937
