#spline3d 5 120 5 120
62.675344758342931 85.128579601332618 2.0652495645527722
63.246425977803192 84.815348078986247 2.1052453226093992
63.822010520251901 84.512518630151149 2.1457890884036845
64.401372146609233 84.218573629608599 2.1856614977148441
64.98378456157586 83.931995381555197 2.2236431607959912
65.568522081462291 83.651266934154563 2.2585153148610844
66.154866999710194 83.374880418512163 2.2890761614961748
66.742127553084543 83.101353886497037 2.3142181234212491
67.3296624580464 82.829247640075678 2.3330904867905984
67.916917819201544 82.557190572811081 2.3453339574659884
68.503463447560094 82.283920080810603 2.3512547061213178
69.089044597126545 82.00836094722581 2.3520272257440573
69.673617436126008 81.729729755912942 2.3497918196128214
70.257350943659546 81.447657475451336 2.3476620447876515
70.840577043218957 81.162307957938893 2.3496619617343821
71.423670830882671 80.874483844148301 2.3606432321823205
72.006881768404853 80.585651743334452 2.3861399969886925
72.590116738785284 80.297977032994993 2.4322495703116638
73.172685835925563 80.014280422057183 2.50543503037773
73.753056844056545 79.737916110055778 2.6122668299613188
74.328658761197232 79.472582693084973 2.7591102143030013
74.895750167149544 79.222047070458245 2.951732819550728
75.449434911492673 78.989806103080113 3.194919202302112
75.983702606667691 78.778697959452799 3.4920280626325555
76.491575567965015 78.590499368396138 3.8445578689638316
76.965392147026378 78.425687708429322 4.2519169027701587
77.397179364558653 78.283449361291957 4.7114037976754366
77.779210694181771 78.162082768096539 5.2184318096348346
78.10467461966762 78.059706635425826 5.7669569346635381
78.368435545060848 77.975017805126342 6.3498901427430647
78.567817639475194 77.907954753256163 6.9595680706764362
78.70312697629042 77.859945115386466 7.5882570546747203
78.777804040888967 77.833662841521701 8.2286126023643629
78.798147409048866 77.832361807881625 8.87409835974956
78.772543221163446 77.859070052523847 9.5192664253996107
78.710597368009672 77.915925735270903 10.159974904517327
78.622130801307037 78.003758658300725 10.79352003600602
78.51622251706938 78.12212760973199 11.418593770826728
78.400534692044516 78.269702164040169 12.035116510565704
78.281005827859033 78.444816589784224 12.643954506861613
78.162041405371667 78.645990802303885 13.246529373356898
78.047058086060431 78.872290259533912 13.844397301972517
77.939354505322285 79.123524307759396 14.438764368090174
77.843215641092954 79.400139985392386 15.029977795761106
77.764866952093413 79.702753423027588 15.617099312989559
77.712997678108508 80.031241851003358 16.19766081753318
77.698543581463625 80.383517976401691 16.76774031647598
77.733789801144852 80.75431862752184 17.322332028376202
77.830858694575852 81.133915016780463 17.855938918379358
77.999541965450547 81.507526037283455 18.363460847706765
78.245007261546547 81.855579680188555 18.841126663456414
78.565804943663451 82.155025272965133 19.287307299958112
78.952885214093897 82.381661262266491 19.702910954745697
79.3899257431206 82.512811145052495 20.091222414893434
79.854314170055403 82.530366338299515 20.457375271427981
80.319740934431792 82.423391099548496 20.80712507476419
80.759356594223519 82.189680793004939 21.145302655097222
81.148995125470748 81.835955440680266 21.474167940842413
81.469714148262085 81.376684170070689 21.792034888148908
81.709111905241514 80.832075496135772 22.09256417254608
81.862187554866679 80.226049195240265 22.364366001353392
81.930704793867463 79.583769697656209 22.591911759868847
81.921864085858417 78.929646870518994 22.757398465487604
81.84653601247912 78.285705107490244 22.843397740400061
81.7173155616738 77.670364009851198 22.835654463675887
81.546783001375019 77.097598713542908 22.725246095012704
81.345823528967799 76.575911809780962 22.510598011755473
81.122239272491271 76.107872115905451 22.198212723539854
80.879972889017836 75.690091147261001 21.802363547126198
80.619099737830496 75.313782767537788 21.343872661490721
80.336824383263505 74.966063238731948 20.848072819680432
80.029131692602689 74.631626419778812 20.342580425050976
79.692878856003873 74.294512079682832 19.8551660906015
79.32809179412115 73.939993900333192 19.411762074854312
78.939779354757377 73.556120596921758 19.035013438017756
78.538881931057048 73.134910897842644 18.743259083417193
78.142054316967972 72.673160543378415 18.54983160072943
77.770290914578169 72.172664655036144 18.462784923761493
77.447082498124047 71.640520564672045 18.484326592790307
77.195583765262313 71.088680729194067 18.61083586490107
77.035803494962138 70.53304090160627 18.83333253297549
76.982077793350086 69.992224808647691 19.138312525096499
77.041519327632315 69.48604127408727 19.509169586181773
77.213532109607456 69.034028751407917 19.927704646329758
77.489723559959728 68.653981894650386 20.375593966294836
77.855142034738648 68.360674637778274 20.835745692315459
78.290042562907729 68.16494904882768 21.293238530325201
78.772038214009129 68.073198204399674 21.73587809722931
79.278392971817198 68.087403970459164 22.154289891518825
79.788013112188352 68.205469435588071 22.541762231969773
80.283321180456369 68.42150546607364 22.894140456887403
80.751481071146671 68.726466824220395 23.209633288440237
81.18483435377928 69.108813263431031 23.488853650120383
81.580508279409059 69.555323669239115 23.734990238175552
81.939348920992316 70.052015571080446 23.953873383454326
82.264565412448235 70.585015528881257 24.15374438596222
82.560401857310893 71.141378331755163 24.344853265130887
82.830763209971806 71.709727343577256 24.538564273604276
83.078196316707619 72.280615921588407 24.74629448849543
83.303258717260476 72.846616372780844 24.978419697715587
83.504350170590925 73.402157968374794 25.243309588306186
83.677987889954181 73.943165918024945 25.546728832064996
83.819187870439535 74.466737743024652 25.891270418758822
83.922162863490442 74.970658657482389 26.276328247189262
83.981037542090334 75.452928137022909 26.698507915932446
83.990541983596941 75.91131557993404 27.152390737446133
83.946655748396864 76.343049017406543 27.631525943738897
83.847051717450427 76.74474827465454 28.129332994089406
83.691605145263694 77.112501884852762 28.639848649419562
83.482604785872894 77.442169069781784 29.158253407415767
83.224779974195414 77.729738152408373 29.681123111269255
82.925112872657067 77.9716422700251 30.206449229041024
82.592495756485121 78.164948322267662 30.733483916690631
82.2372351604713 78.307352576195683 31.26243875127356
81.870684197276091 78.397122684020658 31.794248023499524
81.504784807740492 78.432896407187414 32.330258464695241
81.151745141279719 78.413491448861848 32.872005316214704
80.823842224811258 78.337777723964123 33.421073114721999
80.533357329192995 78.20462898502673 33.979049520208946
80.292571393233601 78.012918649953264 34.547521943198106
