#spline3d 5 121 5 121
122.43706380394393 86.924280440691163 3.0615655694810688
122.21058763465761 86.577360324508859 3.4739199685086861
122.00468509039794 86.254814548159203 3.9350059602078122
121.79006294277293 85.937499328009508 4.4055236146127514
121.53701419983125 85.604641632322824 4.8453121410047766
121.22370789823241 85.249574279596203 5.2236528593680269
120.85355774665622 84.907220565580019 5.5591878421535661
120.48900810808765 84.574071146047629 5.9064654940811945
120.14586620033384 84.229905605111199 6.2695007778546854
119.75099838157485 83.884884861959193 6.572257771901338
119.31038197472333 83.52343252096388 6.7788240424378126
118.84965825089861 83.15164772862596 6.9287262041154323
118.37679615574088 82.7794724019885 6.9842747674241279
117.91301879996419 82.394421889770257 6.9127887637261862
117.44645251412386 82.014467633137244 6.8464827724557269
116.98228927480011 81.628661766736528 6.8156980511188063
116.5072829460656 81.255937361292538 6.7830705816816028
116.01161254941303 80.911946926949284 6.7385786753394239
115.51946220626196 80.568508488089805 6.6647898835446027
115.01931936946133 80.238647032154859 6.5798696411381705
114.50305905409313 79.931128779716047 6.514867779742989
113.98125702846079 79.625970922283969 6.499159068338157
113.4537386833865 79.326951974568672 6.4985429863894524
112.92217962228656 79.044872000527846 6.5496052969196636
112.41876093888618 78.727556873232615 6.6658161787797923
111.89926900059005 78.430677961656968 6.7502787372620183
111.35292180588471 78.178473468805578 6.8174424252309791
110.81406912843313 77.926024686645675 6.9287376204559097
110.29644232170824 77.643355584202794 7.0624450890826642
109.80037470854856 77.330901421740904 7.2114926217607564
109.29616696387444 77.043180711833898 7.3800712141343237
108.79755200045045 76.761650922047011 7.5762545882940913
108.31258403952891 76.479866114514323 7.8043220316318616
107.84442185277928 76.230672472628527 8.0946992404565954
107.37391943848296 76.015417586067045 8.4135295181496303
106.92669088091043 75.831079215154745 8.7746280081997341
106.53901313931068 75.641142765661868 9.1999809392412075
106.17905008252225 75.401375019420271 9.6267428931419836
105.85173246217268 75.231961902993177 10.104615640467001
105.55339501345509 75.130260513640806 10.623941842347195
105.27973921845617 75.021268656096339 11.152682955917903
105.04545791279125 74.901515998536695 11.697439789905845
104.88689929928042 74.807439140708837 12.275640377888312
104.76920060218114 74.763849287953946 12.86770139650347
104.6818030913151 74.763048641662422 13.466520132993907
104.64388210779067 74.728732361675867 14.068480721142397
104.64103988968978 74.695419253086826 14.67440716308254
104.63638953306975 74.605623395369093 15.271876790265077
104.66345489357379 74.44409412085615 15.855619809903201
104.68445378848473 74.318388248095275 16.44699978434052
104.66760297599056 74.252320761199996 17.049116122531391
104.60235354946879 74.192482932353485 17.648304072848777
104.53473756433657 74.149788551901608 18.246808008387603
104.51651370463007 74.154571984731945 18.851941579308882
104.46322626706019 74.143559359577807 19.455154305266603
104.33153125222437 74.100333238371206 20.044944732865513
104.16739436376449 74.042649230042343 20.625549899168249
104.05242404480514 73.995533724312821 21.214463726159732
104.01786574275555 73.966980175567642 21.825404199667254
104.01075232985573 73.83202924551901 22.422427008169652
103.99937953231884 73.475048019704246 22.923649058674261
103.90752663728915 73.019603973683289 23.329921907544986
103.70502621661157 72.545827845360563 23.650817624662874
103.50472487186281 72.021385956375411 23.881187467666649
103.37725823029011 71.447739415023207 24.035924411030937
103.26307274831733 70.861845988900299 24.139831766252584
103.12871718162465 70.278559442180295 24.211025770573993
102.98148531693788 69.69559084202703 24.287244648807722
102.84981629539601 69.105983315251891 24.357738438258099
102.84649663021004 68.504326729767271 24.402848232098687
102.93083496623132 67.899211307021218 24.403919166694152
103.06055661116793 67.309870036894353 24.382822311126599
103.25557941632768 66.737360570916266 24.392257703898963
103.44890122354818 66.165228810466573 24.434271371616973
103.61946704427963 65.587049344648193 24.481395230248559
103.78989383330061 65.00831365554555 24.524712240484323
104.00509761914063 64.44832239545444 24.60017751184164
104.23493907814449 63.893959581395251 24.679032164280894
104.4554048556553 63.332125131073909 24.715932683359366
104.66043051599637 62.760962948343433 24.713414212863537
104.83188012630907 62.188047640482118 24.80717255696878
104.94452901106229 61.62345436106763 25.000864997905936
104.95457721898451 61.063842747898676 25.238279589998594
104.89475901870784 60.515123853406777 25.499500490556027
104.70933814222604 60.039731567241105 25.827080288667695
104.43888707634069 59.652597986278138 26.225405441325538
104.12844193153992 59.397387065761542 26.686892363141986
103.72142078047338 59.304299058691925 27.130380188032309
103.26172032416694 59.318233656192852 27.534473082150789
102.82192087140469 59.430622282451822 27.938382431369156
102.38434210352766 59.644146683847062 28.296792090394025
101.94927822322005 59.922483961268128 28.617002140123027
101.52649640051814 60.219855086206685 28.932978608166572
101.1306874946039 60.595354584541553 29.193831383064303
100.78110310400605 61.018494474140837 29.455775183510276
100.48274799970902 61.4669901171766 29.725917679848575
100.25045668435961 61.967377058223704 29.981977730923937
100.08487616622261 62.499935777009505 30.229364135899615
100.05101101264013 63.081120266943856 30.40932990899266
100.0978043833575 63.677124361589783 30.517632885473503
100.16960451107386 64.26836919677271 30.606589506864694
100.23712470652526 64.860788185406435 30.745065403421027
100.43109591415478 65.423715286794277 30.858363165978815
100.79131583712785 65.915486705160276 30.926310539086483
101.17672599801654 66.378357285450406 30.99655205929901
101.55811939657551 66.840202938948948 31.049227486240397
101.95619733356334 67.294715212185309 31.082789496164025
102.3711468677504 67.741211560175159 31.11617884529581
102.86118752845525 68.086827780622116 31.190683841401519
103.4286291423944 68.305231988673782 31.287276093389231
103.99283876355486 68.455785359694119 31.459178477153774
104.50038179519319 68.555912879909769 31.776488286706481
104.96297223338705 68.628761556613298 32.166915203426548
105.42239213014895 68.630917673321463 32.558724569910005
105.86302931631302 68.582825423369698 32.970180895418395
106.28381795041454 68.512120235746153 33.400174041950784
106.69100344988655 68.397507578605257 33.835852990370228
107.02671872753352 68.268277642309982 34.321652477619729
107.27747918460922 68.193615599656056 34.871436594908992
107.48682693586937 68.200155882656091 35.452450426739155
107.69245165106895 68.318601512928581 36.036827239259196
