#spline3d 5 121 5 121
72.919880458412862 112.10743373988595 3.9379606670720579
72.728142180206405 112.09152651553356 4.5817035965291968
72.567162183725642 112.07436137007203 5.2298466206343708
72.420063681225628 112.05097951051354 5.8795224287461583
72.273621098243609 112.01271473601284 6.5276503139691204
72.099522085509122 111.97056083253138 7.1728442830663717
71.984139462307041 111.89775281186827 7.8246534718172285
71.963864878320308 111.78253532957309 8.4834216642318392
71.91644385315206 111.69671561988307 9.1431672217707369
71.910377801483278 111.56583573856545 9.7982052585436694
71.931869401651767 111.34150997929038 10.42834207538975
71.974974784807316 111.08370531208276 11.041452184336181
72.036656485367061 110.80643416492319 11.645896329663655
72.103141841329602 110.45343295575384 12.209818499960464
72.209184299958693 110.03101147460779 12.718480144506849
72.346958249167699 109.57238397529453 13.185895668779073
72.564223255349148 109.0867701560382 13.587257712292983
72.749034871715224 108.59241817788988 13.996633542579096
72.962635972126847 108.10589605406065 14.398591669238829
73.289387827656711 107.63058377787932 14.74054912285488
73.646098168408599 107.16129005989914 15.05942788002562
74.083969917516669 106.76566549274077 15.365768883540522
74.567252247059614 106.39964575168395 15.648237989952399
74.99421247264037 105.9694040925023 15.928949083963488
75.392219643805561 105.50752725508029 16.204126672055228
75.80333863462711 105.00175554404447 16.355830838641246
76.243102294747857 104.49830833255186 16.409962608874263
76.729361752997548 104.04783583107657 16.468012844216162
77.24771006923973 103.63002128428897 16.530850658530678
77.71205385431162 103.14918891729648 16.509805984875079
78.154047222821276 102.6521949047934 16.450939330933629
78.61339036675497 102.17736819763743 16.365523609137991
79.091244471266947 101.72076693804453 16.272271368666289
79.606295712953084 101.30642085654422 16.18064394945813
80.151603684803177 100.93224529969214 16.091936190051033
80.677107530635666 100.52496774876502 16.043344446854615
81.185984653199 100.09741881939409 15.982057416711291
81.686531806281437 99.674314809217876 15.856440551295311
82.174619282185219 99.248460829038805 15.691959396642851
82.708939925703802 98.866355640612738 15.581538882769696
83.245309650142985 98.482824753871796 15.485673889668533
83.763523655963624 98.06446793029555 15.40818633294219
84.341649724122803 97.728173372170332 15.414756455903257
84.961776166099241 97.480072685971294 15.46473420618679
85.522554981069575 97.124832068219774 15.54140664576823
86.065728337593526 96.783354435418872 15.736286880206226
86.600189658511567 96.490954246779282 16.018122481357839
87.084471237772462 96.241553169469185 16.405278660731245
87.534694822277842 96.010282803483989 16.840544079687476
87.971494080051528 95.751369392957926 17.271614108135317
88.395277124601819 95.457992158999375 17.700444961932096
88.742442589877342 95.244682543099472 18.229514926126335
89.013889716861371 95.004019951446679 18.797709841994084
89.161304429647529 94.691383712256496 19.36774693695709
89.281168188790502 94.381314956561297 19.945718830790852
89.509387235034751 94.057459654134504 20.486494422340929
89.621209016616916 93.730416223121821 21.060870797391818
89.644044981864113 93.500903945732475 21.690085990042832
89.647280080615403 93.288674373573045 22.322490337716857
89.653627006491249 92.980509178536948 22.916424481359734
89.60107394214188 92.656254756315079 23.497572778833351
89.466398444564433 92.405356322173731 24.103139412579829
89.3810904720916 92.122042024347479 24.700493404021184
89.317645846171928 91.791034966287427 25.277804701792707
89.141487930752234 91.482521665205326 25.842444824969562
88.962999996560413 91.14492835573121 26.396236671951339
88.853634221429303 90.685893640195857 26.872103033102324
88.764766391221542 90.122997259796193 27.235033251471329
88.635752791051587 89.517049470446537 27.488423065058839
88.476025041202377 88.86853950957925 27.591793534507747
88.285463793496547 88.232133641362495 27.526088981647572
88.091423782065192 87.595321502451398 27.473233534341233
87.936085488414847 86.948907658976779 27.434583664843082
87.796028945162234 86.309444440108123 27.296877354776225
87.661307825486446 85.667211104107366 27.178172368201704
87.568465102844826 85.021958098711622 27.045065950184707
87.424549348426709 84.39498264284768 26.858939980444511
87.257704599375714 83.791781842273537 26.626362458502065
87.026923906652584 83.238641218382568 26.330867293228007
86.866041894143976 82.653549244966555 26.052068910755455
86.668179761922914 82.063257889559651 25.814924151519072
86.408196432067015 81.481941741373348 25.61205509929097
86.291846569279414 80.854344257531096 25.398873421962005
86.159734479389712 80.214546507919323 25.284194066514328
86.022340739906554 79.549991024435059 25.266497025985171
85.986603877846704 78.882728551546251 25.327044780411356
86.130801898985794 78.280115962672838 25.611512508644175
86.265923681916448 77.731094859982974 25.993824111388804
86.435697815637241 77.356338988979246 26.514908756185775
86.681313271486218 77.113447648815367 27.111133866770448
87.035114944229349 76.998836328646519 27.660173046936809
87.407720847081791 77.046082347624775 28.222795936237528
87.816882106799284 77.133298459846827 28.748352572381979
88.365317337568769 77.245823120056556 29.116965203219696
88.917899402641666 77.365682865034685 29.467570336829088
89.441254305509887 77.508301698030195 29.888994508027675
89.749470737666158 77.851891121898049 30.380896230350782
89.882820184666528 78.288313269794898 30.887862345133989
90.058919063216536 78.755704221244244 31.325534025441442
90.165918653271163 79.324497855482903 31.677882440685657
90.039165418621863 79.881839541316509 32.035118706027447
89.848470348706854 80.37799553454262 32.442190480927479
89.660999978208707 80.889368312446734 32.824931025585656
89.462492155201133 81.459964409087036 33.1179511846371
89.165932648317821 81.998398257868118 33.374080318162761
88.831044502155308 82.532660787891515 33.606716550731697
88.412369890852574 83.009549060517188 33.8074587421169
87.890115462550099 83.411709753579103 33.947952812649362
87.355357799069225 83.803935288594388 33.998517324713639
86.825226673878163 84.214758023352033 34.01104672160448
86.259594957239685 84.568053963422642 33.969308495587121
85.629194303907312 84.784222213322749 33.917134030914738
84.991634637215597 85.013039084631316 33.93292625781114
84.332986758181548 85.073136635441216 33.931561554428761
83.661668769388896 85.058117682245921 33.963108014216878
82.997524324573277 85.104767392144367 34.042805431964588
82.366220813102871 84.975851270909956 34.223761180565781
81.746398678149433 84.849298406489666 34.459142630262974
81.18997732466724 84.646809096174835 34.750341891109287
80.765952360123464 84.238494295404905 35.156447122304201
80.537278762372807 83.507516500346355 35.72284642735724
