#spline3d 5 120 5 120
122.68046127670587 85.44212291615726 1.3265141323500511
122.11082683392961 85.152207256280164 1.4476699831862303
121.58167975373347 84.829606813883828 1.4578644299434798
121.08017244194656 84.484490343546398 1.3930291410378142
120.59493460350902 84.125744992895591 1.2859815319672074
120.10085049169084 83.774337122170508 1.1993331918016619
119.58619367569415 83.448295539586013 1.1325108289859278
119.06316102484055 83.143590470202 1.0367120279161031
118.55222727433386 82.816526589495894 0.95249750223860263
118.04783911805326 82.477627887973838 0.87387551654324858
117.53018593877032 82.171896342834856 0.75443942096445371
116.99797066463367 81.886524775730194 0.64643860103221817
116.46798363953134 81.582459244481612 0.59795831814059941
115.96079191009511 81.238964514977482 0.56619167646447677
115.47078639656188 80.876478089458487 0.49749040726255045
114.95149954650071 80.559538230915422 0.42880709331637074
114.41686828189661 80.265743390072487 0.36640244417126339
113.91522359384847 79.923152375677205 0.28671363510098585
113.40384183619726 79.59394841541905 0.20824071206987646
112.865292846483 79.305034737359193 0.16170973877775616
112.31414996737229 79.035739001383206 0.15528487684508549
111.76928614536972 78.757126169669633 0.18343437675748672
111.23090481727601 78.469958924963194 0.23953682585286398
110.69476935852497 78.178141976469163 0.28923195087462589
110.15015304008692 77.898598823642502 0.31674230532031555
109.58271257490696 77.66633917656138 0.35587651536871362
109.00508848169117 77.476126103123178 0.44101501578254609
108.44467011272955 77.289467720986835 0.59464728750709928
107.8801743195602 77.12241056263791 0.77253263158345475
107.3153854284169 76.983350339773963 0.99316668302925459
106.86533085510429 76.848987352330369 1.3870228997275786
106.52765848082601 76.71449246247569 1.89385410500828
106.19686294160987 76.585399093395978 2.3918351182726756
105.9033181966923 76.480945903528124 2.9169186038573107
105.61235876757131 76.434532499366583 3.456990134828684
105.31591263758226 76.359317244956557 3.9863231014521712
105.06360561198001 76.206985312314259 4.5259868817625772
104.84811776814257 76.12553239234721 5.0940429600707198
104.66907020202468 76.069518483446885 5.6787033850634145
104.52660579268166 75.991548207363124 6.2697695494943497
104.39000671026578 75.950153196690124 6.8648387257410404
104.21493241752634 75.961207257249598 7.4536022786498117
104.07582681031705 75.92841060900038 8.0490944262511093
103.95541767099424 75.830857548227698 8.6434107390803341
103.84505967599773 75.725232364712113 9.2371164455077679
103.80222690542988 75.648943173197338 9.8443209271680754
103.79105429047016 75.615832109144577 10.457914675720392
103.74518883518574 75.653053506859891 11.067697658276177
103.66119481172474 75.700387592838382 11.673247354043738
103.56371997572201 75.723597369539291 12.277811335239923
103.51548593196723 75.761685770868255 12.887425840717057
103.51264847336775 75.779216612142619 13.500581028076288
103.51116789887246 75.744238245807054 14.112828307148515
103.46559719728052 75.651668734279127 14.718957429822847
103.43225813736639 75.494110270687329 15.311309417454622
103.4479827358924 75.264715231279865 15.879875604481308
103.45092919295035 75.008320345571263 16.4361638224104
103.47524788730304 74.753130613115914 16.996041997941955
103.58722367826439 74.432843195622027 17.509472948842316
103.70998943808522 73.974843154874748 17.911405935182788
103.82256254783107 73.454707104235979 18.222622072393822
103.94052452145968 72.896450944412194 18.446107835004867
104.05567558236349 72.316449452711382 18.610730824900447
104.16198514989314 71.722053118478982 18.724587037324714
104.28906939914025 71.125666611454577 18.773228427646796
104.41697228275267 70.523854357983865 18.770782835205978
104.51401429920497 69.917023285157569 18.724883552008539
104.65586017628858 69.347350939216213 18.558915892288173
104.81672205796438 68.779970562347785 18.379401355004269
104.99840774512329 68.20396146810009 18.27051564095256
105.29736321530596 67.677755820737602 18.177829994550059
105.61403695838133 67.158647074685874 18.087247380299083
105.90867371133976 66.63118810365863 17.99133641862975
106.22464914664843 66.117469210326973 17.886198193315128
106.541463366757 65.597070662852332 17.810480169639536
106.88940321227872 65.095961707840729 17.759547088268654
107.28843081506251 64.631281140044678 17.715194937173088
107.61513418997384 64.112482632794254 17.70562679751351
107.85188716442329 63.537480565597626 17.779279639804084
107.9793752147794 62.96566255808024 17.965932250612489
107.95726771465546 62.417715846937085 18.252384373939133
107.87039447724842 61.921858499051382 18.603253536900631
107.71882977456382 61.501044895035356 19.046757366657634
107.46500829717266 61.229648477722719 19.544791709904583
107.10280560218339 61.188897219702234 20.051921438101118
106.77618299378445 61.249326173921204 20.575398031117004
106.47181375850222 61.449035321101618 21.069327891795972
106.12163991902146 61.757426659694872 21.477240547506266
105.77450215424649 62.125437646790949 21.825803911332894
105.43385857635343 62.537717941310163 22.126726199890278
105.11084320676017 63.000595992631148 22.370762229630778
104.78582530352364 63.497599147170973 22.526151993026836
104.43642719523432 64.005158034983708 22.600672768234624
104.18121651757139 64.528142278980198 22.77852657532766
104.04270825882593 65.059974307218283 23.069813339478866
103.93182016436175 65.591968400590503 23.354306572676283
103.81750517224935 66.138183234107046 23.602935320869719
103.69982590476742 66.679083723331985 23.867636500028979
103.60039222935707 67.187767071787903 24.194396360552091
103.55312869459239 67.722151065672321 24.48977655749237
103.51680249766399 68.270468746522454 24.770669569555981
103.56509544897368 68.775376796883521 25.111258538445352
103.71249196895316 69.282096336873323 25.429566026801684
103.87865848126737 69.806653957357241 25.703237046671983
104.09883935352387 70.282886600285622 26.014023797511566
104.32466654482165 70.741931699139954 26.354686286865988
104.52869631741477 71.204490305103519 26.716400470949374
104.77263659886809 71.506111583292594 27.187547889237312
105.0528243806762 71.653604691043256 27.72716067013851
105.36608777899704 71.806627275295682 28.227477341548596
105.72592584822215 72.013453025741995 28.681196462050416
106.11699294947516 72.129204229389828 29.141167290553327
106.53556066701515 72.146992126789755 29.59250155487813
106.97866226499973 72.151712606990444 30.014463398043219
107.43273477817354 72.163669660119282 30.425969208055712
107.85035292756311 72.164408388566784 30.878610406781732
108.22526758799377 72.07018977334674 31.353748734138662
108.59043244080806 71.862843200628404 31.806686620923227
108.97413267022552 71.614277761926445 32.222004222260111
109.4054408698737 71.385985574487904 32.580724641470397
