#spline3d 5 121 5 121
121.3195185562865 90.097404753367357 2.5817288022503524
121.63745471992337 89.838276975181046 3.116253644725703
121.97144641916223 89.604816910857267 3.6633773041389071
122.27628703549561 89.388920473004745 4.2338387729889106
122.48690431761345 89.200428843246002 4.8545596018874804
122.66088782130211 88.955656071251994 5.4609431452437578
122.81287183307556 88.652554506748004 6.0571793091304853
122.86770871269385 88.352607375711017 6.6670637092064817
122.75906997792748 87.935873693117955 7.2010500697062083
122.60295205574393 87.565095303565357 7.7545584303352095
122.34862672513216 87.236221908374304 8.2884821155306181
122.04244062915718 86.867748005590471 8.7760141784788814
121.69275586755876 86.494403712961017 9.2401818236001496
121.1698928416119 86.12642815377599 9.4928921488065985
120.63813534174871 85.732717122165695 9.666081103923533
120.12690681289649 85.324334793386242 9.8384780147024227
119.59692106639474 84.912668260728239 9.9588435642146873
119.11373569034964 84.438082982220337 10.03566327994724
118.59022951976669 84.004260479010071 10.04913853318928
118.03073204417646 83.615974084391567 10.038559180248249
117.45361604963051 83.257006567372841 10.043020065137
116.8584704491052 82.928353844039123 10.07032037206838
116.23486379723613 82.658102770126746 10.100977832919785
115.60509257836752 82.401738451763478 10.113475552229083
115.00525958334926 82.081967138477083 10.077099321043317
114.39193615050259 81.788890436463817 10.055371661090756
113.78801463222881 81.486430440153455 10.137602980467992
113.18774431180948 81.166155508041157 10.175566215699973
112.63431021782945 80.777933279405389 10.234972317651728
112.07753053409056 80.392943425415197 10.306616316975044
111.49622754245136 80.048819412630081 10.391392526724474
110.95107236198895 79.683308444864068 10.570342922365732
110.38312536788334 79.346131389754973 10.734656065725559
109.83075487522399 79.00141512145008 10.932535020943181
109.35114563251115 78.611670672992759 11.22360182233138
108.87872885140939 78.246296360841285 11.545504142985559
108.39386649428526 77.911084768630047 11.888338093178358
107.961572973515 77.553402276250424 12.272634066959739
107.60394789884992 77.187090339634537 12.721141097242556
107.19895156187712 76.838341003863903 13.146501689933277
106.85644822160143 76.530069625237715 13.643254389043193
106.57100531304945 76.251698090580817 14.19963507502759
106.28949718300429 76.021819124953893 14.772877310270955
106.05720650738517 75.823647069112795 15.3813782373814
105.85232867934663 75.563605522600795 15.9752317477371
105.64103480499433 75.367481911438276 16.593034582210318
105.5010793828568 75.200816291060121 17.237469255423036
105.46937712782074 75.036251513540918 17.898393944684937
105.4060807045954 74.887423731240176 18.55829149883618
105.32563280604887 74.745231479524392 19.218037610944744
105.26054804778063 74.636547060857126 19.886238561612529
105.20790357732035 74.576859271893142 20.561464210880604
105.16052963748825 74.512090846421003 21.236939037979724
105.19128079448454 74.42083080920699 21.910263080542293
105.19768462971638 74.307674130690927 22.580808712429018
105.18715863723789 74.209188267432921 23.252803761361523
105.20449737537324 74.179205672562787 23.93266773079738
105.24496921733989 74.174125084213514 24.61353298932103
105.24457325193796 74.254201587778411 25.28760060004976
105.20457432288617 74.351429386881662 25.961444868683493
105.10882056680988 74.398656140349999 26.633304266068837
104.93583774439979 74.48751981564007 27.285967568607468
104.74126912394979 74.555682516408154 27.932740152562868
104.52914688569624 74.554376493264499 28.584719031507227
104.21688468333672 74.45622339014713 29.185216389168644
103.83476012140764 74.245759422209915 29.714675687195722
103.5621888455746 73.870122125419869 30.228713378594044
103.29345248528379 73.35877562792156 30.603083314648725
103.05639164348696 72.716677391743801 30.761362514474779
102.86502420572752 72.065805720249614 30.732540323191273
102.66422410074506 71.429637961536784 30.567860238616142
102.52388202950695 70.791138485276292 30.345324174791195
102.63862544448915 70.207670397916402 29.993109463077239
102.83386528516637 69.670864725052056 29.610248888692542
103.0796485558042 69.220295425277271 29.17022106447876
103.32276635451129 68.817005175436577 28.67566521804704
103.58722459906235 68.409954806594371 28.197457198649154
103.96673229815697 68.068869255117306 27.744702582663407
104.39350744908525 67.816427762610431 27.274314909400239
104.82999767646304 67.534141404997811 26.839579595155236
105.28069596705838 67.118020843634682 26.516612487519989
105.68278294530441 66.616895660063946 26.286888928462854
106.0147111732343 66.032941196562248 26.165349409514914
106.40192904103553 65.484438482246517 26.055665571085719
106.72563729260071 64.90509816287819 25.905303905253191
106.99336244388923 64.284161648320222 25.818806348607335
107.2006811496513 63.626505152103519 25.855073080966456
107.33841422098747 62.983104420431403 26.04817043514695
107.4613353375214 62.41490275655979 26.417945240504029
107.52065315913558 61.920501276665767 26.883487859971144
107.46693744647354 61.450163307555897 27.377630325898057
107.2786668008675 61.02880996368669 27.887889372906713
106.97039308759406 60.746319134945416 28.429333280426711
106.61257626865746 60.567964209127609 28.994443946824443
106.16222824820402 60.54325262625229 29.506897606957466
105.64504138852908 60.641068443243448 29.946023740041284
105.15599881757889 60.735488261771721 30.411069358294341
104.69094266271604 60.942463327259603 30.860863503221019
104.21367875055481 61.230982157488917 31.2570959170904
103.73782126833991 61.519781906104988 31.643828740563485
103.31054547482282 61.848508864075491 32.061283393112447
102.93315146869534 62.183414061173103 32.51851817709715
102.63454231444187 62.571135128087739 32.992324266847433
102.37140353848847 62.977500158569917 33.470314016067178
102.16237879416781 63.400679805789764 33.960134553039012
101.95166527184777 63.859627271093636 34.415039462794255
101.71978838840188 64.363139898787054 34.812463446788243
101.5256662450507 64.891427331427394 35.195008857627563
101.44103505850084 65.426999852885203 35.606646559751489
101.3325999539218 65.939493770400773 36.040928323696193
101.23344652735042 66.458874215845256 36.466542638691074
101.18528166641759 67.00731574036736 36.867460168151297
101.10571228295701 67.540596138362488 37.279356642527333
101.02935685731148 68.099564300911311 37.662176208790108
101.00692205189877 68.665738026725251 38.040314515690653
101.11718854025001 69.174468927678078 38.48281934856039
101.26386200071009 69.67661851275723 38.921363190558509
101.50752263587755 70.154055962687693 39.339079976917333
101.82514044647318 70.591855734624133 39.75721781354224
102.13533705306148 71.017020022475862 40.182377397153999
102.36558978497828 71.449960342022905 40.62409672500803
