#spline3d 5 120 5 120
129.4516363727528 104.30377680323758 5.3295126811351503
129.88372224765314 104.40032527783626 5.9566790757942849
130.26591033071986 104.4084819348508 6.5626879503810454
130.59732342763022 104.33885700707602 7.1506297195469211
130.87708379511892 104.20206055833056 7.7235948125541629
131.10432019390748 104.00870400963549 8.2846731500847977
131.27825370816387 103.76940267443094 8.8369397291442926
131.39843230199389 103.49472438963934 9.3833850031379953
131.46507678497551 103.19493312060544 9.9267165861310964
131.47937641830239 102.87942463799449 10.46899698105717
131.4435537361536 102.55586545665716 11.011122810094736
131.36057176000506 102.22956660676223 11.552450333653978
131.2337127832771 101.90292741663062 12.090423199819506
131.06605038935501 101.57550628033412 12.620542459267185
130.86010092789036 101.24468232886437 13.136663886104454
130.61773183330305 100.90676015722619 13.6315581779571
130.34027073329068 100.55819780094481 14.097574717957011
130.0286793901173 100.19669476743567 14.527263298212386
129.68375196045753 99.821828106118403 14.913856506227546
129.30630315399532 99.435380945783535 15.251681915480198
128.89737602512122 99.041222741025507 15.536498032363383
128.45843444727385 98.644754736844945 15.765731862183241
127.99148625043128 98.252102559202669 15.93864244675256
127.49909464629764 97.869262086915853 16.056440897078808
126.98427692757257 97.501361018378688 16.122390587534532
126.45031162304502 97.152194197709932 16.141749641628905
125.90053003470936 96.823960924325206 16.121574931982231
125.33811887606691 96.517148272733621 16.070284995685281
124.76598255789619 96.230635661724591 15.996918077913934
124.18667160580077 95.961950510388675 15.910330439596558
123.60234786062703 95.707659161044361 15.818529542374863
123.01477028737609 95.463841075324581 15.728279178913523
122.42529540683094 95.22658245556957 15.645014367671537
121.83489767102007 94.992381871507277 15.573001486583042
121.24419295487029 94.758463894388299 15.515608021318528
120.65352059369056 94.522893337874521 15.475772589774413
120.06305942894798 94.284534772382713 15.456481672758565
119.47298061226597 94.042938408823318 15.461127276762628
118.88362877454011 93.798238094482315 15.493626916596284
118.29574549856841 93.551135914685148 15.558305417605967
117.71067499364162 93.30293419861917 15.659633753743744
117.130659093983 93.055690054706687 15.801941710006412
116.55911238170241 92.812333854759657 15.989140600754579
116.00088457810783 92.576671503289404 16.224512233689854
115.46244509026198 92.353113402554769 16.510516468964767
114.95189500720755 92.146104449193942 16.848575417043989
114.47867572705512 91.959367947488957 17.238791761322478
114.05286779224855 91.795352463976428 17.679802941953429
113.68420673773788 91.654846988626716 18.168614880474692
113.38070566593458 91.537047991984437 18.700663007165168
113.14716073905012 91.440049917152919 19.270058854802471
112.98378899636751 91.36156170960048 19.869977950991132
112.88540210796083 91.299571454379347 20.49314551516569
112.84127132922981 91.252701771348285 21.132338149504726
112.83602419808641 91.220116982540873 21.780783067731537
112.85095808546349 91.201108333649302 22.432447122327392
112.86598908089664 91.194389015233554 23.082205142885272
112.86191510702112 91.197309283024666 23.725866109034246
112.82251583424934 91.205242656357484 24.360123734992751
112.73616960988873 91.211339053462538 24.982466854056554
112.59681036506085 91.206727349935136 25.591066121805365
112.40399576182917 91.181151808053016 26.184598773776798
112.16231092170024 91.123798812072906 26.762000777752224
111.88039502752409 91.024232918262356 27.322096865110357
111.56930134386234 90.873362604005777 27.86307820364356
111.24082128672666 90.664298204004879 28.381918164473987
110.9060594276565 90.392997903516061 28.873861723762346
110.57456018095634 90.05858187930086 29.3321386262554
110.25408082842544 89.663284352980611 29.748063934636363
109.95096125199129 89.212031468788965 30.11163642999961
109.67075908882498 88.712032600299139 30.412508230316583
109.41915856731647 88.172012749587552 30.641501617104218
109.20267542876479 87.601345827932349 30.792299346618389
109.02883843995495 87.00909943131235 30.863005476796403
108.90565395981358 86.403154880727683 30.857253754841629
108.84026425429603 85.789500248227966 30.784726623751403
108.83736979380321 85.172033946227316 30.660548606766937
108.89729744471632 84.552537149598706 30.504593607583217
109.01449101776623 83.931259954345393 30.339739955223049
109.17681032874965 83.30790626454521 30.189773081748427
109.36591982800638 82.682889380820839 30.07712749859348
109.55873252977771 82.058563941380697 30.020860386277135
109.7297249341002 81.440196935812182 30.035025322368508
109.85368046613601 80.836225883141793 30.128033260521853
109.90853635526759 80.258135501799984 30.302341457762708
109.87824132552944 79.719637559313668 30.554965945756603
109.75495590027974 79.235326582470606 30.878687210183735
109.54038374882501 78.819108417854622 31.263594454931429
109.24574227625692 78.482770074143616 31.698676676557849
108.89061893505786 78.234870237506797 32.173132210573577
108.50041601381048 78.080382196735997 32.677125491546136
108.10364695078135 78.020568482029049 33.202068223193528
107.72862007708363 78.05331920160306 33.74039939220615
107.40033127900942 78.173763540098577 34.285026434835302
107.13808052813192 78.374924248123477 34.828758420710329
106.95413914047839 78.64835036013865 35.363982824693096
106.8535848917754 78.984705492571081 35.882745328859237
106.83536088549852 79.374249175597569 36.377223208507388
106.89371972852541 79.807115210259738 36.840475685225144
107.02001318482999 80.273378969067821 37.267405912447991
107.20455523309543 80.762933445838044 37.655668142887684
107.43808292192215 81.265323260947781 38.006238155444557
107.71274836498937 81.769685726390605 38.323527039683547
108.02259410108935 82.264908046354336 38.614947267465006
108.36350021988649 82.740040037163908 38.890012514671014
108.73276242232882 83.184895448318869 39.15924686188923
109.12844166694686 83.590855665805464 39.433027592113753
109.54849473783071 83.951642236741975 39.720510150498605
109.98996783560251 84.263853630087141 40.028912219415922
110.44841015711293 84.527018904434499 40.3632695101834
110.9175990457129 84.74311278536895 40.726629358807998
111.38961654601617 84.915649429099119 41.120515058902541
111.85520628884528 85.048722617414739 41.545434576539215
112.30414546720124 85.146262494042944 42.001245253403468
112.72568154117114 85.21162679778736 42.48746420056375
113.1088234123373 85.247605636605044 43.003447222841707
113.442499180559 85.256651507839067 43.548491872366228
113.71561946975231 85.24111043168871 44.12188223387804
113.9170943072517 85.203320887666422 44.72290150308384
114.03583373399776 85.145621977312885 45.35083294566779
