#spline3d 5 120 5 120
132.9664874014822 100.26375121838335 4.8735591664603364
132.71000649453325 99.849985137304415 5.2146934808724383
132.3988586829737 99.488170756753917 5.5154357476090814
132.0412259916194 99.168822276211756 5.7788145420497337
131.64529066021061 98.882453590919255 6.0078584100309387
131.2192314202928 98.619583523771993 6.2055963023759322
130.7711720884592 98.370806201207088 6.3750593574963554
130.30897784665896 98.127064524765942 6.5192713363275994
129.83986017923749 97.880193951218715 6.6412311345628012
129.36988456629868 97.623630687856533 6.743919718466568
128.90363793238956 97.352908038256459 6.8303258465443015
128.44379743475545 97.066293128575509 6.9034748918732847
127.99104747447787 96.764909621030171 6.9664260066644426
127.54425387328342 96.45246016916424 7.0222186203249573
127.10091141486902 96.134519509439031 7.0737736300770022
126.6577905357228 95.817518488677294 7.1237808017279045
126.21154499221154 95.507761001806998 7.1745706671596841
125.75934354916582 95.210361277286538 7.2279410991692243
125.29938585988437 94.928356259382312 7.2850078567140937
124.83116467371372 94.66222770322068 7.3461376802198473
124.35546997788865 94.409882930154964 7.4110387654482777
123.87406514941522 94.167283394961672 7.4790313855879722
123.38934634763903 93.929133481453306 7.5493388549792932
122.90382086489981 93.689990714106415 7.6214524484834323
122.4196154506449 93.445408308315223 7.695433303862993
121.93815721002809 93.192821601332099 7.7721187896885064
121.46009729622428 92.932055494501256 7.8532670081268803
120.98550299601411 92.665178205466447 7.9415464191210692
120.51409502898233 92.396418025216491 8.0406385016564066
120.04567723627035 92.131461308342992 8.1551446534470138
119.58054434105561 91.876550411104276 8.290342907582545
119.11980380014737 91.637418339801641 8.4517195660562887
118.66547645467712 91.418341788586829 8.6443392174104634
118.22041258208515 91.221507491155549 8.8722518809156572
117.78811958039547 91.046451114848381 9.1378422193290021
117.37238086965904 90.890104696569011 9.4414659382694719
116.97684959703633 90.747326588864354 9.7814294443007146
116.60465256879934 90.611893963151203 10.154300670290848
116.25816170014009 90.477658317195235 10.555538221555562
115.93882880975215 90.339575888993295 10.980099854436991
115.64707516116331 90.194631760993715 11.423095586180576
115.38229038903208 90.042245216879365 11.880300612742827
115.14288785726599 89.88412590663458 12.348411532538375
114.92642031415839 89.72362010973923 12.825088513788907
114.72980700857273 89.564739437076142 13.30875126183226
114.54949956426483 89.411220773507907 13.79841443332853
114.38178121816689 89.265516978536681 14.293409752908541
114.22311858583775 89.128140498357297 14.793173665665956
114.0705289662581 88.997443948149368 15.297110026020786
113.92187424363421 88.869839138468862 15.804492740374666
113.77596524481828 88.740300400174803 16.314378785681164
113.63269838908991 88.602761425359915 16.825439878797585
113.49297065254488 88.450663021888133 17.335742777395676
113.35856530989275 88.27734616408739 17.842488143297388
113.23201715821467 88.076475495820262 18.341813806803746
113.11647671786859 87.84248098814453 18.828801739126678
113.01560698956403 87.571008473192549 19.29761747575915
112.93349801680014 87.259481853111552 19.74177419700947
112.87452171719639 86.907500964108209 20.154638957377038
112.84316417000997 86.517035693020333 20.530029816282848
112.84378219915106 86.092285630994539 20.862855511223749
112.88029766097709 85.639140681754881 21.149573112679096
112.95577427757341 85.164567072651678 21.388640294722457
113.07183312846867 84.67575303655839 21.58089425710984
113.22800417449221 84.179185527285696 21.729709362538998
113.42115261275036 83.679914928593575 21.840949711863342
113.64501918755171 83.181059238787213 21.922712682988038
113.89041136964467 82.683893134924347 21.984701619170906
114.14523153552437 82.187952026469588 22.037710415703192
114.39519391573765 81.691673965184222 22.092765072612377
114.62488748038814 81.193282963164364 22.160267488837931
114.81910270721684 80.691781050656374 22.249225291730987
114.96422876556719 80.187852681850984 22.366715941163605
115.04925550444118 79.684375149146334 22.517726255214473
115.06688494943766 79.186968443024 22.704898275424068
115.01399663537811 78.703985339637725 22.928587692823815
114.89133652506095 78.246012074571595 23.187008925979658
114.70283677742088 77.825092460752899 23.476258052158038
114.45445507997715 77.453573980231667 23.790543425305874
114.15323979930992 77.143012358176023 24.122529583311088
113.8066827623811 76.902914412159035 24.463807486168196
113.42240819304105 76.739690761272271 24.805802163570149
113.0082698533126 76.656016130239152 25.14079273699398
112.57265235589993 76.650698956400376 25.463001659402963
112.12472550891279 76.719277910898896 25.769289665467429
111.67458903715202 76.854802984814498 26.05956752153023
111.23326612892625 77.048736154306837 26.336972880529196
110.8123099527658 77.29198763321466 26.607320619693773
110.42311045746115 77.575650529689739 26.878108403820573
110.07593439708226 77.891456001481302 27.157184734339591
109.77917316445561 78.231901408702441 27.451545964563849
109.53864357009857 78.590321811264857 27.766319826093209
109.35717489784675 78.960903513190857 28.103987832328588
109.23474312098131 79.338683371491527 28.464129079773151
109.16904192992962 79.719574599606375 28.843602764881869
109.15634936699865 80.100414801801236 29.237041171312399
109.19244854535437 80.478860460183895 29.637686985855698
109.27333412499473 80.853328718837176 30.038127430627238
109.39572477853669 81.222757137970049 30.431308110037872
109.55710093352418 81.586341899887714 30.811431631003064
109.75536318298806 81.943356359195874 31.174617089376913
109.98831476373988 82.293113527043829 31.519157215603972
110.25329862389331 82.635013380939498 31.845295544073618
110.54695740219061 82.968636161611954 32.154988789549577
110.86534355123699 83.293795492842023 32.451188037614209
111.20430390314695 83.610494879199649 32.737089537460839
111.56000589628863 83.918797922984481 33.015420387400411
111.92935541372752 84.218664012112299 33.28800818781712
112.31022876035158 84.509792432932741 33.555633240104967
112.70158617038904 84.791447852872764 33.818076924293813
113.1033135772483 85.062333743796856 34.07449169430361
113.51595100128696 85.320536002946398 34.323846069320886
113.94038876749053 85.563547194483988 34.565324333924885
114.37762854570144 85.788398891154344 34.798509478001996
114.8286501469032 85.991772320327229 35.023441985951266
115.29435699248455 86.170143329162187 35.240521285432479
115.77560066426825 86.319898644981123 35.450324646376707
116.2732165462708 86.43740055512022 35.65347853588932
116.78803873594534 86.519009825744661 35.850612857639305
117.32090140919689 86.561087291332157 36.042357329775157
