#spline3d 5 120 5 120
77.042632231589536 107.58074213876095 2.9153032714172067
76.742674437931512 107.82791764213671 3.3871638516148157
76.437762013859228 108.08108146799862 3.8676693730769891
76.128117955985232 108.33333560756301 4.356370088574919
75.813964923396526 108.57778183745458 4.8528161525042997
75.495529473418387 108.80752472333357 5.3565587862874162
75.17309105965505 109.01571584377287 5.8671612984274484
74.847098484791971 109.19571186965072 6.3842066996677982
74.518303505185685 109.34137876863078 6.907263658700546
74.187835035126952 109.44747041154572 7.4357970405708267
73.857176667394924 109.50994057642964 7.9690527559211457
73.528079714933384 109.52610173211879 8.5059598463703452
73.20248454191443 109.49455898751232 9.0451069746886734
72.882534925920879 109.41510494545724 9.58476563916442
72.570711904103007 109.28849059843718 10.122979254321889
72.270084452107298 109.11610279587518 10.65768145623298
71.984601704150947 108.89958783160691 11.186796816080845
71.719315156810325 108.64054847374506 11.708301651839756
71.480395885504336 108.34049872024939 12.220254474982475
71.274908746263336 108.00115881798519 12.720808523580839
71.110381457322717 107.62492644206384 13.208187540085769
70.994318488939683 107.21532638096689 13.680604137252214
70.933668591938797 106.77730307331019 14.136089881619419
70.934315814575541 106.31716357044454 14.572252628707679
71.000613362877402 105.84223104545326 14.986046947954023
71.134975611891676 105.36031823554194 15.373683465653546
71.337613209309467 104.87916196228264 15.730762287678857
71.606436000338078 104.40589108626548 16.052612636060221
71.937215497783853 103.946586622236 16.334759110057895
72.323891578422604 103.50594850803657 16.573391302619058
72.758947241286833 103.08700994835039 16.765839261316767
73.23394675176165 102.69104514774969 16.910924183811321
73.740098143297317 102.31762986791817 17.009136188392134
74.268815448760662 101.9648682318678 17.062582079269585
74.812237569628479 101.62974804054673 17.074725890366846
75.363663519642131 101.30859832174997 17.049996634056004
75.917862816330384 100.99756837113306 16.993411642083267
76.471152506216143 100.69301871097126 16.910305179342622
77.02143125363051 100.39182265661708 16.806180387971658
77.567954351446218 100.09151419377569 16.686570472171937
78.110977639998836 99.790271125215952 16.556864130961245
78.651311544987394 99.486766786583203 16.42210326876355
79.189880088891982 99.179957018060591 16.286838159491754
79.727355865900776 98.868854595723803 16.155111389505311
80.263900951776193 98.552331264142168 16.030585005336299
80.799094313565618 98.229036021625021 15.916781013979209
81.331964564011642 97.897439253095172 15.817353154357454
81.861194242670251 97.556058686205162 15.73631539870294
82.385406871825779 97.203823215901068 15.678062971415152
82.903454872457047 96.840483019356412 15.647139123148717
83.414615225454156 96.466932609649334 15.647835850875317
83.918615425837203 96.085314706861908 15.683793235416642
84.415449023939559 95.698831266568675 15.757739815729073
84.905028524185326 95.311271517102213 15.871476930712108
85.386780661000898 94.926428800344425 16.025961273597744
85.859269703564621 94.5474585394158 16.221425979980509
86.319995785795854 94.176357144700646 16.457452146842847
86.76541616726233 93.813670790311889 16.732948978474234
87.191165702301902 93.458454748499051 17.046079929585048
87.59241792087964 93.108474527040784 17.394202744130705
87.964304039388878 92.76059622686364 17.773896668134039
88.302313228028737 92.41131780464903 18.181146464320971
88.60263661137121 92.057309428776861 18.611618073937354
88.862507947686268 91.695915699849181 19.060959167748386
89.080458455352343 91.325436529125028 19.52502307734111
89.256492510743911 90.945077687376781 19.999897621246866
89.392177447145471 90.554610319524045 20.481740817894913
89.490641011890077 90.153893994092059 20.966517654086886
89.55642919523514 89.742454070662916 21.449787331628372
89.595206294857221 89.319246578695868 21.926655454426839
89.613325748912374 88.882659053895267 22.391921647551843
89.61738325894639 88.430670529960082 22.840383343169243
89.613731476412397 87.961219744075009 23.267316178418728
89.608102342018611 87.47266823618132 23.66902781356341
89.605387355596918 86.964264138636082 24.043378173788184
89.60960004761796 86.436486071154619 24.390125173679156
89.62400109013268 85.891181392653323 24.71098937311719
89.651360953891952 85.331498769712553 25.009433373407703
89.694294718725303 84.761599648126065 25.290156231864472
89.755551191685328 84.186366644047624 25.558593941375811
89.838145407067316 83.61101562667649 25.820358343068445
89.945191130059868 83.040774440441012 26.080887364802113
90.079461618446459 82.480679508327611 26.345388782762871
90.242819479885583 81.935508380081856 26.619040007835491
90.435697857514725 81.409807683383576 26.907266685495003
90.656725109879574 80.907956041767179 27.215886012325214
90.902663785563206 80.434240562119101 27.550959102298165
91.168523084774023 79.992951453178861 27.918354089103882
91.447995346409641 79.588541290582171 28.32297548776442
91.734174768731336 79.225871459777522 28.767798663836423
92.020334097286153 78.910533584731056 29.252952065721811
92.300498939382749 78.64916622334718 29.775136830988799
92.569597320079609 78.449583938968047 30.327636955775667
92.823220740086256 78.320526566808539 30.900846250946021
93.057190928113357 78.270861328403086 31.483294847112305
93.267202749306037 78.30835701095495 32.062802828331478
93.44864760008636 78.438077209176683 32.627730646067917
93.596684757431944 78.660867876042403 33.168133766667765
93.706455779441484 78.972378354059941 33.676620463141319
93.773296944384882 79.362937683150648 34.148770859896807
93.792863110654508 79.818359947525067 34.583023477386149
93.76116610835706 80.321402839627851 34.98011842480858
93.674627840870983 80.853577572209659 35.34223062809361
93.530243285349243 81.396791164532004 35.672132411971887
93.325906739612265 81.934756202834976 35.972520225925933
93.060799642999257 82.453898446106152 36.245667043441884
92.735729786560483 82.943675349087385 36.493521965811475
92.353326342320685 83.396402049775347 36.718176031524195
91.918059832029471 83.806756304640331 36.922513275152248
91.436110084555892 84.171175019383085 37.110806335087233
90.915144188014935 84.487326206710463 37.289079664382875
90.364027389709818 84.753715027187184 37.465122703415418
89.792596383030855 84.969468831311119 37.648369278459469
89.211364935085399 85.13416279779554 37.849490767084028
88.631269717648138 85.247698498941403 38.079946069491093
88.063464254874518 85.310191734218037 38.351588172063515
87.519185624629117 85.32186916714636 38.676412654305345
87.009689079692393 85.282991272247116 39.066442973443259
86.546230878972921 85.193821218531156 39.533703855689794
86.14006720254865 85.054621929344734 40.09021994299507
