#spline3d 5 120 5 120
62.00535428480449 85.87125587372536 2.8513164866341927
61.621084390068773 85.877471933792023 3.5127191362485495
61.222396586947745 85.602317758399394 3.9344754544331888
60.852065338610437 85.177105372707729 4.2536663640240713
60.554651275418998 84.739124143460117 4.6140501465881343
60.367005925382415 84.382446367823022 5.1149047625985755
60.218178202437393 84.076454061716376 5.6617363836954659
60.160429674641421 83.765153707524803 6.21831931864181
60.228158963603924 83.416086742149403 6.7589178733491178
60.443843311539766 83.053611050167746 7.2386990156140518
60.730643826725903 82.71216765308094 7.7034316409506518
61.044000803797047 82.392795249108829 8.1578070886345824
61.482251669900528 82.147616269423906 8.5504010439355493
61.980007569043963 81.890620245277603 8.8766421667048832
62.516395218559126 81.637959127594485 9.119798149266428
63.134536786665691 81.491559298173868 9.2132605524183138
63.760104436088241 81.358784635198376 9.2703735620867178
64.37134640933256 81.193363247218244 9.3498857266232402
64.998097869005292 81.089923685113547 9.41387525697548
65.630844224136339 80.999188013029752 9.3951068638660793
66.243989994479307 80.827348116620087 9.3170088730637914
66.840235573468718 80.620408934306226 9.2185287390673736
67.438988610517711 80.422043737293933 9.1220097589853708
68.041135087429168 80.21912178899052 9.0534322917881376
68.645772606082701 80.020064769124943 9.000999084202034
69.264200955857987 79.873153108407365 8.9401367887967442
69.885820863337813 79.731569127842675 8.8939076208186378
70.501347322637002 79.56303365856202 8.8820595518939225
71.113132948846712 79.375522711816032 8.9129363972932776
71.716851448461043 79.160808243675262 8.9321969856231913
72.31835885404557 78.988065100137717 8.8064936726697134
72.926567924540166 78.832019784881865 8.6795301224828041
73.535525909469911 78.642113749657085 8.6316689931869934
74.132103685590536 78.414717849927385 8.6181337139047436
74.729622879345499 78.186014389436949 8.6291092272226795
75.338318139718751 77.994369645472432 8.6755270375225653
75.954943599763169 77.87540154093351 8.7934746331468041
76.567593204937978 77.755715283873116 8.9374173499335399
77.157172005720639 77.587898079778171 9.1206094332988208
77.70871455799923 77.396902666694118 9.3836476845597403
78.237104616494278 77.211342085732312 9.6898489911420622
78.767549730918219 77.061961884838979 10.018186115613291
79.260930579213806 76.929705784382307 10.406326141000442
79.645625638430403 76.810584412677059 10.905921992289723
79.979775055505911 76.735783852543761 11.446499367138445
80.331361808984809 76.688914328243939 11.980410542118364
80.642074909484037 76.67706773375977 12.542424186224506
80.77834345761238 76.660802432103935 13.168759216147059
80.842946926130082 76.633029578667319 13.809070897021073
80.883032322973449 76.586591293316175 14.442535937292238
80.861128247145217 76.50676806203893 15.077038912007898
80.766211991900065 76.419862947516279 15.707856620970032
80.558612062776007 76.332651486143362 16.305796296040693
80.294072426905188 76.296248371267254 16.887289115296351
80.055878200911536 76.244670653343093 17.477539110596567
79.8528093094274 76.110529954422461 18.072590766613612
79.680790508220554 75.864911930104256 18.638947290356921
79.48387198148221 75.538333530547504 19.153332500271766
79.277691560987563 75.197348782346424 19.652060339199654
79.099175514587031 74.869245333398723 20.168534284350695
78.893441220223934 74.554104085194439 20.685516179473872
78.666245244720173 74.224337994099812 21.184783539122098
78.348437071005776 73.843617612122401 21.59509210922214
78.008987224215531 73.387028287919748 21.896230815611485
77.737135542913521 72.86765196804123 22.152224664736892
77.541144307144549 72.331281877719974 22.438053596834973
77.345753117732102 71.790028040891187 22.722958913747441
77.172557693475156 71.212149899882903 22.932873522178742
77.031658807984627 70.595456137634059 23.03527696021127
76.910276179907854 69.974443074102851 23.133216786458657
76.805132141547659 69.346005501601866 23.209328482386912
76.593883754583942 68.745336422705378 23.168177436911751
76.349224595363125 68.159174731719574 23.064402664743017
76.166336981213831 67.559227695045891 22.950020434105273
76.007621975368494 66.947479031764601 22.847998989839237
75.892397585647274 66.319441116961727 22.806899429349574
75.8508428687216 65.678038529616671 22.836570935858767
75.816900995106224 65.052161103621188 22.957528998472956
75.793667945090576 64.44072525879092 23.143754180760382
75.819015624168784 63.826953172303064 23.32766593923234
75.931963489280989 63.231488333169004 23.528272656062946
76.166539638864222 62.666038118110244 23.732095051992456
76.503059491102036 62.140902004097228 23.899962911554962
76.976898807813868 61.724654996032918 24.047301914819791
77.525749657983738 61.441555064694093 24.240097577236291
78.080404421534098 61.306327034347689 24.533918109286503
78.641197769077337 61.23786303470564 24.836585297267597
79.213828904079378 61.214104065504266 25.119623707312599
79.78615939839672 61.259876383620487 25.400582820461786
80.338840403380843 61.382801486173548 25.696901562302905
80.889770053408725 61.547090941292993 25.986311537914844
81.396988701735808 61.805385386533736 26.279184320871487
81.799714575697323 62.138951726508324 26.65189749971751
82.175350090669028 62.436979051809622 27.076242929578861
82.555457945987143 62.772460132130057 27.46169410311467
82.894304961708073 63.137120230330495 27.863705932745695
83.173294760183552 63.508515900350041 28.305304850531524
83.384237513586768 63.916166616484816 28.75139901705581
83.507911524121496 64.353554226148532 29.204250469098795
83.56090851502978 64.826794940947167 29.631763277846655
83.546614545573917 65.359379808121204 29.986654512638658
83.512040151738503 65.915450452751088 30.304400655242834
83.473687214385748 66.498361513643673 30.562959284741311
83.410485282011734 67.110750818336612 30.739908827083326
83.28460392260763 67.725539280193161 30.866223190868684
83.103914983404835 68.326717163199689 30.985899151609207
82.908189901687095 68.927147623062325 31.08019551657771
82.711917039533233 69.529604449031154 31.163463289513157
82.501589482882622 70.120011389008781 31.284524317082138
82.257707924887697 70.695397073740878 31.422027581500629
81.990221450419114 71.269901002374951 31.504349133491889
81.714518933870679 71.847864561739357 31.51465773462699
81.421456399514625 72.409601749044526 31.58492466197842
81.102257737410071 72.944758350977125 31.742848522400482
80.748443772971726 73.444368066570334 31.925572274453682
80.377384434288842 73.914901308154541 32.144643227969333
80.000091096435753 74.385226309933529 32.359259684435393
79.601695181399521 74.826942187129632 32.590209680066835
79.164329950837129 75.178170972123326 32.910584054578329
78.670167760208074 75.380965681118028 33.386850930319383
