#fname degree numKnot L1 L2 L3 L4 MSE traceH AIC AIC0 GCV GCV2 cv_avr cv_stdev cv_error ts_avr ts_stdev ts_error sigma0 sigma_opt
00001636.nii_L_ICA_labeled_d5_cp120_lmd1d0.000_lmd2d0.000_lmd3d0.000_lmd4d0.000 5 120 0 0 0 0 2.83407055646292e-005 120 -412.205408214407 2307.93394750088 -0.0212943957189224 0.00912616959384214 0.186908647868926 0.175971019840788 0.807786848197545 -0.0655632708696968 2.26855869939268 2.27927733995782 1 3.59745644126455e-005 
00001636.nii_L_ICA_labeled_d5_cp121_lmd1d0.000_lmd2d0.000_lmd3d0.000_lmd4d0.000 5 121 0 0 0 0 2.71918349107735e-005 121.000000000001 -417.164972022923 2313.93361662613 -0.020023983641131 0.00899280702445564 0.188409519280914 0.178605727330432 0.80690118121154 -0.0856487870857511 2.28128271022624 2.29396383321606 1 3.50468173609478e-005 
00001636.nii_L_ICA_labeled_d5_cp120_lmd1d0.000_lmd2d0.000_lmd3d0.000_lmd4d0.000 5 120 0 0 0 0.0001 2.97171023359594e-005 112.854594248352 -444.05888317287 2265.06190939326 -0.031049610819203 0.00896389927581914 0.175764434547916 0.0927215419648365 0.804889540333275 -0.0937833209620467 2.19841647082567 2.21247354220405 1 3.59745644126455e-005 
00001636.nii_L_ICA_labeled_d5_cp121_lmd1d0.000_lmd2d0.000_lmd3d0.000_lmd4d0.000 5 121 0 0 0 0.0001 2.85847629116973e-005 113.787080672431 -448.995991716381 2270.65650182398 -0.028855848918384 0.00883851750886843 0.176611505255183 0.0922299428341973 0.803991572733439 -0.0980579440099202 1.97796779044235 1.99411831778461 1 3.50468173609478e-005 
00001636.nii_L_ICA_labeled_d5_cp120_lmd1d0.000_lmd2d0.000_lmd3d0.000_lmd4d0.000 5 120 0 0 0 0.0002 3.03868097081968e-005 109.306098863023 -459.988408408185 2243.77112995701 -0.0397706821622171 0.00888434286788842 0.174758473306692 0.0916439841552188 0.805765545343739 -0.043354462236959 1.76008175020808 1.77124837730465 1 3.59745644126455e-005 
00001636.nii_L_ICA_labeled_d5_cp121_lmd1d0.000_lmd2d0.000_lmd3d0.000_lmd4d0.000 5 121 0 0 0 0.0002 2.93085952118742e-005 110.195785495751 -464.595613467957 2249.1089392276 -0.0366108073446106 0.00876895695649047 0.175473777931887 0.091156329593632 0.804999519673288 -0.0817792950790911 1.98512997164898 1.99922763530822 1 3.50468173609478e-005 
00001636.nii_L_ICA_labeled_d5_cp120_lmd1d0.000_lmd2d0.000_lmd3d0.000_lmd4d0.001 5 120 0 0 0 0.0005 3.26145315996867e-005 102.711700509367 -481.720422625251 2204.20538141897 -0.0816853617689944 0.00887666980106513 0.173049289859373 0.0896185224385826 0.807236287771204 -0.00622833883557851 1.84250970991266 1.84956984106477 1 3.59745644126455e-005 
00001636.nii_L_ICA_labeled_d5_cp121_lmd1d0.000_lmd2d0.000_lmd3d0.000_lmd4d0.001 5 121 0 0 0 0.0005 3.16421004533988e-005 103.529425974963 -485.418006281828 2209.11145415238 -0.0717202868033427 0.00878209318602557 0.173583685490381 0.0892195060574749 0.806660967727843 -0.0850002021671002 1.73096605596244 1.74755564144353 1 3.50468173609478e-005 
00001636.nii_L_ICA_labeled_d5_cp120_lmd1d0.000_lmd2d0.000_lmd3d0.000_lmd4d0.001 5 120 0 0 0 0.001 3.59745644126455e-005 96.7294013348952 -490.714949649476 2168.3125540616 -0.789409686820008 0.00903112893509364 0.171590864599416 0.0876971211514158 0.808475039194786 -0.0193307707588783 1.68058725374352 1.68962793830259 1 3.59745644126455e-005 
00001636.nii_L_ICA_labeled_d5_cp121_lmd1d0.000_lmd2d0.000_lmd3d0.000_lmd4d0.001 5 121 0 0 0 0.001 3.50468173609478e-005 97.4886541364356 -493.684106216279 2172.86780367969 -0.381769929016832 0.00894944153727659 0.172009243080164 0.0874328543191204 0.808030492969368 -0.0800239738367013 1.58305934129245 1.60044308301901 1 3.50468173609478e-005 
00001636.nii_L_ICA_labeled_d5_cp120_lmd1d0.000_lmd2d0.000_lmd3d0.000_lmd4d0.002 5 120 0 0 0 0.002 4.14079529653567e-005 90.3927652449109 -485.236924624669 2130.29430233759 0.110170260126199 0.00937845993830549 0.170103109391092 0.0854770115685878 0.809716659277202 -0.0591693133441236 1.3791787629616 1.39574287225348 1 3.59745644126455e-005 
00001636.nii_L_ICA_labeled_d5_cp121_lmd1d0.000_lmd2d0.000_lmd3d0.000_lmd4d0.002 5 121 0 0 0 0.002 4.04141541830375e-005 91.0943674252603 -487.943310652189 2134.50362920564 0.124406468782727 0.00929824735517341 0.170413084714134 0.085399845590233 0.809400271180688 -0.0973333060617343 1.4387274805873 1.46072636030417 1 3.50468173609478e-005 
00001636.nii_L_ICA_labeled_d5_cp120_lmd1d0.000_lmd2d0.000_lmd3d0.000_lmd4d0.005 5 120 0 0 0 0.005 5.30401171437827e-005 82.0223075217039 -442.336561953893 2080.07490606164 0.0500193436842667 0.0101829716932844 0.1682080039775 0.0821448727217031 0.8112570302764 0.00164011044466646 1.23762163970716 1.2471146926265 1 3.59745644126455e-005 
00001636.nii_L_ICA_labeled_d5_cp121_lmd1d0.000_lmd2d0.000_lmd3d0.000_lmd4d0.005 5 121 0 0 0 0.005 5.1716527267187e-005 82.6515953930999 -445.721796030537 2083.85025209613 0.0517197656235252 0.0100859272664702 0.168383335213949 0.0823275519720845 0.811101122132164 -0.0162346748061992 1.32383521423012 1.33489229589945 1 3.50468173609478e-005 
00001636.nii_L_ICA_labeled_d5_cp120_lmd1d0.000_lmd2d0.000_lmd3d0.000_lmd4d0.010 5 120 0 0 0 0.01 6.63735773048049e-005 75.9281486119508 -372.158415417445 2043.51379263964 0.0389656040262346 0.0110638702139094 0.166772033110356 0.0796002994818373 0.812432376844531 0.00995405504684866 1.12667651168066 1.13600310574904 1 3.59745644126455e-005 
00001636.nii_L_ICA_labeled_d5_cp121_lmd1d0.000_lmd2d0.000_lmd3d0.000_lmd4d0.010 5 121 0 0 0 0.01 6.46622002375818e-005 76.50664906926 -376.209380071145 2046.9843025069 0.0396013481437298 0.010950173704737 0.166911344156828 0.0798409045761289 0.812317349454409 0.00937005287152797 1.14365847622077 1.1529214285721 1 3.50468173609478e-005 
00001636.nii_L_ICA_labeled_d5_cp120_lmd1d0.000_lmd2d0.000_lmd3d0.000_lmd4d0.020 5 120 0 0 0 0.02 8.44881585781394e-005 70.1423852909453 -261.853882759407 2008.80442971302 0.0341256313930368 0.0121511579401438 0.165161238301323 0.0774349530600825 0.813826551923494 0.0132463834114681 1.06156691245389 1.07101899916508 1 3.59745644126455e-005 
00001636.nii_L_ICA_labeled_d5_cp121_lmd1d0.000_lmd2d0.000_lmd3d0.000_lmd4d0.020 5 121 0 0 0 0.02 8.23551931495649e-005 70.6736490442956 -265.813808354715 2011.99139793908 0.0343988645404597 0.0120261217104849 0.165305005729578 0.0776548071971664 0.813704388938699 0.0131617910602918 1.06770584113807 1.07711521092211 1 3.50468173609478e-005 
00001636.nii_L_ICA_labeled_d5_cp120_lmd1d0.000_lmd2d0.000_lmd3d0.000_lmd4d0.050 5 120 0 0 0 0.05 0.000117341219045585 63.0400269575356 -41.4577206378233 1966.19974139397 0.0315507496857883 0.0138679585312282 0.162591502146979 0.0751859401305843 0.81617441535706 0.0170296958246463 0.93879381348698 0.948910554336216 1 3.59745644126455e-005 
00001636.nii_L_ICA_labeled_d5_cp121_lmd1d0.000_lmd2d0.000_lmd3d0.000_lmd4d0.050 5 121 0 0 0 0.05 0.000114542135118407 63.5134167456046 -44.2764548981095 1969.03927398622 0.0316264053533137 0.0137304488622818 0.162761410377265 0.0753741610039214 0.816022593754458 0.0166880295092139 0.95066787206444 0.960708784002958 1 3.50468173609478e-005 
00001636.nii_L_ICA_labeled_d5_cp120_lmd1d0.000_lmd2d0.000_lmd3d0.000_lmd4d0.100 5 120 0 0 0 0.1 0.000152382517944279 58.0981930316644 209.419872819686 1936.55882973283 0.031266472764458 0.0154638516885914 0.160421903334471 0.0733992761917549 0.818172594720688 0.0251235082903407 0.830806884295804 0.84093161538294 1 3.59745644126455e-005 
00001636.nii_L_ICA_labeled_d5_cp121_lmd1d0.000_lmd2d0.000_lmd3d0.000_lmd4d0.100 5 121 0 0 0 0.1 0.000148684246630877 58.5309340119712 206.394156669666 1939.15421051253 0.0312414256558551 0.0153038541524422 0.160591217259904 0.0736282315210017 0.818024539524126 0.0236279345020766 0.840602119172109 0.850840296014325 1 3.50468173609478e-005 
00001636.nii_L_ICA_labeled_d5_cp120_lmd1d0.000_lmd2d0.000_lmd3d0.000_lmd4d0.200 5 120 0 0 0 0.2 0.000202566311081396 53.5215184676269 583.714027590843 1909.11323528103 0.0321651705816751 0.0174812749845105 0.158356705684277 0.0710388149972245 0.820021627314183 0.0411223514636741 0.763483411791224 0.771962369558801 1 3.59745644126455e-005 
00001636.nii_L_ICA_labeled_d5_cp121_lmd1d0.000_lmd2d0.000_lmd3d0.000_lmd4d0.200 5 121 0 0 0 0.2 0.000197309492637563 53.9169792102279 578.292241685476 1911.48448577292 0.0320433797214247 0.0172821020137423 0.158520532026247 0.0712919117856187 0.819880386014255 0.0402646542006519 0.766876926869062 0.775445461870807 1 3.50468173609478e-005 
00001636.nii_L_ICA_labeled_d5_cp120_lmd1d0.000_lmd2d0.000_lmd3d0.000_lmd4d0.500 5 120 0 0 0 0.5 0.000301786107140623 48.0057108802423 1344.93877235497 1876.04696505798 0.0347481182783531 0.0208468864963707 0.155667860030365 0.0684836777903134 0.822483704744834 0.0436187610902652 0.754921917222345 0.763126875888512 1 3.59745644126455e-005 
00001636.nii_L_ICA_labeled_d5_cp121_lmd1d0.000_lmd2d0.000_lmd3d0.000_lmd4d0.500 5 121 0 0 0 0.5 0.000293806605731719 48.35740933375 1337.90749908638 1878.15485768262 0.0345387520683527 0.0205996224086158 0.155831885843995 0.0686484122286957 0.822333984266493 0.0437376858173996 0.750932353646473 0.759162957780894 1 3.50468173609478e-005 
00001636.nii_L_ICA_labeled_d5_cp120_lmd1d0.000_lmd2d0.000_lmd3d0.000_lmd4d1.000 5 120 0 0 0 1 0.000402962985171022 44.2132971953144 2132.17160624226 1853.32162188929 0.0372122174162421 0.0237145589386244 0.153919934471859 0.0671664540355198 0.824117172711969 0.0271882267250358 0.801729647882139 0.811888758437975 1 3.59745644126455e-005 
00001636.nii_L_ICA_labeled_d5_cp121_lmd1d0.000_lmd2d0.000_lmd3d0.000_lmd4d1.000 5 121 0 0 0 1 0.000392932335353108 44.5354544494905 2129.54931113671 1855.2516765872 0.0369761743217335 0.0234485313255129 0.154052187480574 0.0672984427376451 0.823996129191923 0.0363027703593777 0.822381500080438 0.830935241494214 1 3.50468173609478e-005 
00001636.nii_L_ICA_labeled_d5_cp120_lmd1d0.000_lmd2d0.000_lmd3d0.000_lmd4d2.000 5 120 0 0 0 2 0.000528409351831943 40.7257105844427 3115.5265883208 1832.43223077766 0.0399239324832177 0.0267731069481646 0.15268922379316 0.0657768042864771 0.825231867867888 -0.107570356601356 0.69775667633361 0.745603633419954 1 3.59745644126455e-005 
00001636.nii_L_ICA_labeled_d5_cp121_lmd1d0.000_lmd2d0.000_lmd3d0.000_lmd4d2.000 5 121 0 0 0 2 0.0005158593511235 41.0208805015336 3118.62436458121 1834.19963588 0.0396587577572781 0.0264848735349683 0.152774357228835 0.0659242645458053 0.825158773251009 -0.082490698043977 0.496288430558945 0.550281795309874 1 3.50468173609478e-005 
00001636.nii_L_ICA_labeled_d5_cp120_lmd1d0.000_lmd2d0.000_lmd3d0.000_lmd4d5.000 5 120 0 0 0 5 0.000752030161053089 36.5470241165525 4880.68582066921 1807.42451476337 0.0442807802335533 0.0314089441583592 0.151569062007449 0.0639995592473595 0.826208902329097 -0.110639479666688 0.595797424774428 0.652424310230361 1 3.59745644126455e-005 
00001636.nii_L_ICA_labeled_d5_cp121_lmd1d0.000_lmd2d0.000_lmd3d0.000_lmd4d5.000 5 121 0 0 0 5 0.000734009597241455 36.8099770240064 4886.02588505088 1808.99704228572 0.0439413700499148 0.0310628265251578 0.151632369065877 0.064119559823891 0.826155090325798 -0.111700375322809 0.574436254147502 0.633423357395284 1 3.50468173609478e-005 
00001636.nii_L_ICA_labeled_d5_cp120_lmd1d0.000_lmd2d0.000_lmd3d0.000_lmd4d10.000 5 120 0 0 0 10 0.000991583263854411 33.6854339306205 6781.29609796692 1790.32396494139 0.0485116729693383 0.0356603701129602 0.150968495526917 0.0623528979724933 0.826681834938673 -0.0522277843263062 0.386048954476211 0.438257530518531 1 3.59745644126455e-005 
00001636.nii_L_ICA_labeled_d5_cp121_lmd1d0.000_lmd2d0.000_lmd3d0.000_lmd4d10.000 5 121 0 0 0 10 0.000967057130877443 33.9263820402769 6783.81089764523 1791.76259007303 0.0480939270066701 0.035249988666687 0.151013287259511 0.0625232890953583 0.826650040797289 -0.0511492248984386 0.399011877668932 0.449221563829554 1 3.50468173609478e-005 
00001636.nii_L_ICA_labeled_d5_cp120_lmd1d0.000_lmd2d0.000_lmd3d0.000_lmd4d20.000 5 120 0 0 0 20 0.00132293533099051 31.0594854465225 9418.23118715283 1774.66370343213 0.0537681154832933 0.0407689199049494 0.150348319806102 0.0603215218456983 0.827149622563847 -0.0600277217920375 0.317214745517597 0.383351156763484 1 3.59745644126455e-005 
00001636.nii_L_ICA_labeled_d5_cp121_lmd1d0.000_lmd2d0.000_lmd3d0.000_lmd4d20.000 5 121 0 0 0 20 0.00128926891900156 31.2802814339863 9415.7352062566 1775.97878343026 0.0532606386152331 0.0402814426692052 0.150410091969444 0.0604993288839506 0.827101001800782 -0.0596969660295497 0.320416470917196 0.385820357103785 1 3.50468173609478e-005 
00001636.nii_L_ICA_labeled_d5_cp120_lmd1d0.000_lmd2d0.000_lmd3d0.000_lmd4d50.000 5 120 0 0 0 50 0.00194397525609636 27.9179141517546 14371.213978918 1755.99313516196 0.0621704121569947 0.0488233319556239 0.149213266041774 0.0576389403830334 0.828090615003863 -0.0620081858286222 0.286081628651413 0.359210423171782 1 3.59745644126455e-005 
00001636.nii_L_ICA_labeled_d5_cp121_lmd1d0.000_lmd2d0.000_lmd3d0.000_lmd4d50.000 5 121 0 0 0 50 0.0018961215965184 28.1146564734397 14383.6014422334 1757.15980723811 0.0615783865318111 0.0482551636055926 0.149292106572023 0.0578109101027839 0.828023954504132 -0.0618551437317039 0.28788447705744 0.360555729886669 1 3.50468173609478e-005 
00001636.nii_L_ICA_labeled_d5_cp120_lmd1d0.000_lmd2d0.000_lmd3d0.000_lmd4d100.000 5 120 0 0 0 100 0.00255669603474933 25.7685198237577 19263.5496048633 1743.27323277823 0.0691160580014144 0.0555324980905142 0.148320987468593 0.0556590325187472 0.828845422370157 -0.0660834567866151 0.260182320972774 0.341571999017295 1 3.59745644126455e-005 
00001636.nii_L_ICA_labeled_d5_cp121_lmd1d0.000_lmd2d0.000_lmd3d0.000_lmd4d100.000 5 121 0 0 0 100 0.00249828408120782 25.9488409815924 19318.924503648 1744.33833708262 0.068497830763105 0.0549322405576328 0.148393801665474 0.0558246040980731 0.828783908531691 -0.0656223276986281 0.262608341190458 0.343126568617038 1 3.50468173609478e-005 
00001636.nii_L_ICA_labeled_d5_cp120_lmd1d0.000_lmd2d0.000_lmd3d0.000_lmd4d200.000 5 120 0 0 0 200 0.00331650188000517 23.7970642833818 25334.4653608571 1731.66332361941 0.0765696216142385 0.0627761926898655 0.147546350737888 0.0538670840833359 0.829500017313195 -0.0713746213178164 0.236817316228233 0.327763583731033 1 3.59745644126455e-005 
00001636.nii_L_ICA_labeled_d5_cp121_lmd1d0.000_lmd2d0.000_lmd3d0.000_lmd4d200.000 5 121 0 0 0 200 0.00324220666561961 23.962347228949 25420.2483529981 1732.63362427107 0.0758808219536518 0.0621079180924913 0.147607255848274 0.0540069973555418 0.829448339044654 -0.0709726392669508 0.238444001057976 0.328664041772759 1 3.50468173609478e-005 
00001636.nii_L_ICA_labeled_d5_cp120_lmd1d0.000_lmd2d0.000_lmd3d0.000_lmd4d500.000 5 120 0 0 0 500 0.00480796668325073 21.4393236749988 37260.4735889262 1717.94642183244 0.0892775202816738 0.0749164398656947 0.146763439022219 0.0521177623298025 0.830169620651763 -0.0778049201383648 0.21685224924283 0.318318950692242 1 3.59745644126455e-005 
00001636.nii_L_ICA_labeled_d5_cp121_lmd1d0.000_lmd2d0.000_lmd3d0.000_lmd4d500.000 5 121 0 0 0 500 0.00468109603296708 21.586646818329 37230.1815946654 1718.79382194514 0.0882661397493787 0.0739622772587648 0.146807388686834 0.0522070889396781 0.830131370663447 -0.0773867530351684 0.218056546505023 0.318835379787911 1 3.50468173609478e-005 
00001636.nii_L_ICA_labeled_d5_cp120_lmd1d0.000_lmd2d0.000_lmd3d0.000_lmd4d1000.000 5 120 0 0 0 1000 0.00676050034917096 19.8265755187708 52882.1106396007 1708.83226259086 0.103623241235813 0.0883011113727521 0.146300954852804 0.051313493377864 0.830581117230508 -0.0840085554401874 0.197483549786845 0.310212081569426 1 3.59745644126455e-005 
00001636.nii_L_ICA_labeled_d5_cp121_lmd1d0.000_lmd2d0.000_lmd3d0.000_lmd4d1000.000 5 121 0 0 0 1000 0.0065478724365255 19.9616269951192 52560.814560665 1709.58133461011 0.102161796747442 0.08694520177291 0.146339378258514 0.0513677794196451 0.830546122951876 -0.0833647114283745 0.199700211826459 0.311133920557149 1 3.50468173609478e-005 
