#spline3d 5 121 5 121
122.27403203954093 113.47293696453856 2.5289281889473356
122.71321888928391 113.28049568697337 3.3635881779144978
123.15214619580931 113.23585254043688 4.188801534032903
123.59452515613563 113.25387222421375 5.006683183813192
124.02260933440286 113.23943729680838 5.8422291037799239
124.52706166815592 113.06180044519311 6.610440905394011
125.08569169081196 112.86276142076508 7.3345056287162906
125.53665455980195 112.84365135678992 8.163171606327607
126.20940582723 112.75646052157776 8.820873350343847
126.92225693856216 112.82284887876098 9.4240407539499458
127.71576728187181 112.92357158532452 9.9078049991427015
128.40688964299693 112.84158634939344 10.549622970009494
129.1319294329794 113.04565917148356 11.115585396617448
129.74388124458551 113.14117311592419 11.822445799632357
130.41974496349491 113.18772020940929 12.454554805611826
131.05223783891762 113.26079126938548 13.154859691713705
131.79546113732363 113.20992404163002 13.705458374119427
132.54110474204427 113.31707154304023 14.28967544221231
133.20137077433688 113.30510211455903 14.914889334081803
133.82796555714202 113.15398396950859 15.663276870971218
134.21434656432339 112.64276714389217 16.332158515252775
134.69332520491253 112.03468115657738 16.898815296231646
134.96963698552415 111.41932010808551 17.522975894324887
134.97956922730916 110.52232482518301 17.962945563963036
134.83706677190571 109.87173810762762 18.589410339747992
134.32105389835093 109.1374232357786 19.001465410138657
133.93825530235233 108.44442181096197 19.428987168631874
133.18106095201097 107.82490254233683 19.630740051364839
132.47840034748967 107.29024577120273 19.768148200378334
131.7359846797543 106.68215121552322 19.804687249434721
131.016798243777 106.11054377281792 19.781493776966787
130.1534036651029 105.71903526505197 19.621437470598096
129.49743468997772 105.09422792310791 19.396559782066255
128.74352916469482 104.62354018087812 19.071462586949661
127.97409960675928 104.11321436708585 18.955122633664626
127.30055402640879 103.47345332748961 18.788673954532634
126.43679305948037 103.10048344085426 18.633361933081982
125.67199431098057 102.75073465204947 18.225465098409007
124.89013565485423 102.34844202482526 17.920659894721396
124.08868153533962 101.90317963007686 17.706612391755755
123.28033805081964 101.60332327861229 17.347937393047982
122.40614903203152 101.41171880427372 17.05661400830477
121.58613434913889 101.04712653997862 16.803986229385316
120.74814653634863 100.79777787124351 16.45539760419603
119.93313461551092 100.35167867569108 16.284099625560188
119.07663137627976 99.971023059010037 16.316449020197705
118.18956066516401 99.68251338240843 16.371913621407234
117.3770225592163 99.229919857026758 16.52179149898873
116.55488034500814 98.904749328109588 16.831601702656613
115.73419074541926 98.61283931150281 17.160299880377096
114.97519833052141 98.302173248074112 17.630215749334887
114.39380962000872 97.833020287501739 18.20912694694233
113.87734809341441 97.542604997301225 18.935428139292032
113.19193195828865 97.264471280096188 19.521258975596016
112.71705712082793 96.906821037591129 20.244863339894763
112.28613053176583 96.55343968554746 21.002027239528939
112.05716405731214 96.233802412813532 21.852698528585577
111.89601555386572 95.923629795061913 22.720621561825176
111.69057921692931 95.79805297805251 23.630930490313791
111.76387755175043 95.493253016312593 24.529263186989375
111.51612440220738 95.374768414885395 25.432134776983709
111.55302908835159 95.121796417132487 26.349360518471006
111.46206700709568 94.636822041003398 27.148165681822512
111.66866214036219 94.171394839558673 27.960957681724182
111.5178892708614 94.120933201659653 28.925194111860126
111.61102196521362 93.888683261918843 29.819533646054698
111.52570601133186 93.598030161744305 30.713985235639047
111.74295207614044 93.326581430446154 31.594170474347905
111.75148052708354 93.020121701279308 32.473820884823219
111.75257737975181 92.424953734504882 33.24178991288592
111.52830373205282 91.695509354823301 33.782836400462521
111.42551548412591 90.852911204533356 34.202242906605591
111.08842858532228 90.03633670663838 34.529801046443232
110.69481499723737 89.163749704985975 34.535078012562337
110.51815733013993 88.245522396979453 34.360132662519185
110.16858472088688 87.520527435744924 33.827842342753847
109.95831068568168 86.95500585895617 33.092611267265795
110.05289286126977 86.615544437312451 32.19650003449069
110.02666377348031 86.501144026737364 31.279772435722876
110.1728545893705 86.283314461935291 30.351778785262386
110.72107741304153 86.316276514534252 29.558047304541113
111.25890403476764 86.357034494081915 28.823942124300665
111.78469764266279 86.569740517393996 28.024347832881041
112.70367436459992 86.45554932238349 27.679903538626185
113.53794459746076 86.326109598556684 27.347347250205047
114.44901552183622 86.036497079673339 27.153691264478216
115.15587125129903 85.417815498118699 27.123125159347811
115.81417356031331 84.735830351710845 27.107621038961486
116.21719483066971 83.905652631142843 27.240281347063064
116.71155695247428 83.079348083277935 27.311098512781047
116.89886083856793 82.325351700628687 27.909135107285874
116.97351463906064 81.518805758366938 28.364969165091249
116.71120953881642 80.764461292822318 28.899537034412408
116.3926449581319 80.245182963032619 29.622006169548008
115.90913185732998 79.794711757968912 30.288201918177649
115.16905368160721 79.662782703573427 30.914106483006289
114.48347973888229 79.838248133307317 31.515111437544117
113.71605412190382 80.003939137911701 32.03114357540111
112.99197389696549 80.247660716699485 32.562802307351411
112.29929931304369 80.57638366264068 33.100224301856791
111.60123428121869 80.787309294523709 33.685568459733283
110.89785755152759 81.025393160232184 34.252489679915683
110.29383297316735 81.636639472087452 34.712750857443567
109.93677639721052 82.102118855287245 35.444070904859316
109.50865349645744 82.516301973534411 36.165357600754795
109.19382032532697 82.888752193533733 36.961781539038313
108.93300434483847 83.349507300952141 37.735216530370863
108.67315592439461 83.581267595890893 38.61506158071527
108.65040117374494 83.916881543291396 39.491721058320465
108.56064052086076 84.099871578267582 40.405175954236725
108.46700477688508 84.432815096996578 41.273969989940554
108.46760455594638 84.632009078986897 42.19104666583987
108.56757636853798 84.985408073001409 43.059400539684603
108.84355045727611 85.088423357961005 43.956388173734794
109.12415922615708 85.151983563856064 44.8436776407491
109.59963022723677 85.122297423176974 45.658921633717213
110.01262594500021 84.924841551621981 46.476413020001594
110.64289013226337 84.867617313810896 47.179391608419039
111.18480935583605 84.769159003854668 47.925972214135484
111.75148908124746 84.513108509588676 48.63840287305122
112.35820572745615 83.932625383722552 49.285161754633009
