#spline3d 5 120 5 120
61.697683808059985 88.809752733461195 1.6102645372342599
60.837008122560981 88.45054197307779 2.2104113328064106
60.182398654184851 88.095634008030018 2.8596507029011602
59.72040770847169 87.745897050682629 3.5433528247092396
59.437586806738409 87.402198728866395 4.2468884590997202
59.320483035563669 87.065404168649081 4.9556268345160914
59.355453604813121 86.736255890813609 5.6549669833763181
59.528363824063383 86.415170951600416 6.3304661806737927
59.824178809179607 86.101949219651075 6.968234559151
60.226962030269839 85.795712498151431 7.5555368146034736
60.720132997909438 85.494985914480665 8.0814824847483298
61.287105958894202 85.198005542712295 8.5380136868712295
61.912014506370461 84.903177566078256 8.9202589958865453
62.580438543330807 84.609512962275701 9.2271102997300467
63.280060496859285 84.316924559238913 9.4612750576758025
64.000678637072113 84.026053755270723 9.6284753094310336
64.734428454915459 83.737974432887484 9.7369323452373546
65.475351548487211 83.453493639199351 9.7959869839645641
66.218926900814736 83.172580509179681 9.8150172282649883
66.961666542774807 82.893748763562982 9.8023396117645305
67.700654728785693 82.61404554639536 9.7646594003922615
68.433373980810671 82.329274679896756 9.7068621414336818
69.157720186742196 82.03468082455548 9.632181147145376
69.872107070931477 81.72580111100892 9.5428405745691336
70.575696600156206 81.399266001931437 9.4405222611704982
71.268506509789745 81.053333707037055 9.3269560700789693
71.951258418266235 80.687747494608345 9.2042515355340608
72.625144321121937 80.303442424101632 9.0752542797581874
73.291241432457753 79.901593288342767 8.9437687539600557
73.949959540076534 79.482783015025717 8.8147025299363673
74.600340439887049 79.046132859252069 8.6942386784853785
75.239751685971669 78.589126530066267 8.5896620944655382
75.863611764406485 78.107680849899324 8.5092051081059914
76.465377926567768 77.596904184630645 8.4616402208301604
77.03707368288724 77.052229424305921 8.4558239645999738
77.569680577578396 76.470826579584653 8.50031315964371
78.054038325173821 75.853258213189164 8.6030643584589193
78.481592114349297 75.204461704574172 8.7713572835342113
78.845294017051529 74.535206195717194 9.0116274505893745
79.140133503539062 73.861958081373999 9.3291730917107589
79.363439818203631 73.206356173556387 9.7274921634192051
79.515045660016838 72.59386922476213 10.206882143495555
79.596730093816632 72.051266845274 10.763576346126342
79.61182997797917 71.604269377902469 11.388718276424463
79.56468669486182 71.274564420409064 12.068257783455893
79.460387553073005 71.078426867373764 12.784355551162221
79.305084466450097 71.024741832744567 13.516661157810987
79.10681424889367 71.114836327477434 14.244929179646919
78.876315919154791 71.343271185411339 14.950972210671406
78.628230569988631 71.698393769582836 15.620779052227403
78.381172911158998 72.164203390339523 16.245243805163856
78.157318137930815 72.721483188037851 16.820273172738052
77.981108835810588 73.348469691264128 17.346499422400804
77.876958477543752 74.021152899136908 17.82796529155576
77.866866718311329 74.712767392662798 18.271482393447922
77.967285486913482 75.393322288301192 18.685629403577234
78.187666583095435 76.030212503094134 19.079706157327109
78.52798538089381 76.589175982460361 19.462643278011111
78.978471980860149 77.037140942543772 19.841420008159677
79.520567182863388 77.345074352849821 20.21979070869072
80.127984109983004 77.491999887715082 20.596503461333096
80.770095482594172 77.467099409121602 20.964872593355928
81.414748830684601 77.270969534999736 21.312797460419208
82.031632073112206 76.91586309792379 21.623686997548148
82.59447221686807 76.422832609547982 21.878842508062093
83.082731064595365 75.81950591366585 22.059750755497639
83.482526883245853 75.13636833648664 22.151461742709849
83.785632948086089 74.403600862385929 22.144510924768916
83.98926390689526 73.648286837151232 22.037503636756153
84.094419003301084 72.892279325875847 21.837681478032177
84.104449453989062 72.151575339965234 21.559926415686675
84.023903798812597 71.435519084246664 21.225727944598972
83.85758272536134 70.747883940475759 20.860213755207123
83.610327732311418 70.087878363010944 20.489838919673712
83.287447449183688 69.451434166668932 20.139950143655671
82.895482433966407 68.832883120657129 19.833513606405877
82.443147367071063 68.226135517622097 19.590311270419086
81.942282131094998 67.626148792874488 19.426754964005923
81.407946104429527 67.029771777808051 19.356363483458566
80.85894660917964 66.436820481320382 19.389508183987989
80.317369462653261 65.850511055286418 19.53321662124069
79.80777141382444 65.277443469871699 19.790667786856197
79.355986794574932 64.727723150580672 20.159830045828439
78.987056625841674 64.214198178913833 20.632959341816512
78.723182422082431 63.751797875331093 21.196214608498931
78.580931958491334 63.3563821565156 21.829866772738644
78.569966789068602 63.043293722045846 22.510239226477299
78.691300042406752 62.825824781976017 23.211461234865538
78.936770486340919 62.713472969981375 23.908574096090547
79.290499195563669 62.711333111985816 24.579853698059345
79.729656893691001 62.819035281446489 25.20953909510526
80.22726756197936 63.031054385975366 25.789272222480381
80.754550970049735 63.337505854446555 26.318224852585427
81.283261221264354 63.724930774285902 26.803204461848679
81.787524423213426 64.177911397585376 27.256492523808554
82.24511076841695 64.680284628222566 27.69386228820925
82.638714230513514 65.216607167320078 28.131562692959616
82.955911588041062 65.773094991595215 28.583652394826942
83.189589508018685 66.338528240646639 29.05962126484452
83.337346685750788 66.90475497082744 29.562929590456726
83.400220442786207 67.466400177364349 30.091585238266937
83.381874736256634 68.020737448471095 30.638645968149607
83.287348514130869 68.566669845980968 31.194618695032297
83.122456710279778 69.10382775013484 31.749540558344087
82.893588166271144 69.631626461362018 32.295237623666893
82.607698275578755 70.148583370790831 32.826653780840765
82.272351638628663 70.65185165838416 33.342640462608856
81.895558428229094 71.136898265508535 33.846063300232096
81.485396420254659 71.597764972425196 34.34262380252968
81.049585650775597 72.027262035159495 34.839905616675772
80.59505028749453 72.417591616192269 35.345706777645745
80.127801171704164 72.76081124122345 35.867040093113026
79.652882749970829 73.049132352951148 36.409410353239963
79.174678796649189 73.274958353239555 36.976901668323144
78.697155909756702 73.430805486225069 37.572497608423802
78.224059365498732 73.509230941126376 38.19847821784473
77.759050311053599 73.502805838890339 38.856830733686458
77.305763867749619 73.404106597923075 39.549447027233242
76.867834955003147 73.205709383294504 40.278217932074483
76.448898300938041 72.900190468421755 41.045033642393932
