#spline3d 5 120 5 120
116.2418991002021 79.067822302867611 0.84173328110752377
115.76301964164395 78.709008998778046 0.88886399077893696
115.26795087326164 78.378102151944049 0.91140451956983271
114.76018385568057 78.069411012824986 0.92173048220624132
114.24305196847124 77.777648856227358 0.93211903985798328
113.72198879944463 77.492803039846521 0.95572143170926815
113.19672811549592 77.214210285050157 0.99353037986410764
112.66266126619283 76.963864482396559 1.0646093824331584
112.13045442470265 76.734752101273443 1.1973868570417192
111.60810192346231 76.484811103948459 1.3324185743186125
111.08306632097283 76.22991531532368 1.4445792677600493
110.55690102295992 75.990763419919574 1.5808215539937551
110.04534591716568 75.735973794416083 1.7458300954310293
109.53295551760125 75.486189954881297 1.9147315217596341
109.01415425300191 75.265780029847591 2.1006917241470404
108.49537941250011 75.060828378904603 2.3085375556572623
107.9824414465692 74.870062338553637 2.5447380415911667
107.49511866550715 74.708375612425485 2.8453265618375938
107.04855686958085 74.533991326236887 3.1963613129000703
106.61747657577104 74.323040958294413 3.54848874485105
106.16892994608766 74.136220589263488 3.8956280370484087
105.75848465390689 74.00522981068265 4.3009661596024138
105.40227793389471 73.925900477506346 4.7746839463576149
105.05141522121843 73.858872282970296 5.2562769154820046
104.77308958325698 73.7208819009292 5.7570244098723986
104.58090544116212 73.497395673290598 6.2815084323493524
104.4505757164689 73.293474156173929 6.8233504795324338
104.39782539971552 73.135476298426227 7.3939470891970158
104.31694044558422 73.008710976070148 7.9703910420540414
104.18849448553104 72.929680485246209 8.5454673782349637
104.03122966430203 72.879143110365447 9.1181977493299904
103.88432077684305 72.869227224911441 9.6940213039650676
103.788688157908 72.91452625321007 10.280092226179454
103.7412408361359 72.955115336950769 10.871374854063074
103.71584838246436 72.976047557978333 11.46436792099896
103.67067824392154 72.994200284831749 12.059662777047816
103.66267055179166 73.05076388483036 12.649537915966187
103.75207206120953 73.184321758050615 13.223237718428656
103.87377102948554 73.360623351209057 13.781848387657108
103.97061777738796 73.538690457353113 14.339588013938259
103.99652251442866 73.671504832199915 14.917543035621298
104.01140824287494 73.779026686339648 15.503446049161022
104.02788818400673 73.877987849246281 16.088869678546963
104.04391705257275 73.983851515897683 16.673181801169886
104.08787749939576 74.124130635477286 17.249979885208337
104.16503133130212 74.308174669925634 17.810287421481672
104.25651520730653 74.520305838943727 18.358017877281981
104.33443672176359 74.712308505274478 18.913876401205382
104.42702314008169 74.862020717752429 19.484322804456429
104.55724804393057 74.936053994550306 20.066013917136267
104.70675396346523 74.862110489276887 20.640794388959346
104.80477762756855 74.6472297971725 21.190729546033477
104.8060890872591 74.347442032122785 21.708237187483519
104.81583251802874 73.996316925481409 22.191970139598222
104.84010028369134 73.581526019675863 22.612881144955239
104.80157699941438 73.112838543901404 22.981002703498415
104.71430175936138 72.623942880340465 23.321177420579591
104.60112783775182 72.088498397069344 23.550701646108525
104.43910757125812 71.516345848818489 23.638329497516182
104.25381511620729 70.949231086147009 23.627178555498169
104.05875609166389 70.393933437666732 23.534762662967502
103.87011395882945 69.840747734929508 23.401066816027122
103.74981305837531 69.308287426716504 23.175450803385139
103.67304385438786 68.806885740262985 22.861336933590177
103.59305517742817 68.307663866957583 22.544607731374455
103.55133024063541 67.7914014421047 22.246703291916845
103.62149488100631 67.262192951148052 21.986589724327342
103.79778996007923 66.735187951299906 21.762070038675343
104.01262687941168 66.241822103913265 21.508044217085512
104.26143718951798 65.775264968112083 21.235794675856791
104.54605617765525 65.297434203079476 21.028100273339938
104.86031763352263 64.821376801727538 20.858237633137261
105.20252748052773 64.383104960535718 20.634689022065906
105.56509870264973 63.955736942877508 20.436129646172411
105.92058874549885 63.481197389941165 20.430736195186924
106.24165146186303 62.975237635805023 20.539944350000717
106.49854736842082 62.466702374941086 20.724361675945396
106.66248136324079 61.993241930034721 21.042294983612567
106.76479881931367 61.566772568835944 21.452837711432132
106.86491203737025 61.188555658707422 21.902295328030185
106.92788422682035 60.851607806911929 22.394759473918842
106.84702637932325 60.568808715782133 22.913934355653439
106.65573453123184 60.40975932137426 23.460607649906105
106.42477834230148 60.339990166214555 24.008014483043048
106.12552995235822 60.331459714252787 24.525512597372551
105.75054982364895 60.387453319765775 24.986583299790247
105.31612336167605 60.516115399883091 25.375882656155802
104.85625210267209 60.659667028826988 25.729481825022848
104.41162200341118 60.846878898233626 26.07176124299707
103.9975108650749 61.119327395265593 26.401587345879392
103.57267333380921 61.394989818521388 26.715998881964246
103.12661179418056 61.67457877055508 26.989143526549459
102.67895484786877 61.990158999210678 27.224888584967555
102.25352423286208 62.346880337626835 27.44014523986856
101.84196321166526 62.751121533326909 27.584076282921366
101.44365915448307 63.180176857163062 27.698908242807196
101.10796990971038 63.651081800283507 27.838129645274417
100.8320986574639 64.155029850829052 28.001040676675476
100.60686983725645 64.6619929968044 28.213633992469127
100.42222759684481 65.163778532855758 28.479129229055669
100.26748304897322 65.650418166342462 28.786960341721809
100.16603032154526 66.102008829935841 29.159026317359039
100.10309927642825 66.542958317206413 29.554832588172154
100.06921239602828 67.009583611091486 29.922051351099398
100.07226385702944 67.496175343404673 30.265331005370847
100.12548279697825 67.961427692700042 30.630771738078799
100.22467270534496 68.401419315548011 31.021541743963255
100.33631820269456 68.882901499921587 31.348457131534371
100.45637237721343 69.406128684669866 31.608717033278193
100.58673524073325 69.912703366627269 31.897525763187907
100.75971960919931 70.351966217651466 32.261222059239365
100.97332509713623 70.700200015132282 32.697778927906775
101.22908883104357 70.981469325870449 33.164921990744759
101.561428138222 71.187510943812057 33.612613734913936
101.98604119341968 71.307288553364103 34.012092473888828
102.44791731757191 71.420342877796543 34.374105564901065
102.89569239259487 71.538725227598235 34.744249344285357
103.31727651168688 71.622887121636168 35.152999806187196
103.7173943658924 71.648740795485494 35.607113725910949
104.09904868948843 71.590558638286723 36.115838113590542
