s,curvature,torsion
0,0.157730149966429,-0.110685347886453
0.0543091828137831,0.15651496512901,-0.112958407751693
0.108575879538671,0.155285406565872,-0.115273106345073
0.162803067587074,0.154042654112038,-0.117630323013426
0.21699362201501,0.152787880544455,-0.120030942230991
0.27115031635092,0.151522250330048,-0.122475850623022
0.325275823480329,0.150246918484194,-0.124965933641989
0.379372716583842,0.148963029538959,-0.127502071890897
0.433443470126311,0.147671716620208,-0.130085137054775
0.487490460894537,0.14637410063194,-0.132715987429982
0.541515969081326,0.145071289546042,-0.135395463000937
0.595522179413582,0.143764389508129,-0.138108989614664
0.64951118232956,0.142454536998872,-0.140840943361713
0.703484975217192,0.141142858729922,-0.143590517712583
0.757445463703042,0.139830458516614,-0.146356828840974
0.811394462982789,0.138518416548317,-0.1491389106072
0.865333699189816,0.137207788746596,-0.151935709452956
0.919264810798832,0.135899606205429,-0.154746079309808
0.973189350061713,0.13459487470863,-0.157568776496614
1.02710878447249,0.133294574318863,-0.160402454679103
1.08102449825861,0.131999659033135,-0.16324565991137
1.13493779389666,0.130711088392276,-0.166063475446509
1.18884989366942,0.129429916959373,-0.168818444855045
1.24276194129979,0.128157187530815,-0.171505071998528
1.29667500363622,0.126893896630002,-0.17411766783758
1.35059007236846,0.125640993412223,-0.176650359159182
1.40450806576849,0.12439937864639,-0.179097099072378
1.45842983045236,0.123169903771325,-0.181451679314774
1.51235614315895,0.121953370025937,-0.183707744417685
1.56628771254135,0.120750527652635,-0.18585880767394
1.62022518096734,0.119562075174103,-0.187898268885954
1.6741691263265,0.118388707054083,-0.189769519156052
1.72812006388718,0.117231248441505,-0.191412126152608
1.78207844828221,0.116090492443445,-0.192813623137534
1.83604467555805,0.114967148064969,-0.193961509889318
1.89001908523929,0.113861839055467,-0.194843308284818
1.94400196240061,0.112775103025704,-0.19544661843738
1.99799353974074,0.11170739085334,-0.195759174404184
2.05199399965303,0.110659066395663,-0.195768898515586
2.10600347628737,0.10963040652768,-0.19546395310729
2.1600220575985,0.108621601523678,-0.194832788676109
2.21404978737638,0.107632753251072,-0.193893581966376
2.26808666725959,0.10666387329348,-0.192666276868394
2.32213265873634,0.105714900127115,-0.191142462684037
2.37618768511986,0.104785704430156,-0.189314070570285
2.43025163348967,0.103876090952324,-0.187173386784943
2.48432435659576,0.102985800670728,-0.184713059370677
2.53840567472323,0.102114513236306,-0.181926097834591
2.59249537751561,0.101261849716104,-0.178805865450358
2.6465932257544,0.100427375632854,-0.175346063922064
2.70069895309357,0.0996106043045132,-0.171540710289756
2.75481226774978,0.0988109954597398,-0.167366749384026
2.80893285420361,0.0980279407934727,-0.162800817577731
2.86306037500142,0.0972607777160465,-0.157836856211682
2.91719447256415,0.0965087986231066,-0.152468979074131
2.97133477094507,0.0957712563701564,-0.146691400656575
3.02548087753387,0.0950473701243204,-0.140498356800004
3.07963238470631,0.0943363315926916,-0.133884018766194
3.13378887141996,0.0936373116286879,-0.126842401937543
3.18794990475601,0.0929494672194673,-0.119367270522391
3.242115041408,0.0922719488575973,-0.111452039815823
3.29628382911924,0.0916038855811865,-0.103166669680299
3.35045580809274,0.0909443299762016,-0.0945838653582158
3.4046305124075,0.0902923421015977,-0.0857002943628411
3.45880747140335,0.0896470189165239,-0.0765118528706843
3.51298621101356,0.0890074996764525,-0.0670136156462711
3.56716625504751,0.0883729714612371,-0.0571997934870473
3.62134712642772,0.0877426748568366,-0.0470636995241985
3.67552834838409,0.0871159098157956,-0.0365977256815722
3.72970944561,0.086492041721485,-0.0257933309407454
3.78388994538373,0.0858705076857289,-0.0146410433424244
3.8380693786588,0.0852507977112408,-0.0032689914269308
3.89224728109914,0.0846323856447889,0.00819011648998175
3.94642319401576,0.0840148094179741,0.0197400765864452
4.00059666524872,0.0833976961756929,0.0313852875408861
4.05476725002619,0.0827807615846719,0.0431306588003664
4.10893451180592,0.0821638092049762,0.0549815139203542
4.16309802310349,0.0815467299356039,0.0669434882764653
4.21725736631185,0.0809295015445348,0.0790224203376436
4.27141213451588,0.080312188287889,0.0912242355727378
4.32556193230583,0.0796949406226563,0.103554821960561
4.37970637659211,0.0790779717384676,0.115873041041964
4.43384509739528,0.0784614770858363,0.128031653384377
4.48797773856378,0.0778456819562871,0.140026928715813
4.54210395846459,0.0772308542659694,0.151854624535653
4.59622343067684,0.0766172964043634,0.163509958955664
4.65033584469027,0.0760053372049873,0.174987600968189
4.70444090660934,0.0753953240387316,0.186281678374869
4.75853833986283,0.0747876150356463,0.197385803503446
4.81262788591901,0.0741825714414982,0.208293116996721
4.86670930500537,0.0735805501197275,0.218996349537267
4.920782376827,0.0729819298280752,0.229408239064536
4.97484690114685,0.0723871963971987,0.239435914535599
5.02890269801327,0.0717968181883752,0.249063159422138
5.08294960785457,0.0712111997864615,0.258273580110511
5.13698749157407,0.07063067164555,0.267050855069371
5.19101623064693,0.0700554802161376,0.275379000474592
5.24503572721489,0.0694857786163138,0.28324264763068
5.29904590417433,0.0689216179137093,0.2906273269532
5.3530467052532,0.0683629390836436,0.297519752749862
5.40703809507205,0.0678095657102218,0.303908102701914
5.46102005918456,0.0672612389033502,0.309812061504593
5.51499260409647,0.0667177407478725,0.315251491547027
5.56895575726855,0.066178773752947,0.320217395823593
5.62290956709962,0.0656439166123814,0.324702676864826
5.67685410288285,0.0651126209519939,0.328702326063572
5.73078945473071,0.0645842088965373,0.332213585198367
5.78471573346379,0.0640578714776208,0.335236076610254
5.83863307045957,0.0635326678937253,0.337771899263178
5.89254161745634,0.0630075256215567,0.339825689152818
5.94644154630857,0.0624812413668073,0.341404643394161
6.00033304868766,0.0619525620920987,0.342531752936304
6.05421633567555,0.061420428048744,0.343226048956702
6.1080916371766,0.0608837421773421,0.343492107056685
6.16195920123509,0.0603412937226785,0.343336327616488
6.2158192933078,0.0597917609337796,0.342766857699295
6.26967219549064,0.059233714313279,0.341793485278549
6.32351820569697,0.0586656203712368,0.34042750771208
6.37735763678559,0.0580858458327221,0.338681577046479
6.43119081563624,0.057492662244261,0.336569524765778
6.48501808217176,0.0568842509206739,0.33410616899407
6.53883978832244,0.0562589355929398,0.331461054238393
6.59265629686179,0.0556158927009609,0.328792360632512
6.64646798001921,0.0549545114615355,0.326098505113239
6.70027521801524,0.0542741718889897,0.323377931130049
6.75407839759922,0.0535742443395537,0.320629091079136
6.80787791059341,0.0528540891093696,0.317850425038619
6.86167415244421,0.052113056082909,0.3150403352036
6.91546752078145,0.0513504844274339,0.312197155301037
6.96925841398691,0.0505657023309322,0.30931911410485
7.02304722977295,0.0497580267789722,0.306404291850457
7.07683436377305,0.0489269920319895,0.303614417194486
7.1306202081548,0.0480730540040898,0.301103532302415
7.18440515028743,0.0471969342943045,0.298858110811522
7.23818957147858,0.0462993913325144,0.296864640839565
7.29197384577876,0.0453812155317291,0.295109521822087
7.34575833885284,0.0444432246576212,0.293578944159794
7.39954340691867,0.0434862593944007,0.29225874921018
7.45332939575179,0.0425111790881638,0.291134266502693
7.50711663975532,0.0415188576492948,0.290190123979602
7.56090546109429,0.0405101795976882,0.289410025762182
7.61469616889346,0.0394861650023576,0.288957752482854
7.66848905852528,0.0384483677241093,0.289006108102398
7.72228441103661,0.0373985119983956,0.289551899784143
7.77608249268156,0.036338362262882,0.290592245256983
7.82988355453277,0.0352697179736002,0.292124209830892
7.88368783216713,0.0341944086101316,0.294144353140004
7.9374955454219,0.0331142888153439,0.296648163752782
7.99130689821771,0.0320312336114324,0.29962935440876
8.04512207844373,0.0309471336327824,0.303078984308997
8.09894125790099,0.029863890311328,0.306984367235152
8.15276459230079,0.0287833361847538,0.311437160240234
8.20659222135668,0.0277070133736492,0.316558780398332
8.26042426903116,0.0266364073858028,0.322378657215097
8.31426084385856,0.0255730206236573,0.328927280643215
8.36810203929614,0.0245183691632871,0.336235572394007
8.42194793409785,0.0234739793561376,0.344333989336871
8.47579859270758,0.0224413841727794,0.353251272866057
8.52965406566796,0.0214221191938534,0.363012732961491
8.58351439004118,0.0204177181368579,0.373637923485114
8.6373795898386,0.0194297077864657,0.385137525873619
8.69124967645608,0.0184595166371295,0.397640070827023
8.74512464913099,0.0175082195912382,0.411326311390578
8.79900449544656,0.0165768029513531,0.426278103000227
8.85288919184586,0.0156662477407804,0.442578379102752
8.9067787041337,0.0147775249582971,0.46030868682841
8.96067298796306,0.0139115899215084,0.479545599529551
9.01457198930575,0.0130693754812313,0.500355616514138
9.06847564490435,0.0122517838415701,0.522788045095662
9.12238388270533,0.0114596766755235,0.546865216673027
9.17629662227109,0.0106938631714141,0.572569215687789
9.23021377517158,0.0099548909503741,0.600829553233543
9.28413524538165,0.00924249518007764,0.633124107922245
9.33806092972527,0.00855626557034873,0.670375966389221
9.39199071831805,0.00789586615876363,0.713776517873315
9.44592449498136,0.00726105422000336,0.764878874601113
9.49986213762858,0.00665170617454686,0.825728038733587
9.55380351862539,0.00606785367708012,0
9.6077485051257,0.00550973468043864,0
9.66169695938498,0.00497786673984345,0
9.71564873905223,0.00447315348415776,0
9.76960369744312,0.00399690070299095,0
9.82356168381237,0.00355075322954588,0
9.8775225436546,0.00313777049670543,0
9.93148611900584,0.00276334013680011,0
9.98545224873082,0.00243615731059797,0
10.0394207687975,0.00216910944166813,0
10.0933915125413,0.00197892107393461,0
10.1473643109206,0.00188244064496959,0
10.2013389927651,0.00188893896976992,0
10.2553153850198,0.00199374473330006,0
10.309293312985,0.00218039015250947,0
10.3632726005738,0.00242901709972762,0
10.4172530706172,0.00272263018673372,0
10.4712345451902,0.00304891277459533,0
10.5252168459387,0.00339965174281097,0
10.5791997944108,0.00376959697745139,0
10.6331832123909,0.00415548579263626,0
10.6871669222398,0.00455535916423117,0
10.7411507472406,0.0049681155880881,0
10.7951345119519,0.0053932271248248,0
10.8491180425689,0.00583044984095244,0
10.9031011672912,0.00627939586265594,0
10.9570837166892,0.00673981066723117,0.335222081072614
11.011065524077,0.0072116269986535,0.280159680311439
11.0650464258937,0.00769492308377897,0.232016021941077
11.1190262620941,0.00818989359352169,0.189537088918821
11.1730048765508,0.00869682928170816,0.151752774158239
11.2269821174672,0.00921610257841839,0.117905936121084
11.2809578378041,0.00974815729581358,0.0874005371630213
11.3349318957183,0.0102935011853544,0.0597634487011641
11.3889041550176,0.0108526114466896,0.0347659934652068
11.4428744856405,0.0114256638146991,0.0122149751113033
11.4968427641736,0.012012795977785,-0.00819360855070959
11.5508088743938,0.0126141922637407,-0.0267161635176706
11.6047727078239,0.0132300798807415,-0.0435697195233761
11.6587341643044,0.0138607257560889,-0.058938652545754
11.7126931525813,0.0145064338392779,-0.0729801875127131
11.7666495909106,0.0151675427615403,-0.0858289109195726
11.820603407682,0.015844423771074,-0.0976004804962739
11.8745545420607,0.0165374788753206,-0.108394683457732
11.9285029446489,0.0172469095703916,-0.118055476437217
11.9824485781253,0.0179720222140953,-0.126492529600451
12.0363914177884,0.0187119069802737,-0.133877540427364
12.0903314520645,0.0194656638652917,-0.140361890415187
12.1442686830152,0.0202324007996381,-0.146078544421736
12.1982031268479,0.0210112323273807,-0.151143959370048
12.2521348144262,0.0218012787458206,-0.155659921475315
12.3060637917796,0.0226016656227823,-0.159715265300364
12.3599901206107,0.0234115236162112,-0.163387450552858
12.4139138787989,0.024229988544902,-0.16674398772616
12.4678351608963,0.0250560583872128,-0.169804266727844
12.5217540785459,0.0258881623426715,-0.172601907671219
12.5756707607061,0.026724588834082,-0.175211331352369
12.629585353779,0.0275636298339567,-0.177697712359321
12.683498021705,0.0284035825515376,-0.180118250294854
12.7374089460226,0.0292427513103213,-0.182523324583889
12.791318325891,0.0300794496020049,-0.184957532757973
12.8452263780711,0.0309120023087227,-0.187460616945488
12.8991333368632,0.0317387480947606,-0.190068286448859
12.9530394539973,0.0325580419740367,-0.192812945557273
13.0069449984682,0.0333682265020694,-0.19575538845428
13.0608502562072,0.0341675415651387,-0.198953400983933
13.1147555294117,0.0349542251448027,-0.202432035632087
13.1686611357023,0.0357265492452703,-0.206215690909758
13.222567407208,0.0364828242374154,-0.210328512541392
13.276474689585,0.0372214035681227,-0.214794754822736
13.3303833409649,0.0379406888738693,-0.219639108167362
13.3842937308319,0.0386391355454476,-0.224886998099449
13.438206238827,0.0393152587946339,-0.230564859740292
13.4921212534794,0.0399676402805495,-0.236700390926846
13.5460391708637,0.0405951785955756,-0.24316525255386
13.5999603931895,0.0411978142439173,-0.249821742309933
13.6538853273473,0.0417757839864961,-0.256684074532601
13.7078143834287,0.042329378330924,-0.263765793703146
13.7617479732238,0.0428589453548994,-0.27107979113194
13.8156865086978,0.0433648947262777,-0.278638291854569
13.8696304004506,0.0438477019256844,-0.28645281244411
13.9235800561603,0.0443079126748082,-0.294534089756089
13.9775358790157,0.0447461475710198,-0.302891979958631
14.0314982661388,0.0451631069273582,-0.311535326873392
14.085467606997,0.0455596168200946,-0.320537655311199
14.1394442817077,0.0459367651690734,-0.329963270496718
14.1934286590772,0.0462957982856236,-0.339805084647217
14.2474210945465,0.0466380883303147,-0.350053941295484
14.3014219281521,0.0469651399338048,-0.360698083834886
14.3554314825092,0.0472785967997121,-0.371722593347275
14.4094500608233,0.0475802481980659,-0.383108797813793
14.4634779449349,0.04787203523537,-0.394833657980104
14.5175153934022,0.048156056765177,-0.406869138436049
14.5715626396281,0.0484345747842397,-0.419181576608255
14.625619890037,0.0487102472236089,-0.43144705321843
14.6796873223537,0.0489867675615608,-0.443312120130393
14.7337650840751,0.0492680903678185,-0.454690018907688
14.787853291098,0.0495581751880974,-0.465489365921054
14.8419520264668,0.0498609678950363,-0.475615613216254
14.8960613392431,0.0501803803267815,-0.484972772971824
14.9501812434979,0.0505202684524894,-0.493465380517946
15.0043117174283,0.05088440939324,-0.501000651417305
15.0584527025993,0.0512764777066929,-0.507490768623645
15.1126041033109,0.0517000214209592,-0.512855217725776
15.1667657860958,0.052158502671788,-0.516861315895454
15.2209375794358,0.05265543204644,-0.519287472293646
15.2751192738446,0.0531940898569629,-0.520090979646596
15.3293106221813,0.053777430713217,-0.519249558362747
15.3835113401025,0.0544080656666728,-0.51676242921025
15.4377211066453,0.0550882495041658,-0.512650595434001
15.4919395649383,0.0558198735662929,-0.506956318949588
15.5461663230348,0.0566044642500701,-0.499741827978644
15.6004009548627,0.0574431871322667,-0.491087342560192
15.6546430012878,0.0583368564368183,-0.481088544736358
15.7088919712866,0.0592858876477159,-0.469760630722231
15.7631473433112,0.0602901091292543,-0.457144470058104
15.8174085669731,0.0613489342886679,-0.443388022323829
15.8716750648891,0.0624614492172529,-0.428641411518232
15.9259462345934,0.0636264465876177,-0.413053414230877
15.9802214505003,0.0648424607589704,-0.39676838972096
16.0345000659109,0.0661078031594592,-0.379923729150149
16.0887814150535,0.0674205971425567,-0.362647857839495
16.143064815149,0.0687788116602656,-0.345058786935321
16.1973495684929,0.0701802932470219,-0.327263181381891
16.2516349645532,0.0716227040318386,-0.309500823276983
16.3059202823153,0.0731032935395081,-0.291989672364803
16.3602047932337,0.0746192302790731,-0.274785007772353
16.4144877643862,0.0761677123196337,-0.257930014642686
16.4687684615842,0.0777459780312247,-0.24145707154564
16.5230461524194,0.0793513146476786,-0.225389038767912
16.5773201092437,0.0809810649464048,-0.209740505474494
16.6315896120732,0.0826326323304185,-0.194518966299486
16.6858539514117,0.0843034845810356,-0.179725908424371
16.7401124309871,0.0859911565297242,-0.165357798599107
16.7943643703914,0.0876932199986366,-0.151450372453235
16.8486091075502,0.0894071950767787,-0.138032471348166
16.9028460008973,0.0911306552144804,-0.125085182230887
16.9570744313564,0.0928612583238837,-0.112587691521082
17.0112938041918,0.0945967443703802,-0.100517841759472
17.0655035507271,0.0963349330184486,-0.0888525917976438
17.1197031299269,0.0980737214233506,-0.0775683928954559
17.1738920298379,0.0998110822400689,-0.0666414924907656
17.2280697688852,0.101545061909125,-0.0560481762726471
17.28223589702,0.103273779261391,-0.0457649581897731
17.3363899967227,0.104995386243232,-0.0358776985624215
17.3905316840323,0.106707951822095,-0.0264640471743118
17.4446606098693,0.108409572279651,-0.0174897243208137
17.4987764613636,0.110098403563506,-0.00892213080209667
17.5528789630093,0.111772656069656,-0.000730326331717073
17.6069678776366,0.113430590198413,0.00711501378341967
17.6610430071977,0.115070512641018,0.0146416577477627
17.715104193365,0.116690773353664,0.0218758873714716
17.7691513179394,0.118289763178653,0.028842575473053
17.8231843030655,0.11986591207446,0.0355652677122076
17.877203111258,0.121417747786202,0.0419770201434218
17.9312077453552,0.122944068659746,0.0480148233683521
17.985198248598,0.124443751209998,0.0537056348726322
18.0391747046636,0.125915685078894,0.0590744908701196
18.09313723754,0.127358769872043,0.0641446694493522
18.1470860112341,0.128771912636005,0.0689378418290888
18.2010212293135,0.130154025917714,0.0734742122578259
18.2549431342797,0.131504026353705,0.0777726471456501
18.3088520067722,0.132820833741788,0.0818507941560989
18.3627481646015,0.134103370552825,0.0857251919421822
18.4166319616145,0.135350632133278,0.0893769651717113
18.470503786486,0.136561892613372,0.0927870446149375
18.5243640616064,0.137736484757456,0.095970076238408
18.5782132419319,0.138873727783812,0.098939682291567
18.6320518137077,0.139972927038859,0.10170855873857
18.6858802930591,0.141033373980203,0.104288563040481
18.7396992244491,0.142054346439883,0.106690793313116
18.7935091790015,0.14303510914224,0.10892565972093
18.8473107526878,0.143974914453884,0.111002948979999
18.9011045643781,0.14487300334205,0.112931882689528
18.9548912537575,0.145728778551946,0.114724440333315
19.0086714792141,0.146542320198059,0.11638986685077
19.062445915903,0.147313867156045,0.11793257895269
19.1162152538823,0.148043644422446,0.119356612747991
19.1699801962303,0.148731862916741,0.120665662978348
19.2237414571417,0.149378719326608,0.121863117824423
19.2774997600029,0.149984395995438,0.122952089769872
19.3312558354472,0.150549060849238,0.123935442965796
19.3850104193878,0.15107286736161,0.124815817380185
19.4387642510314,0.151555954555705,0.12559565010801
19.4925180708686,0.151998483826001,0.126307791666614
19.5462726186181,0.152400754454916,0.126984003735801
19.6000286310926,0.152763102171268,0.127624922858816
19.6537868400415,0.153085863521656,0.128231154732062
19.7075479699967,0.15336937571486,0.128803279544726
19.7613127361253,0.153613976438985,0.129341856776141
19.8150818420894,0.153820003654736,0.129847429538498
19.8688559779129,0.153987795365412,0.13032052848888
19.9226358178572,0.154117689368159,0.130761675351811
19.9764220183044,0.15421002298672,0.131171386063106
20.0302152156539,0.154265211117906,0.131564602912888
20.0840160243236,0.154283980779131,0.131955158955369
20.1378250350229,0.154267135152275,0.132341938260801
20.1916428131783,0.154215474029189,0.132723868976988
20.2454698974291,0.15412979256821,0.133099921012947
20.2993067981894,0.15401088004681,0.133469103976814
20.3531539962755,0.153859518616579,0.133830465350137
20.4070119415989,0.15367648206376,0.134183088852189
20.4608810519241,0.153462534581183,0.134526093001375
20.5147617116911,0.153218429554738,0.134858629843308
20.5686542709042,0.152945031171357,0.135197821875458
20.6225590441797,0.152643681885586,0.13555920796825
20.6764763101244,0.152315832651172,0.13593962260928
20.7304063109447,0.151962917755263,0.136335937821663
20.7843492522059,0.151586352371263,0.13674505517308
20.8383053027353,0.151187530158595,0.137163898695369
20.8922745946676,0.150767820914306,0.137589408674997
20.9462572236306,0.150328568279101,0.138018536288652
21.0002532490673,0.149871087501905,0.138448239036125
21.0542626946934,0.149396663265489,0.138875476948952
21.1082855490853,0.148906552490954,0.139300429181039
21.1623217663858,0.148401997818225,0.139723242891813
21.2163712671089,0.147884212230012,0.140140826664023
21.2704339390591,0.147354372382741,0.140550083154782
21.3245096383715,0.146813616725101,0.14094790794547
21.3785981906698,0.146263043687401,0.141331189067867
21.4326993923389,0.145703709943522,0.14169680716393
21.4868130119082,0.145136628747582,0.142041636244913
21.5409387915411,0.144562768346895,0.142362545036004
21.5950764486279,0.143983050473139,0.14265639886794
21.6492256774723,0.143398338118303,0.142910360824203
21.7033861509593,0.142809403211412,0.143111580585679
21.7575575220224,0.142216960236041,0.14325689761772
21.8117394250776,0.141621676254774,0.143343148726055
21.8659314775281,0.141024169870647,0.143367172488141
21.9201332813422,0.140425010273911,0.143325813741337
21.9743444246973,0.139824716375815,0.143215928060212
22.0285644836886,0.139223756033333,0.143034386155535
22.0827930240974,0.138622545367537,0.142778078098554
22.137029603215,0.13802144817885,0.142443917299818
22.1912737717124,0.137420739115179,0.142022312518623
22.2455250753911,0.136820497539148,0.141504158484721
22.2997830565491,0.136220722158186,0.140887133508416
22.3540472551998,0.135621368248361,0.140168936554609
22.4083172103003,0.135022347811195,0.139347285289353
22.4625924609903,0.134423529820732,0.138419913078716
22.5168725478387,0.133824740560787,0.137384564965346
22.5711570140967,0.133225764056088,0.13623899249818
22.6254454069536,0.132626342595088,0.134980947367282
22.6797372787913,0.132026177348508,0.133608173784385
22.7340321884383,0.131424889518687,0.132089658469923
22.7883297024133,0.130821898673611,0.130394309782541
22.8426293961452,0.130216536056523,0.128519687482207
22.8969308551588,0.129608084946142,0.126463254748813
22.9512336762217,0.128995782588689,0.124222348372851
23.005537468452,0.128378822284398,0.121794145754024
23.0598418543828,0.127756355627564,0.119175628586236
23.1141464709832,0.127127494900991,0.116363543126594
23.1684509706321,0.126491315625234,0.113354356834761
23.2227550220449,0.125846859264277,0.110144211269142
23.2770583111423,0.12519316136022,0.106739971801462
23.3313605416537,0.124529336415104,0.103148055297021
23.3856614351284,0.123854515452779,0.0993633122703496
23.4399607306936,0.123167824768286,0.0953800943331708
23.4942581847677,0.12246838853013,0.0911921999864534
23.548553570739,0.121755331529379,0.0867928162061272
23.6028466786099,0.121027782083534,0.0821744555052989
23.6571373146085,0.120284875109201,0.0773288880181849
23.7114253007673,0.119525755376074,0.0722470682744791
23.7657104744737,0.118749580959762,0.0669190560963653
23.8199926879858,0.117955534824575,0.0613689589215021
23.8742718078047,0.11714285684417,0.0556210956786345
23.9285477137204,0.116310831143082,0.0496643854395327
23.9828202977232,0.115458782073774,0.043486702607463
24.0370894628973,0.114586077131188,0.0370747928129078
24.0913551223063,0.113692130095781,0.030414181770496
24.1456171978747,0.112776404437943,0.0234890765493236
24.1998756192689,0.111838417019312,0.0162822587853972
24.2541303227827,0.110877742131427,0.00877496945251548
24.3083812502317,0.109894015917103,0.000946784863543104
24.362628347857,0.10888700503925,-0.00713793119880528
24.4168715651362,0.107856804764886,-0.0154120463372238
24.4711108533446,0.106803653383387,-0.0238939582441898
24.5253461640627,0.105727870155079,-0.0326031763233356
24.5795774477443,0.104629856842272,-0.0415603797969069
24.6338046523558,0.103510099615953,-0.0507874760724767
24.6880277220902,0.102369171372141,-0.0603076577351687
24.7422465961594,0.101207734493466,-0.0701454563003116
24.7964612076692,0.100026544094181,-0.0803267901915359
24.850671482581,0.0988264517907811,-0.0908790038159626
24.9048773387598,0.0976084755205416,-0.101738104614927
24.9590786850426,0.0963739946764993,-0.112833824617303
25.0132754202239,0.0951245453848215,-0.124185152177987
25.0674674320929,0.0938617533351254,-0.135810935812305
25.1216545965951,0.0925873335996523,-0.147729734285585
25.1758367771245,0.0913030906821798,-0.159959633017547
25.2300138239438,0.090010918762802,-0.172518021368041
25.2841855737324,0.0887128020974133,-0.185421325201754
25.338351849262,0.0874108155200805,-0.198684688646977
25.3925124591968,0.0861071249850645,-0.212321598919521
25.4466671980221,0.0848040132222161,-0.226317255233251
25.5008158462223,0.0835039493605552,-0.240650866551851
25.5549581709039,0.082209501787666,-0.255322577576006
25.60909392667,0.0809233090770449,-0.270328206949579
25.663222856621,0.0796480768124104,-0.285658554773179
25.7173446934718,0.0783865735368186,-0.301298657757384
25.7714591607794,0.0771416256359517,-0.317227002711027
25.825565974278,0.0759161109513333,-0.333414714556852
25.8796648433129,0.0747129509083203,-0.349824741387301
25.9337554723702,0.0735351009395191,-0.36641106634651
25.9878375626927,0.0723855989935659,-0.3829865297767
26.0419108139333,0.0712677037424556,-0.399337296167545
26.0959749257752,0.0701846443327307,-0.41536199836425
26.1500295995913,0.069139524531062,-0.430948874892772
26.2040745401758,0.0681352910999289,-0.445976754646499
26.2581094575406,0.0671747002123891,-0.460316513242818
26.312134068762,0.0662602823668319,-0.473833025701753
26.3661480998683,0.0653943064172697,-0.486387613245784
26.4201512877544,0.0645787434816372,-0.497840948094481
26.4741433821118,0.0638152316267122,-0.508056342344046
26.528124147365,0.0631050377154119,-0.516950751812044
26.582093364647,0.0624490242694986,-0.524454143393444
26.6360508338804,0.0618476571965181,-0.530463082279842
26.6899963758738,0.0613009925259943,-0.534889476501154
26.7439298343779,0.0608086609527226,-0.537663347118743
26.7978510780881,0.0603698582610145,-0.538735040016241
26.851760002584,0.0599833421325967,-0.538076736065084
26.9056565321951,0.0596474356015697,-0.535683157777461
26.9595406217851,0.0593600371641057,-0.531571422171624
27.0134122584436,0.0591186372853485,-0.525780046620859
27.0672714630784,0.0589203177637108,-0.518463925031698
27.1211182919097,0.0587617328267722,-0.509799602731982
27.174952837877,0.0586392487756467,-0.499881258053043
27.2287752319282,0.058549005211503,-0.488811444336092
27.2825856441759,0.0584869486514434,-0.476697984665367
27.3363842849161,0.0584488664470531,-0.463650951856321
27.3901714055033,0.0584304202444878,-0.449779847158176
27.4439472990821,0.0584271783352964,-0.435191063383302
27.4977123011685,0.0584346463728653,-0.41998568845825
27.5514667900821,0.0584482960645362,-0.404257676648473
27.6052111872181,0.0584637070742264,-0.388385642787863
27.6589459570017,0.058476988713195,-0.372726864974179
27.712671606278,0.058484535878286,-0.357329352831042
27.766388683414,0.0584829272758916,-0.342231539952793
27.8200977772785,0.0584689236540282,-0.327463150886053
27.8737995161124,0.0584394646692105,-0.313046083010893
27.9274945662965,0.0583916646961082,-0.298995271401309
27.9811836310202,0.058322807845911,-0.285319513203157
28.0348674488579,0.0582303424281547,-0.272022234846715
28.08854679226,0.0581118750522769,-0.259102191342248
28.1422224659642,0.0579650716107163,-0.246548191467872
28.1958953054044,0.0577873717337733,-0.23435150347124
28.2495661752205,0.0575762610879832,-0.222508475522743
28.303235967755,0.0573293595641071,-0.21101187313154
28.3569056014725,0.057044416791738,-0.199851298387236
28.4105760193036,0.0567193077588895,-0.189013534984706
28.464248186922,0.0563520286237964,-0.178482818493419
28.517923090961,0.0559406927912409,-0.168241031371483
28.5716017371772,0.0554835273227663,-0.158267821623976
28.6252851485677,0.0549788697439307,-0.148540642952055
28.6789743634404,0.0544253096547172,-0.139299050645467
28.7326704331885,0.0538221321492748,-0.130790002778752
28.786374419382,0.0531689008000932,-0.123003572118902
28.8400873906132,0.0524653065348191,-0.115934489552634
28.8938104193637,0.051711158497931,-0.109582726868333
28.9475445789123,0.0509063762015721,-0.103954175082592
29.0012909402914,0.050050982984023,-0.0990614562314339
29.0550505692988,0.0491451008233368,-0.0949249142569639
29.1088245235724,0.0481889465952433,-0.0915738412497838
29.1626138497353,0.0471828299165281,-0.089048010289701
29.2164195806107,0.0461271728537835,-0.0874624080809983
29.2702427323683,0.0450225711850316,-0.0869540253733391
29.3240843013776,0.0438697363203724,-0.087620648028791
29.3779452610083,0.0426694804835634,-0.0895852167242456
29.4318265585299,0.0414227258075717,-0.0930016896565851
29.4857291121218,0.0401305181681906,-0.0980626644202996
29.5396538079977,0.0387940470970626,-0.105009353805195
29.5936014976493,0.0374146736311793,-0.114144733248111
29.6475729952137,0.0359939686921821,-0.125850989455084
29.701569074968,0.0345337656457804,-0.140612834297557
29.7555904689473,0.0330362372747748,-0.159005455263568
29.8096378644561,0.0315039978365815,-0.181768608434758
29.8637119011114,0.0299401986730048,-0.209909349040157
29.9178131677892,0.0283486974741729,-0.24473984184999
29.9719421997116,0.0267343069985116,-0.28798049199797
30.0260994756847,0.025103148409102,-0.341896630436106
30.0802854154919,0.0234631580327385,-0.409472454205269
30.1345003774437,0.0218248197204466,-0.494612726989852
30.188744656088,0.0202022265994717,-0.60232356107112
30.2430184800841,0.0186146113677434,-0.738722460225389
30.2973220102481,0.017088532632152,-0.909820076356645
30.3516553379347,0.0156607070563799,-1.12000467294817
30.4060184840131,0.0143808685042131,-1.368114355203
30.460411398183,0.0133138326978527,-1.63817972580731
30.5148339584703,0.0125374922533021,-1.88921948282588
30.5692859708951,0.0121320067530871,-2.05615502169801
30.623767169313,0.0121586847765978,-2.07898885554696
30.6782772154271,0.0126379835519467,-1.94738367617434
30.7328156989706,0.0135435660089687,-1.70991955658538
30.7873821380606,0.0148172998614036,-1.43532499743859
30.8419759797128,0.016391559174446,-1.1741799816377
30.8965966003107,0.0182047289859405,-0.949700160700353
30.9512433056994,0.0202073810243746,-0.766261950156844
31.0059153312334,0.0223622727812117,-0.619757001903971
31.0606118419836,0.0246420977800528,-0.503614139701626
31.115331933115,0.0270270017311634,-0.41144154855192
31.1700746304346,0.0295025282316621,-0.337882557889386
31.2248388911112,0.0320580896249526,-0.278717880321835
31.2796236045696,0.034685877350228,-0.230712319493609
31.3344275935591,0.0373800977428624,-0.191409836050902
31.389249615406,0.0401362239514248,-0.159103153667384
31.4440883635868,0.042949976742176,-0.132487876160757
31.4989424698309,0.0458176925142633,-0.110422003048248
31.5538105065059,0.0487363452396724,-0.0920204087327638
31.6086909891392,0.0517034072043287,-0.076592193441526
31.6635823790634,0.054716745924348,-0.0635940255542226
31.7184830861796,0.0577745469625507,-0.0525953913316373
31.7733914718325,0.0608752554661441,-0.0432526290249716
31.8283058517914,0.0640175313690568,-0.0352894274378668
31.8832244993316,0.0672002146652139,-0.0284820885991027
31.9381456484223,0.0704221589233434,-0.0226997627164816
31.9930674973253,0.0736817830006381,-0.0178330101143263
32.0479882130809,0.0769774562482072,-0.0137434980907571
32.1029059363465,0.080307622120099,-0.0103163577341411
32.1578187862592,0.083670786984643,-0.00745578393084011
32.2127248652973,0.0870655106293181,-0.00508154153973867
32.2676222641271,0.0904903981106563,-0.00312617565733604
32.3225090664231,0.0939440926883408,-0.00153277200881435
32.3773833536474,0.0974252696437856,-0.00025314956972392
32.432243209777,0.10093263083631,0.00075360535687819
32.4870867259768,0.10446477024089,0.00152239364357828
32.5419120055227,0.108019772021059,0.00208304986730536
32.5967171694438,0.111595580397544,0.00246108901611567
32.6515003623282,0.115190123675238,0.00267840190042594
32.7062597579472,0.118801311123791,0.00275378852963545
32.7609935646639,0.122427030198523,0.00270340583973288
32.8157000306069,0.12606514413154,0.0025411445495877
32.8703774485876,0.129713489927917,0.00227894723004926
32.9250241607403,0.133369876800895,0.00192707740836731
32.9796385628651,0.137032085086402,0.00149434781009234
33.0342191084804,0.140697938946982,0.00101208863094905
33.0887643132591,0.144365506934479,0.000507589251337217
33.1432727609595,0.14803284774484,-1.76064859127775e-005
33.1977431097539,0.151697930404437,-0.000562240629796148
33.2521740982487,0.155358632821697,-0.00112530530731665
33.3065645511518,0.159012740803754,-0.00170601227380191
33.3609133845663,0.162657947588872,-0.00230376697629556
33.4152196108927,0.166291853943181,-0.00291814643604242
33.4694823433195,0.169911968871879,-0.00354888038384586
33.5237007998829,0.173515710991683,-0.00419583516419256
33.5778743070799,0.177100425345369,-0.00484476202857254
33.6320023030726,0.180663428626327,-0.00548280504503288
33.6860843405665,0.184201965244211,-0.00611191143691265
33.7401200892552,0.187713196139379,-0.00673390538681675
33.7941093377558,0.191194203603641,-0.0073505033111404
33.8480519950173,0.194641996979957,-0.00796332746398513
33.9019480911821,0.198053519270577,-0.00857391817090314
33.9557977778862,0.201425654675414,-0.00918374481772585
34.0096013279811,0.204755237078776,-0.00979421584834648
34.063359134663,0.208039059492632,-0.0104066878519141
34.1170717100138,0.211273899070614,-0.0110110384512074
34.170739683408,0.214456556555187,-0.0115978332730018
34.2243638005257,0.217583796124447,-0.0121693095346691
34.2779449222281,0.220652337795158,-0.0127275623098985
34.3314840228195,0.223658869177928,-0.0132745612942756
34.3849821876655,0.226600058140002,-0.013812165996224
34.4384406101586,0.229472566341508,-0.0143421395657674
34.4918605880209,0.232273063605201,-0.0148661614481781
34.5452435189371,0.234998243068089,-0.0153858390010252
34.5985908955133,0.237644837053639,-0.0159027182622527
34.6519042995837,0.240209840065192,-0.0164132991297452
34.7051853965636,0.242691120298169,-0.0169140247600777
34.7584359310407,0.245086770840537,-0.0174062578725766
34.8116577226157,0.247394908050363,-0.0178912922907884
34.8648526613285,0.249613682534976,-0.0183703631127705
34.9180227026448,0.251741290313261,-0.018844655959448
34.9711698620084,0.253775984101219,-0.0193153154736437
35.0242962089612,0.255716084658951,-0.0197834531492879
35.0774038608379,0.25755999213209,-0.0202501546169414
35.1304949760405,0.259306197324166,-0.0207164864494987
35.1835717469178,0.260953425694456,-0.021200487268564
35.2366363927002,0.262501029913042,-0.0217195499662235
35.289691153255,0.263948570249028,-0.0222738428799956
35.3427382830493,0.265295683631959,-0.022863640816402
35.3957800449105,0.26654208931862,-0.0234893243154817
35.4488187035737,0.267687594258298,-0.024151379785532
35.5018565190247,0.268732098130432,-0.0248504004830745
35.5548957396476,0.269675598031928,-0.0255870882979773
35.6079385951841,0.270518192793582,-0.0263622563396053
35.6609872895142,0.271260086910239,-0.0271768322922294
35.7140439932842,0.271901858250286,-0.0280500192692998
35.7671108368336,0.272445234941742,-0.0290004546735623
35.8201899042375,0.272892269393528,-0.0300284449854133
35.8732832279377,0.273245064872016,-0.0311344783633674
35.9263927835712,0.273505770393847,-0.0323192213828335
35.9795204849829,0.273676575481301,-0.0335835172921104
36.0326681794249,0.273759704830965,-0.0349283857060878
36.0858376429447,0.273757412944949,-0.0363550236353287
36.1390305759613,0.273671978772431,-0.0378648078309958
36.1922485990314,0.273505700406936,-0.0394592983545048
36.2454932487987,0.27326099601606,-0.0411478808505723
36.2987659740601,0.272940720267401,-0.0429398533048921
36.3520681318796,0.272547845363211,-0.0448369256229019
36.4054009839256,0.272085348687346,-0.0468409967248899
36.4587656931152,0.271556205957595,-0.0489541564890358
36.5121633205643,0.270963384695667,-0.051178688586862
36.5655948228389,0.270309838057959,-0.0535170742060394
36.6190610495018,0.26959849906847,-0.0559719965484871
36.6725627409499,0.268832275285726,-0.0585463461030565
36.7261005265336,0.268014043939803,-0.0612432266053954
36.7796749229607,0.267146622406758,-0.0640801243568415
36.8332863331684,0.266232682003684,-0.0670749664177948
36.8869350459526,0.265274808679276,-0.0702319186685604
36.9406212360201,0.26427552499689,-0.0735554723775423
36.9943449642571,0.263237289428897,-0.0770504563873455
37.0481061781961,0.262162496343822,-0.0807220500651904
37.1019047126736,0.261053476692374,-0.0845757968933616
37.1557402906676,0.259912499400969,-0.0886176185573452
37.2096125243093,0.25874177347836,-0.0928538293240155
37.263520916059,0.257543450843053,-0.0972911505469597
37.3174648600532,0.256319851495215,-0.101904716924246
37.3714436439609,0.25507410850952,-0.106668115313509
37.4254564519744,0.253809462678203,-0.111586125597484
37.4795023685149,0.252529033716026,-0.116663614352224
37.5335803823326,0.251235819512263,-0.121905531713861
37.587689390973,0.249932696133084,-0.127316906958226
37.6418282055946,0.24862241856058,-0.132902842627416
37.6959955561237,0.247307622158141,-0.138668506954746
37.7501900967333,0.245990824848544,-0.144619124304831
37.804410411632,0.244674429995605,-0.150759963345467
37.858655021143,0.243360746066512,-0.157051482902025
37.9129223878519,0.242052035303286,-0.16345295806653
37.9672109224832,0.240750461502604,-0.16996782074348
38.02151898984,0.239458073916414,-0.176599385108312
38.0758449150066,0.238176808444927,-0.183350842761274
38.1301869898108,0.236908489296526,-0.190225256525485
38.1845434795334,0.235654831109584,-0.197225552728318
38.2389126298545,0.234417441531781,-0.204354511782166
38.2932926740244,0.233197824254133,-0.211614756787722
38.3476818402508,0.231997382500241,-0.219008739923742
38.4020783592833,0.230817385122809,-0.226468871208399
38.456480471988,0.229658837449751,-0.233926211594706
38.5108864365682,0.228522561779485,-0.241381038357335
38.5652945357168,0.227409229464821,-0.248833643621156
38.6197030838771,0.22631936037051,-0.256284376521734
38.6741104346046,0.225253322902331,-0.263733686012486
38.728514988012,0.224211334640426,-0.271182163906933
38.7829151982823,0.223193463609899,-0.278630587681278
38.8373095812347,0.222199630227385,-0.286079962564182
38.8916967219251,0.221229609961239,-0.293531562323112
38.9460752822272,0.220283143501105,-0.300939028129222
39.000444007332,0.219360280636098,-0.308252803023372
39.0548017295141,0.218461093675451,-0.315469642888636
39.1091473708798,0.217585570037631,-0.322586428978714
39.1634799461391,0.216733606733416,-0.329600235445062
39.2177985654303,0.215905005465929,-0.336508397894772
39.272102437179,0.215099468388474,-0.343308582343207
39.3263908709751,0.214316594566475,-0.349998853796931
39.380663280452,0.213555877186941,-0.356577743782224
39.4349191861486,0.212816701562847,-0.363044316000974
39.4891582183496,0.212098033728209,-0.369386434002773
39.5433801201392,0.211397471963344,-0.375601171478493
39.5975847509589,0.210712153350196,-0.381703114340374
39.651772090077,0.210039073743653,-0.387708551736701
39.7059422396513,0.20937510422441,-0.393635481836278
39.7600954273589,0.208717009315493,-0.399503609894257
39.8142320085759,0.208061466966673,-0.405334339553719
39.8683524680938,0.207405090307876,-0.411150758367848
39.9224574213632,0.206744451173687,-0.416977618426365
39.9765476152521,0.20607610539641,-0.422841312851458
40.0306239282701,0.205396846330648,-0.428686050168467
40.0846873691644,0.204704390661655,-0.434448404917908
40.1387390722096,0.203996680683434,-0.440145657136018
40.1927802910409,0.203271664050421,-0.445796617158579
40.2468123921383,0.202527306242331,-0.451421662090069
40.3008368479991,0.201761604757658,-0.457042766704873
40.3548552299909,0.20097260503134,-0.462683528835306
40.4088692008798,0.20015841807292,-0.468369189128786
40.4628805070313,0.19931723982191,-0.474126644935995
40.5168909702849,0.198447372223792,-0.479984457800138
40.5709024794857,0.197547468572588,-0.485964472231227
40.6249169812487,0.196617230643857,-0.492081094619561
40.6789364693393,0.195656769428253,-0.498353652996964
40.7329629734809,0.194666397651652,-0.504802345720789
40.7869985480632,0.19364664419908,-0.511448189750023
40.8410452607804,0.192598269903127,-0.518312947680547
40.8951051812154,0.191522284746802,-0.525419029729952
40.9491803693865,0.190419966530751,-0.532789366204182
41.0032728642738,0.189292881061499,-0.540447245215973
41.0573846723467,0.188142903916408,-0.548416109599486
41.111517756097,0.186972579048977,-0.556642328559474
41.1656740222001,0.185786094264018,-0.565053725464364
41.2198553087786,0.184588192191689,-0.573645082704443
41.2740633725879,0.183383820928635,-0.582409937169036
41.3282998765733,0.182178133431052,-0.591340358627156
41.3825663778208,0.18097648814485,-0.6004267052568
41.4368643159022,0.179784450867925,-0.609657356856593
41.4911950016192,0.178607797817365,-0.61901842715572
41.5455596061474,0.177452519843645,-0.628493457759594
41.5999591505829,0.176324827703978,-0.638063097654058
41.6543944959207,0.175231887776884,-0.647659410582525
41.7088663341504,0.174183951558212,-0.657166517777042
41.7633751817511,0.173192028246091,-0.666486527224
41.8179213748101,0.17226707947336,-0.675516507297518
41.8725050651461,0.171419953669563,-0.684149549782755
41.9271262173799,0.170661317752045,-0.692276154940344
41.9817846069219,0.170001586756718,-0.699785933583177
42.0364798188408,0.169450852268081,-0.706569601556934
42.0912112475751,0.169018810743839,-0.71252121994725
42.145978097449,0.168714693066211,-0.717540611365118
42.2007793839422,0.168547007733091,-0.721522447189819
42.2556139353779,0.16852290841732,-0.72438518482282
42.3104803944754,0.168648710418629,-0.726080475579161
42.3653772201046,0.168930050483723,-0.72657488197435
42.4203026894666,0.169371868975612,-0.725850944346562
42.4752549006669,0.169978402854237,-0.723907764273498
42.5302317756401,0.17075318996809,-0.72076106584605
42.5852310633824,0.171699084790754,-0.716442726534258
42.6402503434545,0.172818285356819,-0.710999801156494
42.6952870297141,0.174112370780998,-0.704493092093955
42.7503383742913,0.175582723530414,-0.69682717930267
42.8054014729554,0.177231492223777,-0.687903735424428
42.8604732738307,0.179060136319264,-0.677801777221536
42.9155505876828,0.181069047177683,-0.666615721463739
42.9706300985568,0.183257611001753,-0.654452162466402
43.0257083746407,0.185624283097096,-0.641426471288237
43.0807818792707,0.188166670783144,-0.627659391212255
43.1358469819987,0.190881622224975,-0.613273786101039
43.1908999696397,0.19376531854952,-0.598391670089981
43.2459370572207,0.196813366826624,-0.583131613314984
43.3009543987931,0.200021085478199,-0.567578171803983
43.3559480990601,0.203384099080726,-0.551802511667397
43.4109142274489,0.206897704812839,-0.535894866814983
43.4658488330179,0.210556728270327,-0.519938801056112
43.5207479591136,0.214355587231694,-0.504010375227916
43.5756076576586,0.21828835100075,-0.488177640083752
43.630424002984,0.2223487949379,-0.472500416350012
43.6851931051261,0.226530450061709,-0.457030317705223
43.7399111225046,0.23082664783711,-0.441810970627863
43.7945742739003,0.235230560458584,-0.426878386138177
43.8491788497088,0.239735374494653,-0.412229467330121
43.9037212238109,0.244334639854869,-0.397853257858732
43.9581978683153,0.249021715576327,-0.383765242292307
44.0126053689202,0.25378962820377,-0.369976723938078
44.0669404394098,0.258631089987262,-0.356495136538287
44.1211999351302,0.263538516434762,-0.343324375922954
44.1753808653501,0.268504043760322,-0.330465138992647
44.2294804044066,0.273519546803997,-0.317915259806986
44.2834959015426,0.278576658022917,-0.305670034821999
44.3374248893365,0.283666788158453,-0.293722531309322
44.3912650906932,0.288781745016767,-0.282136048533121
44.4450144258628,0.293915514696007,-0.270958226777905
44.4986710221711,0.29906242526785,-0.260158452970679
44.5522332243703,0.304216529800389,-0.24970777844437
44.6056996041222,0.309371594854346,-0.239578820731043
44.6590689685025,0.314521093144664,-0.229745663658882
44.7123403674706,0.319658200504708,-0.220183757760021
44.7655131002488,0.324775797301332,-0.210869822398255
44.8185867205553,0.329866474462884,-0.201781750575055
44.8715610406303,0.334922544279409,-0.192898517011536
44.9244361340045,0.339935999447786,-0.184218012809394
44.9772123370128,0.344898367556695,-0.175738668936213
45.0298902490753,0.349800913284311,-0.167441656298024
45.0824707315465,0.35463472658528,-0.159308931252574
45.1349549050086,0.359390758691375,-0.151323170668918
45.1873441449594,0.364059863576152,-0.143467707878794
45.2396400758522,0.368632844817188,-0.135726469510944
45.2918445634514,0.373100507719755,-0.128083913132137
45.3439597054736,0.377453716501013,-0.120524965564163
45.3959878204876,0.38168345625439,-0.113034961686846
45.4479314351241,0.385781286174341,-0.105644397891758
45.4997932712177,0.389740483324289,-0.098381138285819
45.5515762357101,0.393554786059633,-0.0912276989916892
45.6032834110742,0.397218025400181,-0.0841676335247003
45.6549180447223,0.400724165861601,-0.0771854039180966
45.7064835373304,0.404067348727451,-0.0702662603741211
45.7579834300806,0.407241937380477,-0.0633961282320104
45.8094213908254,0.410242564281348,-0.0565615011872336
45.860801199181,0.413064179165938,-0.0497493397897252
45.9121267305663,0.415702098010611,-0.0429469743550028
45.9634019392406,0.418152520273183,-0.0361999973388499
46.0146308413711,0.420413920895626,-0.0295528507270749
46.0658175000125,0.42248556992002,-0.0229920282084
46.1169660108627,0.424367058552818,-0.0165048123966515
46.1680804879257,0.426058305716354,-0.0100791549385048
46.2191650490595,0.427559563842543,-0.00370356459991956
46.2702238014237,0.428871423867028,0.00263299774927004
46.3212608268362,0.429994819401333,0.00894121820564936
46.3722801670529,0.430931030087735,0.0152315238013495
46.4232858089784,0.431681684153335,0.0215141721213152
46.4742816698504,0.432249284000576,0.0277454068072429
46.5252715832937,0.432638708305454,0.0338809705684634
46.5762592879458,0.432855499818443,0.0399298675681495
46.6272484177183,0.432905286459069,0.0459006172320051
46.6782424929109,0.432793743001968,0.0518013540790973
46.7292449121102,0.432526554404148,0.0576399216870991
46.7802589448312,0.432109381108649,0.0634239616814574
46.8312877248541,0.431547826633429,0.069160998571832
46.8823342442045,0.430847407710503,0.0748585211653393
46.9334013477218,0.43001352721038,0.0805240612349836
46.9844917281499,0.429052051136919,0.08612631487577
47.0356079216047,0.427971083280521,0.0916319108525413
47.0867523035338,0.426779112834067,0.0970451029565911
47.1379270857984,0.425484359440818,0.102369868287935
47.1891343150288,0.424094723429503,0.1076099845585
47.2403758721767,0.422617740472575,0.112769105067074
47.2916534731701,0.421060540847,0.117850831840051
47.3429686705761,0.419429813417786,0.122858787366246
47.3943228561696,0.417731774414159,0.127796685269261
47.4457172643065,0.415972141019422,0.132668400225113
47.4971529759589,0.414156533440217,0.137469108957769
47.5486309224094,0.412291788916138,0.142191825033012
47.600151887294,0.410384770654828,0.14683727799492
47.651716508728,0.408441924856152,0.151406159635314
47.7033252824232,0.406469249152416,0.155899181992862
47.7549785657429,0.404472265092582,0.160317135902355
47.8066765825994,0.402455994636814,0.164660950086114
47.858419429096,0.400424940600279,0.168931750745673
47.910207079816,0.398383070969482,0.173130921566931
47.96203939466,0.396333806999684,0.177260164016092
48.0139161261313,0.394280090859978,0.181318117113181
48.0658369269223,0.392224609627655,0.185303233188745
48.1178013576703,0.390169566209587,0.189217539484986
48.1698088949287,0.38811660152464,0.193063553830405
48.2218589393204,0.386066795360905,0.196844345615511
48.2739508237843,0.38402067041029,0.200563596387198
48.3260838218179,0.381978199366041,0.204225660075227
48.3782571556262,0.379938814963589,0.20783562289023
48.4304700040868,0.377901422849776,0.211399363098616
48.4827215104459,0.37586441715929,0.214923610948876
48.5350107896461,0.373826374349718,0.218381484505256
48.5873369349305,0.371788094948215,0.221739984524337
48.639699023539,0.369750571602375,0.224997658027628
48.6920961224439,0.367714300540253,0.228153531691548
48.7445272944651,0.365679271391777,0.231207181617627
48.796991604689,0.36364496018926,0.234158802104
48.8494881270969,0.361610325514476,0.237009273093501
48.9020159513091,0.359573807754735,0.23976022609867
48.9545741893571,0.357533331421173,0.242414108476808
49.0071619823894,0.355486310476585,0.2449742461046
49.0597785071748,0.353430227926197,0.24745052199524
49.1124229810546,0.351364443958603,0.249847366751336
49.1650946635273,0.349288624986747,0.252160870938642
49.2177928568952,0.347202175275331,0.254387497581806
49.270516907299,0.345104219800665,0.256524135369541
49.3232662061309,0.342993589594588,0.258568151808881
49.3760401917624,0.340868809574473,0.260517446004678
49.4288383515214,0.338728088855381,0.262370500796429
49.4816602238554,0.33656931353162,0.264126434046985
49.5345054006153,0.33439004191028,0.265785048919776
49.5873735293648,0.332187907769781,0.267345324946892
49.6402643148933,0.329961879995578,0.268801639441164
49.6931775188415,0.327711112108364,0.27014768174668
49.7461129589262,0.325434529089762,0.271377505019067
49.7990705085552,0.323130810354853,0.272485570136474
49.8520500968088,0.320798375189997,0.273466787860133
49.9050517087307,0.318435370658333,0.274316558752333
49.9580753858699,0.316039661965161,0.27503081031183
50.0111212270197,0.313608825268588,0.275606030886105
50.0641893890935,0.311140142906009,0.276039299940519
50.1172800879937,0.308631148836008,0.276406456441254
50.170393597164,0.306081441210838,0.276778787049306
50.2235302404131,0.303491319116292,0.277146823493173
50.2766903830173,0.300861243080822,0.277500865550829
50.3298744234631,0.298191800475262,0.277830988802418
50.3830827859178,0.295483672254535,0.278127052022837
50.4363159134163,0.292737601091079,0.278378704197299
50.4895742617531,0.28995436094868,0.278575391071322
50.5428582940602,0.287134728144146,0.27870636102004
50.5961684760541,0.28427945394414,0.278760669990863
50.6495052719435,0.281388950280871,0.278725327144468
50.7028691413502,0.278462382570548,0.278591735284966
50.7562605377015,0.275498487900247,0.278355559500307
50.809679907265,0.272495850951222,0.278012683644525
50.8631276883747,0.269452897759253,0.277559213130975
50.9166043108085,0.266367890647591,0.276991473834373
50.970110195295,0.263238924297171,0.276306006634155
51.0236457531311,0.260063922914665,0.275499557044778
51.0772113858901,0.256840638456282,0.274569059367372
51.1308074852038,0.253566649858771,0.273511614685752
51.1844344325435,0.250240058154503,0.272396515387371
51.2380925975201,0.246861667013298,0.271285267035944
51.2917823326031,0.243433049725107,0.270162841825601
51.3455039670447,0.239955847659811,0.26901340950253
51.399257801583,0.236431739845294,0.26782025410458
51.4530441039768,0.232862414239394,0.266565678925248
51.5068631053576,0.229249540741839,0.265230897965348
51.5607149973812,0.225594745990313,0.263795911704275
51.6145999301597,0.221899589983995,0.262239364502055
51.6685180109544,0.218165544579903,0.260538380304244
51.7224693035619,0.214394113643272,0.258797570318996
51.7764538273054,0.210587326939124,0.257127879176574
51.8304715539529,0.206747460179866,0.255513767246397
51.8845224043374,0.202876890491657,0.253938365088557
51.9386062457607,0.198978069475358,0.252383313301256
51.9927228902134,0.195053497945638,0.250828578156929
52.0468720933966,0.191105702358753,0.24925223991836
52.1010535545317,0.187137212934702,0.24763025011381
52.155266916935,0.183150543479808,0.245936153193566
52.2095117693399,0.179148172918112,0.244140767023402
52.2637876479061,0.175132698414098,0.242341520812656
52.3180940380852,0.171107396082617,0.24064347738601
52.3724303750693,0.16707580866061,0.23902491473365
52.4267960441746,0.163041569804511,0.23746153167138
52.4811903819676,0.159008382938516,0.235926065067812
52.5356126781406,0.154980001833562,0.23438785088513
52.5900621781049,0.150960212856733,0.232812322514464
52.6445380862713,0.146952818841251,0.231160439003777
52.6990395699837,0.142961624534866,0.229388035035926
52.7535657640671,0.138990423604938,0.227445083637113
52.8081157759159,0.135042746627797,0.22548914951816
52.8626886900609,0.131121206609369,0.22370952331443
52.917283570506,0.127228344396597,0.22209755703105
52.9718994623577,0.123366875282943,0.220642588521869
53.0265353937316,0.119539676393814,0.219331573914143
53.0811903779568,0.115749774943394,0.218148644434083
53.135863416062,0.112000337291281,0.217074576231358
53.1905534995202,0.1082946587245,0.216086160621432
53.245259613231,0.10463615388682,0.215155461039201
53.2999807387154,0.101028347775177,0.2142489423376
53.3547158575007,0.0974746455747982,0.213364562472883
53.4094639547523,0.0939776644889958,0.212508143231664
53.4642240232241,0.0905399006154952,0.211648919651797
53.5189950673166,0.0871639466175629,0.210749664390805
53.5737761071316,0.0838524867117941,0.209765531044947
53.6285661825022,0.0806082917033192,0.208642722572549
53.6833643569806,0.0774342140717981,0.207316974201672
53.7381697217694,0.0743331831391973,0.205711847093317
53.7929813995767,0.0713082003837332,0.203736840550371
53.8477985483812,0.0683623350158955,0.201285348405347
53.9026203650631,0.0654984799969392,0.19854854194099
53.9574460882026,0.0627186727669006,0.195783975828906
54.0122749989194,0.0600248876010986,0.192967812548631
54.0671064207965,0.0574192799707052,0.190071118023536
54.1219397195587,0.0549041797347479,0.1870592223029
54.1767743025329,0.0524820843965369,0.183891110004669
54.2316096178908,0.0501556524569589,0.180518908201452
54.2864451536724,0.0479276969031573,0.176887570437012
54.3412804365912,0.0458011788814305,0.172934893906262
54.3961150306224,0.0437792016125049,0.168592051388027
54.4509485353649,0.0418645038483147,0.164096187558861
54.5057805839067,0.0400579727413833,0.159788399233699
54.5606108397358,0.0383601764895134,0.15576151901429
54.6154389930843,0.0367718640023607,0.152121647318441
54.6702647569844,0.035293958662363,0.148987147227629
54.7250878630638,0.0339275523350828,0.146486267918448
54.7799080571,0.0326738998534983,0.144753025829952
54.8347250943532,0.0315344142253294,0.143921036588482
54.8895387346961,0.0305106628270673,0.144115149890558
54.9443487375598,0.0296043648319499,0.145441015963763
54.9991548567168,0.0288169769472676,0.148067334471296
55.0539568349115,0.0281484582808472,0.152166280391218
55.1087543983334,0.027598519860285,0.157786066381019
55.1635472509337,0.0271670456801153,0.164911559416052
55.2183350686122,0.0268541017690263,0.173457083941616
55.2731174933004,0.0266599467395197,0.183264551665568
55.3278941269647,0.0265850430835145,0.194107869796141
55.3826645255562,0.0266300683164105,0.20570375849703
55.4374281929326,0.026795925009408,0.217728161097848
55.4921845747766,0.0270837488522251,0.229836555456422
55.5469330525609,0.0274945041875631,0.241135057981431
55.6016729381576,0.0280277169114734,0.250870237316654
55.6564034700176,0.0286826319649832,0.258965714213161
55.7111238099995,0.0294586080963752,0.265419542979033
55.7658330402934,0.0303551144525621,0.270293644772993
55.8205301604365,0.0313717296901517,0.273700007832824
55.8752140844428,0.0325081436533287,0.275785710782672
55.9298836380673,0.0337641614124425,0.276718492652065
55.9845375562262,0.0351397092843023,0.276674089991004
56.0391744805911,0.0366348423796045,0.275826025943931
56.0937929573966,0.0382496629618644,0.273963783006544
56.1483914358906,0.0399840182843204,0.270957353133624
56.2029682681047,0.0418377113002774,0.267073509787675
56.2575217092946,0.0438105941085661,0.262547717630804
56.312049918653,0.0459025817745239,0.257582506419374
56.3665509602935,0.0481136658373729,0.252348035226116
56.4210228045226,0.0504439270664419,0.246984124932311
56.4754633294138,0.0528935472034042,0.241603164332
56.5298703227008,0.055462819556809,0.236293433297286
56.5842414840047,0.0581521584086421,0.23112251530399
56.6385744274247,0.060961941507884,0.225960945253711
56.6928666847992,0.0638919938157665,0.220715752682939
56.7471157101103,0.0669420467010539,0.215478675826909
56.8013188845509,0.0701119054156002,0.210321480466446
56.8554735219661,0.0734014560301206,0.205299179100541
56.9095768746651,0.0768106708579528,0.200452909234242
56.9636261396135,0.0803396124126538,0.195812451270289
57.0176184650129,0.0839884359566779,0.19139839287137
57.0715509572792,0.0877573906975163,0.187223962857549
57.1254206884257,0.0916468196818647,0.183296566212831
57.1792247038949,0.0956568905217396,0.179434048611616
57.2329600316315,0.0997867451488016,0.175494655453598
57.2866236936372,0.10403522329143,0.171533570600587
57.3402127186932,0.108401114939829,0.167595193552303
57.3937241554421,0.112883154016463,0.163714855227284
57.4471550857878,0.117480010088555,0.159920304879168
57.5005026385993,0.122190278145583,0.156232988290297
57.5537640037074,0.127012466479177,0.152669138925012
57.6069364461766,0.13194498271644,0.149240703749938
57.660017320837,0.136986118069361,0.145956124610252
57.7130040870743,0.142134083585139,0.142755473009389
57.7658943243198,0.147387132771997,0.139585833629504
57.8186857489682,0.152743345247303,0.136461394072383
57.8713762319948,0.158200544632396,0.133393367443243
57.9239638167917,0.163756273216029,0.130390460097814
57.9764467371742,0.169407764984104,0.127459271228463
58.0288234355267,0.175151917157276,0.124604633653857
58.0810925810502,0.180985260418774,0.121829904098508
58.1332530880714,0.186903928045249,0.119137210063973
58.1853041343687,0.19290362420102,0.116527659529425
58.237245179482,0.19897980180459,0.113985082805017
58.2890759833287,0.205128253839508,0.111492667969565
58.3407966257304,0.211344437368278,0.109049635983208
58.3924075263019,0.217623225734176,0.106654898039751
58.4439094642962,0.223958872657286,0.104307109451645
58.4953035983327,0.230344977176621,0.102004716660539
58.5465914859403,0.236774450024245,0.0997459984400477
58.5977751028429,0.243239482098802,0.0975291021877088
58.6488568619069,0.249731515772642,0.0953520760725193
58.6998396316648,0.256241219846334,0.0932128976865622
58.7507267543258,0.262758798666978,0.0911199352137106
58.8015220633044,0.269274971644936,0.0890787470235073
58.8522299004807,0.275779981495808,0.0870834715770168
58.9028551330728,0.282263255277202,0.0851287561274435
58.9534031699461,0.288713400024118,0.0832097117641387
59.0038799772552,0.295118206149084,0.081321875980488
59.0542920933098,0.301464659599381,0.0794611816280582
59.1046466425547,0.307738963751826,0.0776239313742563
59.1549513485455,0.313926571971706,0.0758067767868681
59.2052145458002,0.320012231694081,0.0740067013549313
59.2554451904007,0.325980220190062,0.0722330069353138
59.3056528691527,0.331814956645107,0.0704936546920241
59.3558478071462,0.337500550749005,0.0687842381008211
59.4060408738262,0.343020712044839,0.0671008318355006
59.4562435875611,0.348358849423657,0.0654399627083391
59.5064681186122,0.35349818251878,0.0637985844039338
59.5567272904048,0.358421864371114,0.0621740552339514
59.6070345790114,0.363113114420779,0.0605641181941245
59.6574041107668,0.367555360545381,0.0589668827148545
59.7078506579445,0.371732388540745,0.0573808075311039
59.7583896324476,0.375628707145161,0.0558100775389194
59.8090370776689,0.379230323276014,0.0542582265283394
59.8598096589103,0.382524242071676,0.0527233024387911
59.9107246521958,0.385498398191316,0.0512037493142248
59.9617999313344,0.388141795158657,0.0496983802112299
60.0130539532567,0.390444637465469,0.0482063506837697
60.0645057416711,0.392398452839821,0.0467271325549453
60.116174869104,0.393996202170831,0.0452604877332489
60.1680814374059,0.395232374753768,0.0438064419281573
60.2202460568202,0.396103066759546,0.0423652582198415
60.2726898237181,0.396606039831354,0.0409441855166143
60.3254342968495,0.396740766579557,0.0395499088752024
60.3785014718212,0.396508469277498,0.0381821379284743
60.4319137544176,0.39591211891505,0.036840736119766
60.4856939332153,0.394956408598228,0.035525696598271
60.5398651516751,0.393647705647852,0.0342371190835263
60.5944508798911,0.391993983444159,0.0329751878084871
60.6494748861735,0.390004734513563,0.0317401506934345
60.704961208645,0.387690866748272,0.0305322998588233
60.7609341270217,0.385064584979881,0.0293519536085941
60.817418134732,0.382139183509827,0.0282013714520173
60.8744379111743,0.378928696107605,0.0270826295948354
60.9320182936629,0.375448015804076,0.0259957601467362
60.9901842497352,0.37171282505353,0.0249407608972598
61.0489608502981,0.36773944159198,0.0239175884225747
61.1083732437493,0.363544664680617,0.0229261526756757
61.168446631178,0.359145624187641,0.0219663130038017
61.229206242734,0.354559634729533,0.0210378755073984
61.2906773152399,0.349804056810361,0.0201405916477333
61.3528850711033,0.34489616659642,0.0192741579813483
61.4158546985639,0.339853000661617,0.0184386356491287
61.4796113331043,0.334691152416572,0.0176339945032553
61.5441800397073,0.329426797317779,0.016859714913197
61.6095857962692,0.324075643102852,0.0161152291469708
61.6758534783566,0.318652854222296,0.0153999256170887
61.7430078453028,0.313172988137867,0.0147131534204827
61.8110735276145,0.307649943208359,0.0140542270484902
61.880075015657,0.302096917703486,0.0134224311895969
61.9500366495766,0.296526379338236,0.0128170255250173
62.0209826104121,0.290950044607009,0.0122372494516581
