#spline3d 5 120 5 120
132.82453876246029 112.66660626060175 1.2886904985033041
133.22430701951416 112.8307850283188 2.1883700090706215
133.64939366547145 112.82558365524378 2.9839525310146295
134.08393309471037 112.669631824535 3.6868524027176242
134.5120602505736 112.3815595786548 4.3084841933918172
134.91790869931722 111.98000031103969 4.8602657074193543
135.28564147607926 111.48370466248585 5.3537155259737848
135.59957567034496 110.91172095478416 5.8005863052948667
135.84456639268899 110.28362189749942 6.2129571983367518
136.00670484646434 109.61943448623424 6.6028977193256191
136.07423046347384 108.93931575221198 6.9817586971151426
136.03896001954385 108.26266133029917 7.3586130017684974
135.89680895525592 107.60705193897822 7.738901765608599
135.6484621984157 106.98689691199291 8.1227588255748682
135.29918647715951 106.41207900065992 8.5040533564964438
134.85778536240778 105.88787174478665 8.8714269890193034
134.33611219929986 105.41442934759129 9.2093128091744525
133.74783037570194 104.98779372275925 9.5009976478208564
133.10742112064082 104.60114079269063 9.7312139323929916
132.42909486890247 104.24609536956712 9.8890315653165057
131.72574203042822 103.91433194505085 9.9692714065831183
131.00815403193951 103.59858291855302 9.973152804815264
130.28436305287525 103.29330788817516 9.9082533361573066
129.55992653757644 102.99439693438231 9.7867458480752028
128.83809547392576 102.69879067172778 9.6241435046074066
128.1204895599175 102.40377108151431 9.4371165006489193
127.40778159449052 102.10654794730928 9.2418625982569225
126.70009525719203 101.80409953301422 9.0526451481119459
125.99729688530292 101.49345921489265 8.8809724233359493
125.29899656125723 101.17219461431554 8.7353633445334431
124.60436436622888 100.83915529727145 8.6210736550461782
123.91199371942326 100.49489461122212 8.5405723024917535
123.21982421560972 100.14192532218829 8.493839278184387
122.5252796575562 99.784560804288986 8.4791145555474081
121.82571262749101 99.42810906191869 8.494027082471364
121.11902908668185 99.078046369115086 8.5366352358362541
120.40463099703858 98.738825043447889 8.6066296044371544
119.68400506425496 98.413267929180307 8.7059151660984941
118.96148060201843 98.102117518289106 8.8392787032910558
118.24413408776327 97.804527563850897 9.0140063298388995
117.54142800156535 97.518698330976875 9.2391013555209529
116.86459077795602 97.242528142809931 9.5237963924132991
116.22556613789271 96.973893205092921 9.875736944729832
115.63617728358639 96.710527979034268 10.29924900098105
115.10710190425334 96.449678325288659 10.793803890733416
114.6473709337949 96.188085808189797 11.354355689509454
114.26363401771191 95.922236386071887 11.971490769144475
113.95980633609084 95.649259100414056 12.633388672322225
113.73687016152593 95.367788504560536 13.327652543939156
113.59211824628966 95.079048027020377 14.043196672280498
113.51895579614614 94.787065524443051 14.77142390555864
113.50676417305152 94.498484170405547 15.506738586047689
113.54127954973767 94.221792199814615 16.246643013611582
113.60614256797106 93.965993178312459 16.990889273591517
113.68428692136534 93.73940578823813 17.740853885725411
113.75973683429616 93.548127566515575 18.498455968909923
113.81844044603125 93.395160614661904 19.265282155541133
113.84899704972946 93.278960580764021 20.041677305348355
113.84243162586918 93.192897015849113 20.826055889448039
113.7917932898516 93.125325444663531 21.614568548284478
113.69199581661189 93.059821978373904 22.4006980914493
113.53969198755722 92.976939822664662 23.175565717616124
113.33360831565119 92.855836417509096 23.928163969750191
113.07522309412275 92.676718457728597 24.645873202917926
112.7689248068839 92.422632612333132 25.315235191610771
112.42260113482244 92.08142664562483 25.922547058937148
112.04760260547978 91.647130771320789 26.454635663224884
111.65815641337134 91.120190608502725 26.899324528800069
111.27087317130909 90.508481864040959 27.246000153141861
110.90347485436956 89.826724538093714 27.485850800782078
110.57371253353752 89.095632919227796 27.611996197114038
110.29805834767411 88.340748600460302 27.619850332298448
110.09080223126655 87.589812321396778 27.507390649647704
109.9632836830568 86.870282079830645 27.276009199405351
109.92330970404429 86.205636745214107 26.931911293863585
109.97537951709269 85.612935516905424 26.486486959663885
110.12033433756507 85.099695685786884 25.95718288132613
110.35533834738017 84.662396128941154 25.366841688342184
110.67400201026528 84.287348909062757 24.742185335699588
111.06586606927836 83.951257039251971 24.112396962401462
111.51651493494654 83.625049434857701 23.506853598848984
112.00770144956579 83.277653133020223 22.953398230062049
112.51743106022072 82.880919687064676 22.476321060347455
113.0210415688848 82.4135788663977 22.095419952454517
113.49218421111436 81.86460090043083 21.825104846426793
113.90462406418186 81.235649840908067 21.673917937978157
114.23394172557096 80.539799625567113 21.645277140476882
114.45969544782221 79.801413278227685 21.737304608267316
114.56760466662924 79.052898473957853 21.943405047480823
114.5505178363624 78.331158873274433 22.252892340153487
114.40994665646028 77.674005563956442 22.651088657438407
114.15522437890141 77.116071114190675 23.120374337136226
113.80228929389897 76.685853166440822 23.641245676830362
113.37183632104799 76.402459519277187 24.193917374963107
112.88651555280431 76.274953852137969 24.760148325699731
112.36885495484238 76.301526297464889 25.32500425368378
111.8392231089565 76.469899019668318 25.878778896292861
111.31534918978873 76.759998299681854 26.417251581103503
110.81208681159059 77.145541744128707 26.942399139779052
110.34242037487843 77.597552291722593 27.461227358264342
109.91860550151061 78.087086844309596 27.983885141400826
109.55320309188923 78.587920264353173 28.521569108624764
109.25955515513864 79.078268818850347 29.083855468752507
109.05150689390993 79.541557506020823 29.676807986600597
108.94229597682032 79.966830571201953 30.301113711830173
108.94308151254842 80.347490849460769 30.952124230063486
109.06132718379189 80.680282964194134 31.619996772345651
109.29905733827933 80.963384846340915 32.290939677462376
109.65272957267591 81.194671883940742 32.949061401558893
110.11235449008922 81.370143395377738 33.577667746183579
110.66219759971132 81.482869966979365 34.160586957681183
111.28185055524727 81.52291774299249 34.682616100421093
111.94701543730716 81.477421488972809 35.129683771746386
112.63101736520986 81.331615702084122 35.488442982379802
113.30576540900429 81.06965258483531 35.745907598377684
113.94256324761618 80.675340008075366 35.889165872951814
114.51255381324107 80.132479919592413 35.905302790675179
114.98685714551004 79.424915870382577 35.781403621493261
115.33659565841408 78.536495960641304 35.504555416941081
115.53289107410714 77.451067723623751 35.061844869238662
