#spline3d 5 120 5 120
73.012798640743952 114.13370758437689 2.0878283529437303
72.930445728754506 113.92181214870291 2.7634657624427961
72.710847073811806 113.81150907563006 3.3945556540051958
72.405163307249751 113.75061342106284 3.9942140041999901
72.074739776078587 113.68548268227022 4.5805775392477974
71.709595560054552 113.57227171740891 5.1371050731923731
71.334829535273116 113.44213131339087 5.6839280618306498
70.989078812049272 113.3013110662643 6.2459301252398438
70.659368566298539 113.14245717638893 6.8144912088330747
70.320196474791743 112.93692390296701 7.3616596797107618
69.891984262569849 112.785761041035 7.865141016601938
69.557651236210376 112.60047737703377 8.4199569376205172
69.267531411795943 112.35674961156199 8.98333357415558
68.903207068594838 112.13377234472082 9.5061385092437405
68.53404908393108 111.8798721726376 10.011283209674035
68.18892783074071 111.57186692543613 10.506029576821618
67.927742072022966 111.21195098246309 11.01537166732243
67.725366362794546 110.83441502490709 11.539563880005657
67.512666584597611 110.42144819162056 12.028790587256905
67.322325086386144 109.98393616514274 12.505554313524527
67.22688941820148 109.53625231269075 13.012289568164672
67.192134476620595 108.9792071949561 13.400895862666079
67.216383600130897 108.35797547411715 13.672994833463965
67.256973464473191 107.75945241494374 13.983312592639491
67.351250925841299 107.17752289105979 14.315239198675094
67.592872265673336 106.59368762471864 14.569973129304355
67.914775569167091 106.06677562916767 14.853457730283813
68.29571127812244 105.55653650439093 15.07590563793447
68.682956213526992 105.0012939478559 15.148089076985078
69.106930161545932 104.49764258749019 15.303213570555661
69.56676365441713 104.0084422215607 15.372272189937167
69.994540802673455 103.48371639008013 15.380448321807888
70.439783400825348 102.97590832473935 15.39381097510541
70.941901482733073 102.52139733335338 15.375862306786269
71.509644288016148 102.1509423864894 15.346794284311034
72.107207992210292 101.84343755699025 15.27908379732445
72.709574245230996 101.54578018712158 15.219393564232915
73.306134680070002 101.22565481271283 15.222232134766312
73.893900113900429 100.89415828309838 15.204798612915463
74.457425179378333 100.53762748576852 15.09447199315818
75.02977556158568 100.18797859971727 15.006093017868546
75.629787581885779 99.902897614709374 14.887945416089279
76.2440242349046 99.649879490689571 14.763362316401716
76.866027187497139 99.403662486692085 14.668959510782168
77.494061966029648 99.158891086184582 14.628442103381559
78.115623176309896 98.896065750042339 14.604039120760204
78.73054773154962 98.6216340089006 14.558716987462873
79.349986868115039 98.354902581856663 14.522085244195218
79.974953636505006 98.099501136333487 14.51516714994008
80.602865223517682 97.85283460237558 14.544915905991656
81.230579984016657 97.606952915174688 14.579174186499488
81.871449021721588 97.400560313604601 14.647826945112088
82.487912902325505 97.157477980722291 14.779473581245654
83.075205052638438 96.884645531174044 14.970245494366745
83.684527547789372 96.675910826419894 15.186206819053787
84.235266096820595 96.430453918810343 15.488336701290461
84.748307339367742 96.205039607142965 15.871331226487944
85.270158914771528 95.882503871405248 16.161879133925211
85.701565742091645 95.593110791522776 16.591812356834485
86.13462013942538 95.344776587393326 17.054837177973109
86.515235234327875 95.071292195772628 17.538609344584923
86.794299073206929 94.781430252779344 18.08488324666174
87.11970118482661 94.488415684324849 18.598164353922687
87.453148122945635 94.187212832177011 19.108313163178043
87.625738014348372 93.95148312209939 19.721938353874066
87.793749524001427 93.73284703395413 20.338919189468978
88.039631456846578 93.463174715393919 20.907729757435987
88.206100612877322 93.270243721577188 21.53549447629171
88.326143728685963 93.13838987100722 22.188917309778169
88.434555238285 93.014156938430673 22.843218277432005
88.580827567275534 92.784278324221773 23.464138587293522
88.714133322431039 92.489940662440233 24.060959641121347
88.722194237372136 92.230701351667676 24.685235556909984
88.644261198854764 92.043491877872782 25.338030297053784
88.436795549727194 91.813006527457077 25.936399684429208
88.163637326067331 91.507976580742493 26.490151090326492
87.913189753427943 91.045778674460024 26.917121379891888
87.687863249229224 90.456765476059843 27.195246952798492
87.521319921389704 89.814463018203696 27.336045747676796
87.374847965893736 89.154832532747093 27.365277364193734
87.151310503989976 88.516311601214127 27.379047163465941
86.916651359968697 87.88437008087287 27.377873994142558
86.736021589745434 87.234857467048727 27.301970607100579
86.646771334644612 86.56194115754738 27.261855932314628
86.700404470624704 85.888736856777911 27.227133307811769
86.75736865767243 85.216687535149831 27.203024268168321
86.80187292242536 84.543153217358153 27.18192170506375
86.919076377475335 83.877154131813668 27.165963814056301
87.062959215891723 83.219054281841125 27.222616927142845
87.261963044779421 82.574255796119118 27.300312733013463
87.604512345860584 81.994595217062681 27.406944093946102
88.044070842222538 81.516836488864683 27.633415282765647
88.506085455574848 81.175155944929443 28.001291467343457
88.946726896236285 80.927821989560954 28.457039168929715
89.300190849833498 80.700789299802963 28.984504681271972
89.634833745344253 80.455590363560148 29.517552726401181
90.024104346628661 80.210675420480257 30.020647601784951
90.388821817480732 80.140423359193662 30.585498502654588
90.715083489767309 80.160219179918016 31.188648485387006
91.169209540157851 80.278283037325181 31.68523513910948
91.693995331627264 80.522057696855185 32.036881964650171
92.172017707466722 80.802126370103196 32.43350742792525
92.561921612250742 81.155362797432247 32.880093732648881
92.653081167886242 81.656223557858141 33.345778200612337
92.626200185165303 82.230842629714232 33.73171449024418
92.478945270955123 82.84749156844137 33.964186376841013
92.204862988330461 83.440168051423157 34.155057266385441
91.910729108350296 83.995576954508849 34.401153360025376
91.589352115238114 84.553972723170347 34.605794910624105
91.185052005485943 85.048915150262545 34.829767170682572
90.743097775904218 85.507205798772432 35.058853169338732
90.241426646848808 85.907386100980688 35.263661642171776
89.635463747255116 86.204963874851501 35.451868716465597
88.975317357785855 86.207871023288419 35.627064498579927
88.349164110241134 86.017999415809001 35.839819704969557
87.759681124559805 85.884150528057376 36.130333437104944
87.173357314798778 85.712416529952236 36.42446347400935
86.599518256949494 85.410420136311942 36.634192194899711
86.084128616914455 84.95154713820952 36.747091511236107
85.668074515784156 84.294615709289928 36.735227155173789
