#spline3d 5 121 5 121
65.050992045110306 87.280447868239264 2.8791015863627876
64.664094243080555 87.867856144807902 3.2354968784263263
64.305000504090316 88.247812787788419 3.7051077152816143
63.964816923093139 88.499215811573293 4.245625621319884
63.635141210753304 88.707961926306155 4.8108173697055294
63.300639769812278 88.938276346887434 5.3657840051532668
62.932444716612501 89.085816696580054 5.9378565066051987
62.553208847650026 89.045022862575109 6.5121379130629427
62.189194379046803 88.945856745961336 7.088444447539521
61.805219447795935 88.878072719227177 7.6588608398649631
61.484693776146926 88.653716395749285 8.2254192591064275
61.245866196970574 88.424741415340478 8.8332680314867478
60.98541871366821 88.171212547979536 9.412409693257958
60.730725518035946 87.831763196630817 9.9594109817118852
60.524636833732821 87.470544271898419 10.503546125496925
60.320784471586137 87.033634402555009 11.000333143854684
60.226023251685746 86.651723912685853 11.573883860140874
60.349832550435735 86.263986396725969 12.134824297307512
60.543294110840293 85.865692168809375 12.66765533280806
60.800192127372313 85.498297536581546 13.188294113472644
61.202798177594367 85.149836076194262 13.628801067975342
61.580186212494866 84.770824665940296 14.063433816963871
61.99346604455701 84.36191596328824 14.429807262815036
62.396922926436872 83.874329887751387 14.71426888711127
62.867895430748256 83.421221812349273 14.914034087905703
63.391568071646951 82.979875760347895 15.036736669725491
63.951199920125667 82.583810768952617 15.074089796579841
64.576663215082547 82.290613104404031 15.065890240344352
65.171917112490291 81.950037239517314 15.081649423161011
65.795506644327517 81.651752778806838 15.086903443343246
66.452133034334608 81.453814283233058 15.014204465364088
67.103664424799561 81.316379891386674 14.827871825374082
67.730508362746065 81.140318900038139 14.604918272756624
68.350750599088542 80.886744236937474 14.449475151818541
68.970956909308427 80.62686614349056 14.304234804356426
69.593922537178386 80.403180330631884 14.118755055836353
70.20741047704513 80.151877803997877 13.936027789650803
70.811808166034226 79.861074021912032 13.784526736671632
71.423397721846499 79.566009195061085 13.673411154285573
72.057534236249154 79.329385835194273 13.549220706077058
72.709862224785354 79.152142672705082 13.424852930230847
73.37716264656315 79.005326116904257 13.322015896330868
74.012634845147346 78.750384236294792 13.260694531068042
74.631820890838583 78.442631455752434 13.291138666543763
75.235822351840639 78.135171493830555 13.417613248459451
75.775676981358899 77.758029156612125 13.629549184717526
76.355882864837056 77.52350468053092 13.92298360160131
76.883723152072776 77.259747464995144 14.282391425006265
77.298936380697825 76.926068540527837 14.722732956517973
77.656927056080875 76.60182212462 15.217526637967978
77.917481086091755 76.299121097368513 15.782714489053292
78.035918469524674 76.024461645576224 16.405061144395102
78.113751922889008 75.754620226119428 17.03363340100514
78.199538645305395 75.526313803416272 17.674874027894177
78.285053083107272 75.316048248649253 18.324398769402563
78.344425537095887 75.037821477607764 18.951305734461862
78.322879064393717 74.762420406757002 19.581634722734801
78.293933314823519 74.470008233308747 20.204004289759585
78.19134608364503 74.211325665700912 20.831951935471736
78.100232679029219 73.914790959206002 21.447162633031791
78.013181035701734 73.656781500639013 22.07655299905251
77.867433572272418 73.509290496025855 22.738783842176076
77.646977261107281 73.390081816515007 23.377173400444352
77.380989547618086 73.358676333570912 24.018789732427887
77.22305955991024 73.229030824659247 24.67575348669455
77.163661668251393 72.934251572907257 25.308423390109311
77.148250031731777 72.798056061236423 25.979930686758244
77.203968973460135 72.687234838395085 26.658435291030365
77.281767743150567 72.494036271944168 27.317034713902341
77.372447961430382 72.233212202698482 27.94879421627126
77.557768839550633 71.836559981162267 28.488650489031336
77.68582926554825 71.341271567454385 28.958982294079004
77.771674722929873 70.725349101479054 29.259884495767185
77.872015692299811 70.11341184939576 29.558944919520783
77.868763080125376 69.48595373176768 29.859339447547931
77.889199754525009 68.805303531870422 29.956170202540093
77.944013790799517 68.122902410910555 30.035381004450379
77.954843401632644 67.450769298908739 30.174265872105739
77.97396268901403 66.759025365842092 30.204607672835863
77.897520034134615 66.07464894930115 30.193898072301078
77.726331937495885 65.412598059863129 30.092799142899526
77.636496179269827 64.745428881731215 29.950039491321277
77.565550073619676 64.086936050156169 29.757006953992132
77.354720336173528 63.488599571724286 29.466015835155179
77.328580147700706 62.794849637270822 29.407685853871442
77.458426989061749 62.097672299717068 29.521292345300452
77.723809175219699 61.520321904450391 29.767050959597345
78.011931298616545 60.978499839493189 30.041537421246971
78.349819722141604 60.406387728504484 30.434659664831006
78.885716823791782 60.37110960801337 30.876604476238239
79.440211868583887 60.826974853710119 31.159523532741602
79.937409258750463 61.204860791152271 31.380350646015028
80.449841152468508 61.634611970568002 31.541742935909937
80.928171117058383 62.122635600065408 31.657206172262253
81.392911747857084 62.614761179445608 31.761843097430333
81.844423409574816 63.124032502732717 31.873998898553154
82.247010565559521 63.64686063692384 32.053596991477285
82.658653514091085 64.16418979837789 32.26847721557953
83.019517918989749 64.686037313499341 32.531657276845991
83.151166979007542 65.273031134472575 32.882562074085634
83.236762663684672 65.87136750330852 33.214845663791792
83.185293211479731 66.443191591488628 33.601333942245091
82.991818678092358 66.997532299457731 33.970186553849047
82.70800127348393 67.560261656122407 34.253192748485382
82.369799179554164 68.093348671959617 34.522010582599954
82.015288525687339 68.551331306557159 34.899138099375939
81.627170212056924 68.976800248697188 35.276352984379983
81.205176494870855 69.343664944092026 35.677898493319276
80.733388644370606 69.62150523747998 36.098565066669579
80.197654809056019 69.876123394239755 36.451787871179128
79.618668370415321 70.155656015802677 36.699404160435087
79.055283266794632 70.484732341110714 36.918636577560015
78.489493462617943 70.81016017343552 37.137493905344414
77.855907362317254 71.010150588091406 37.32238613201153
77.228552318133552 71.190025196354526 37.5349403664314
76.587256920524112 71.390663941437879 37.712111774941462
76.020607008111583 71.580670625611461 38.046656487447144
75.518210503340185 71.7089005002547 38.513348565509915
75.011933033926454 71.734546547147431 38.978268685814847
74.493420400910907 71.749532379057797 39.418778750933583
73.942056963916457 71.82308570989585 39.78910296896197
