#spline3d 5 121 5 121
124.1870656283499 87.885184544214169 3.147234487933622
124.2738252058387 87.222686343867721 3.5106926442996236
124.09514316571662 86.812918403568148 3.8832088748785343
123.75432581468412 86.53704954932131 4.2371053532562453
123.35800787836209 86.273356229266611 4.5449469154449353
122.97959490031263 85.930242805169257 4.7783338245673619
122.60492216009138 85.549357742028334 4.9672200192115437
122.19816996759405 85.212038562982073 5.1625716325794908
121.75480128680664 84.932282118931511 5.3710059338260798
121.30093699476701 84.649283301330073 5.5478748822903201
120.8487889976773 84.330945135655966 5.659530886031976
120.38412746290768 84.015328790020774 5.7252276281893959
119.89407397042497 83.74080760184431 5.7591893314391545
119.39057370452228 83.488891668822077 5.7548790838904651
118.88882554608581 83.231962953938847 5.7537429912785418
118.38689874815839 82.975055147529019 5.7708379654985542
117.89922186288324 82.696636058597676 5.7481177700136703
117.42780429132213 82.3951399412163 5.6755839192959705
116.95501995745015 82.09409801579352 5.6121808883177691
116.47876481631455 81.793620942016318 5.5999854558161575
116.013936261651 81.476643950044718 5.6338722859962722
115.5583023432398 81.149372737329344 5.6914745464869902
115.08708731434801 80.844229541734819 5.7357310591138466
114.60467202812862 80.553410880594441 5.7357873852142331
114.12790713581767 80.253453377534854 5.7037047200389761
113.66749169143094 79.929386103463344 5.6889074964149717
113.22601688043102 79.579645350600941 5.6962455835829164
112.78989905815158 79.222935280063325 5.7057544385451271
112.34092058056144 78.881970865901593 5.7128669452586962
111.88336895385106 78.554735006079824 5.7428482224895481
111.43392597266347 78.227426684900976 5.8306745243843068
110.98908159072407 77.903340043267548 5.9557797976749578
110.54182127373726 77.589938374001576 6.0960577456771485
110.09415887061274 77.295665069589162 6.2688898998001532
109.64430919229615 77.02559372012901 6.4746104919778009
109.18182752660661 76.77811721533574 6.6802154328448111
108.71220498771731 76.538202082841636 6.8789418205727833
108.2582987267088 76.291041936943785 7.1038357141836457
107.82731540410104 76.058000123627892 7.3838053854394374
107.42152172431935 75.857084637527947 7.7211689211245407
107.04600187656257 75.674061115929845 8.1001788728124335
106.68836419935525 75.497974142933685 8.4981976474523524
106.34108681049463 75.313099389836339 8.9014145787858858
106.00572623845476 75.145126748383461 9.3217491506790999
105.69018872822571 75.022605241374137 9.7739945860576523
105.41467368576383 74.930331875092008 10.258824628046742
105.20496614050346 74.824521889384428 10.770215749722395
105.03092220653842 74.688687419191197 11.288932158781723
104.83596634313825 74.556026633681299 11.799834458313011
104.64224728548781 74.449630708889444 12.318462528834752
104.4862603360901 74.351639187084331 12.853556165988016
104.40423023201994 74.25459067668659 13.402624363200944
104.39103166292499 74.191750595558517 13.962195499099323
104.39070680373607 74.160892256629054 14.525186449585528
104.36974556223032 74.143323166820707 15.087951903218704
104.35071911056038 74.124984878977699 15.651428139338563
104.3388891061133 74.050639550239453 16.209557493925576
104.28660594509414 73.924664381561257 16.755897777384703
104.20757315536801 73.800455151900849 17.298785754333046
104.14201356052446 73.702853465777906 17.85147099184152
104.07631096810907 73.648792750191603 18.412827285414767
104.01094974235103 73.688231481376434 18.97028702420916
103.97934358700378 73.833788774163267 19.515201465285056
103.97191288733903 73.962933851990371 20.064211653444527
103.95621626135626 73.966550205319521 20.630253017467147
103.91900244346846 73.877300754702176 21.191895074212994
103.84829298415609 73.707804461609499 21.724058883985286
103.73748638348246 73.464853083862621 22.223281863307413
103.58684051568423 73.152779455523728 22.675787195153667
103.40342509289943 72.753578712938491 23.036850984526627
103.21669806118233 72.274343882867512 23.274619691502316
103.04646200723457 71.749329176799776 23.402007772943382
102.88960075846755 71.206921574538839 23.474405970003723
102.75372612314742 70.658157707450883 23.488947607865519
102.64913065164659 70.120872126821894 23.367378033864629
102.55839841910783 69.610030855323643 23.130313573007466
102.50278664727283 69.123227761849463 22.847729043302834
102.50576679439236 68.644233156924386 22.556380793844141
102.54344204961139 68.160290084237602 22.268573404669048
102.61062831325603 67.670111096002671 21.989562131438426
102.76480353001641 67.192941065942961 21.730192112931135
103.04438551932228 66.759329419383235 21.499684099453429
103.38279764501465 66.33616906099428 21.325728034165039
103.68528302536114 65.867570545099724 21.240087116102277
103.9399795159449 65.367888965032179 21.254342602865052
104.17506407173228 64.85721099828055 21.330822330192653
104.4170492532303 64.350741716430505 21.430945117566861
104.664190267322 63.884459948112095 21.613111145085902
104.88435352622122 63.482089450012765 21.943006319024718
105.0289316642651 63.093635584369359 22.3463617536082
105.04536429449649 62.708571610917886 22.771258365096941
104.87378366865056 62.411282196591905 23.212782742302473
104.56518933774908 62.243054296177768 23.669806532684809
104.2352111719445 62.18521905242504 24.132582267134779
103.92145715872238 62.211652846685077 24.5979516717025
103.61876416628202 62.280064631073834 25.067723730777619
103.30734769543328 62.376062518375683 25.526816741266092
102.96644452676792 62.529737366925303 25.951686643831206
102.63031460325847 62.758082320131692 26.353307992396289
102.37545743022174 63.091737543730886 26.730697655067651
102.21573449718315 63.527246762915063 27.057822705907999
102.08604911518985 64.008134218618395 27.329543600209387
101.93027917279304 64.492938373290983 27.568065325188147
101.75154672113391 64.972168598315832 27.801554018840815
101.60271680208177 65.449093595868447 28.063893750047097
101.51978206064526 65.917114286999904 28.377352889867652
101.47106034685785 66.324571351195701 28.764612704523326
101.43579399292358 66.624736475039953 29.240482140538578
101.42408658595627 66.876961698894746 29.750008217051331
101.46004269707159 67.16592314122596 30.233680824435346
101.59448466073472 67.4861563262305 30.680826828449458
101.83320147590567 67.74811878891586 31.12620025159887
102.13210674251941 67.879705119495682 31.59462212107492
102.4640702659775 67.886052801377573 32.05427071989709
102.82494762943182 67.793216099402173 32.478641550438759
103.17619937080381 67.653538167534307 32.898051203369455
103.49617427335116 67.482970524715014 33.329701348811476
103.80574669257265 67.304714127319912 33.764486261731932
104.1577643153457 67.190284460589879 34.185398844052898
104.60096352061971 67.207279474319847 34.577572775856325
105.18448325027236 67.42364079342542 34.925922642036596
