#spline3d 5 120 5 120
120.4066163686684 88.751294335733533 1.8815181723514811
119.90923845820454 88.444093625952689 2.2282944903037745
119.39334556879032 88.133816511650124 2.5304989604771877
118.86040642396901 87.822800495631256 2.7897913100140004
118.31188965951445 87.513383376808477 3.0078313228247167
117.74926486950064 87.207899398065891 3.1862780607993808
117.17401558648541 86.908625912936031 3.3267783654297967
116.58768147062484 86.617605356942946 3.4309332231346898
115.99191323902835 86.336376976827964 3.5002805566824637
115.38849924982921 86.065750496773973 3.5363508045938454
114.77935114475709 85.805619146255466 3.5408437089874698
114.16640712895334 85.555012447173453 3.5159154409144464
113.55145679335126 85.312350736249314 3.4644888155386071
112.93597575510489 85.075816469886888 3.3903796850421704
112.32097366879367 84.843666640432758 3.2983546654573876
111.70691739459902 84.614464737720212 3.1939894272454703
111.09377700170458 84.387115395783439 3.0833560591281861
110.48118799939243 84.160692252077709 2.9725657645517911
109.86868913095584 83.934174604812711 2.8672679196074973
109.25597285554038 83.706154185933144 2.7720287487468269
108.64311967403967 83.474618804696533 2.6898646170455125
108.03073406347671 83.236872838641631 2.6221233490346121
107.41996483360572 82.989607992387931 2.5688675280516784
106.81248496518474 82.729031756693672 2.5295126076745356
106.2104533418818 82.451095134220182 2.5037120519400022
105.61641610044504 82.1519008592566 2.4923169606193993
105.0332080542001 81.828321008971272 2.498159752605503
104.46385974484343 81.478562426156117 2.5262106880940669
103.91157739039889 81.10286636921839 2.5835593441694193
103.37976892230851 80.704055391969447 2.6787829557663394
102.87209913073568 80.287855154487673 2.820944642714192
102.39253909133734 79.862921598925908 3.0184225214259239
101.94538563904422 79.440387387349077 3.2779761697912289
101.53532040852103 79.033332769487203 3.6037525829188453
101.16742126201055 78.655553201280327 3.9966962980735032
100.84709771346523 78.320028072142335 4.4542483299700608
100.5798494768875 78.037524008883011 4.9706483118533207
100.37084777843502 77.815434427633463 5.5373843000265817
100.22424393736222 77.656944554713931 6.1439581240401564
100.14240485078676 77.56103990788975 6.7789558638234046
100.12521861773712 77.523109570016331 7.4311581877169779
100.17008568501983 77.536243133391565 8.0903550380377354
100.27189550113124 77.592254862733427 8.7480911744417291
100.42371139776222 77.682946331860677 9.3980154181572146
100.6176284718148 77.801072832536605 10.035852325319132
100.84554569989811 77.941060464182442 10.659015931625472
101.09963519466282 78.099503930369366 11.266106482925963
101.37254965417601 78.275668550296686 11.8564011713433
101.65728229104717 78.471599310260871 12.429359809565705
101.94679257261321 78.691855790142284 12.984415134614354
102.23365531074329 78.942591122784322 13.521067669879864
102.50977864709218 79.230391326967464 14.039239781011332
102.76631500501952 79.560549401182229 14.539851167450948
102.99381756715826 79.935256459954189 15.025405186850678
103.18257572568356 80.351996411061407 15.500383071049677
103.32304806971661 80.802952601678726 15.971098941248684
103.40648032591596 81.274303461522592 16.445318914627943
103.42571810231823 81.746857442849958 16.931079555999531
103.3761778536883 82.197362875106606 17.434999493774157
103.25651115463563 82.600566784778309 17.96057659577605
103.06901968216744 82.931367035649274 18.506667667947283
102.81972302264423 83.16725314565997 19.066235403434682
102.51777237590321 83.290606636874287 19.626050873883536
102.17455685299581 83.290729445065864 20.167372504575898
101.80271603516169 83.164258274814273 20.667949853413365
101.41556538520329 82.916005818458814 21.104192516486908
101.02666078455979 82.558104423503295 21.454356529434023
100.64962170418789 82.108382595845313 21.701691213735671
100.29794976034654 81.587936939712804 21.83655009895466
99.984742369672318 81.018777768884789 21.857473273305409
99.72216600291722 80.421429593282383 21.771654063223227
99.520762104898452 79.812948266489983 21.593666231663565
99.388595242448829 79.205593966881494 21.34352108046313
99.33086960734974 78.606809744670329 21.044132832335187
99.349374633095238 78.019131493613699 20.719303225951315
99.44246076868825 77.441110747721623 20.391671147965184
99.605304890321477 76.868645045215644 20.081394361863278
99.830372275864548 76.296531140083403 19.805649211213911
100.10786005716569 75.719866589238592 19.578832301472083
100.42577819754118 75.135399203193941 19.412888396557413
100.76997703753682 74.542611637065107 19.317925413418248
101.12397690633472 73.944534355403448 19.302384812502009
101.46915188921113 73.34788852204602 19.372854195244653
101.78509852171679 72.763184143437329 19.533296765466844
102.05070373214832 72.20430409436203 19.783927403056754
102.24589755602442 71.687532631177902 20.120131147812646
102.35388047504173 71.230121980616161 20.531813985814395
102.36274663391906 70.848741324590591 21.004006373358706
102.26742923768542 70.557783793385411 21.517612510902431
102.07045725090687 70.367814899064129 22.051572707077472
101.78178770785381 70.284382298277933 22.585498698176938
101.41716138246993 70.307881320894708 23.101864774726472
100.99646520013899 70.433500786258861 23.587844367817929
100.54143212893077 70.651983036034096 24.036389894886621
100.07347898763189 70.951043200881799 24.446210851372101
99.61214394793484 71.317056797351086 24.820903951626644
99.17447829910904 71.736554605952094 25.167316871484505
98.774574105017052 72.197496338535615 25.494031869613934
98.423738775280867 72.690124596453373 25.809322409461792
98.130763984347894 73.207247644766525 26.11949318909609
97.902303777507754 73.743843127301631 26.428038875038194
97.743087080417084 74.296328754323113 26.735572240556294
97.655982495568651 74.861556052186216 27.040426050828927
97.642124289994413 75.435723044260357 27.339965926584785
97.701029246462426 76.013646842709321 27.63193506293625
97.830865046603364 76.588705345279536 27.915248725248741
98.028534037626756 77.15301636131521 28.190468295192101
98.289875899930436 77.698122260121124 28.459653948010839
98.609864458673542 78.215821383603156 28.725773010655846
98.982867518399502 78.698913262495395 28.991872943597546
99.402936059523867 79.14160126020478 29.26036401184983
99.864076432356825 79.539755115569278 29.532410450447156
100.36049362022517 79.890713950445445 29.807746466465854
100.88668245224753 80.192903041736187 30.084886459909399
101.43736921674689 80.445383348607407 30.36158838649046
102.00741538169866 80.647539681457829 30.635240101865584
102.59173050469141 80.79886573642105 30.903128960189814
103.18523171591653 80.89887179004468 31.162536074432051
103.78283646042608 80.947069045340896 31.410742735069462
104.3794621604671 80.942968619754396 31.645030211866128
