#spline3d 5 120 5 120
76.460474034800583 114.68961586986646 2.6130384864173934
75.964860089814579 114.71498630909855 3.0736259469670113
75.476013475702771 114.73593109213243 3.5462764127274751
74.99521242455782 114.7472361019462 4.0300887447642708
74.523735148252328 114.74368745968252 4.5241617089686743
74.062857207879887 114.72007084501534 5.0275915930352415
73.613793197895944 114.6711928702282 5.5394070115554159
73.17762826785507 114.59197409172904 6.0584588994557551
72.755318888676683 114.47762171391589 6.5833113876360452
72.347868403278738 114.32386103566986 7.1121824138036045
71.956726825297991 114.12713231019823 7.6429742874358944
71.584183708373132 113.88472601046657 8.1733290375616878
71.233884266881546 113.59508365916763 8.7006410701037407
70.91123749997378 113.25815122304169 9.2220772526967174
70.62338998248751 112.87552629586222 9.7345839604239028
70.379231159808768 112.45075541599714 10.234818782085295
70.188868495688055 111.98928146815771 10.719049374037965
70.062662534020774 111.49799428216805 11.183105135678035
70.010066211555952 110.98463146398679 11.622420430860487
70.038149252030252 110.45704400419197 12.032200115108903
70.150060753269258 109.92229411365408 12.407882363076734
70.344597483832104 109.38616152681575 12.745609372576977
70.615460017229665 108.8526014186122 13.042840778061475
70.951905960452294 108.32362373072417 13.29874208231246
71.340322282555988 107.79962106747678 13.51399386272622
71.765785990882094 107.27969926368412 13.690422969908157
72.213998832840886 106.76223505106199 13.830251161990534
72.672874793984448 106.2455113319993 13.935308523003124
73.133373818754905 105.72822999599862 14.006636871084647
73.590217010925784 105.21002395274145 14.044396557700011
74.041870433695649 104.69190920673404 14.048437771024663
74.489792038158939 104.17633646849112 14.019006177714861
74.938001553090885 103.66728894921624 13.957458204782773
75.391944444074653 103.16983392939051 13.866748228491501
75.857350512244295 102.68938369519527 13.751434073623775
76.339324347370166 102.23095441402562 13.617517260086354
76.841622299013238 101.79841751343127 13.472099687458144
77.366317300982246 101.3939491031268 13.322705412259289
77.913906063446035 101.01793303760599 13.176614290608336
78.483298395202269 100.66874341179333 13.040180938849154
79.072192763708486 100.34304813137892 12.91836544822509
79.67757155860096 100.03644400746295 12.814861873083448
80.296107745814069 99.744086411927555 12.732445146622339
80.924546795916953 99.461456219747689 12.673773188541126
81.559809346189084 99.184876699517773 12.642221309761496
82.198809690631933 98.911657598753592 12.642324794742873
82.838022607201481 98.640028570992641 12.679941463320379
83.472782540634 98.368666471998253 12.761749686409479
84.096917270592414 98.096255157529754 12.894483674203997
84.702293187840368 97.821201026766886 13.084096879111486
85.278926257336423 97.541637737094106 13.334841165939109
85.815629789000852 97.255724197127776 13.648707641979939
86.300880787857594 96.962028191324606 14.024964050462986
86.724003066899996 96.659966064737375 14.459852973850724
87.076467053390161 96.350107278588609 14.946879526983968
87.352656121484586 96.034179443480298 15.477588499465252
87.55088389819268 95.715110002746201 16.042308351662864
87.673799175753331 95.396757499765002 16.631474107124308
87.727990944211172 95.083509892696682 17.236642584598464
87.723816119928316 94.779872561336731 17.851461369654462
87.674559034259076 94.4898651943885 18.472297393958183
87.595135560393004 94.216374067949175 19.09812359024626
87.500742016093255 93.960494121243102 19.729919622332979
87.405365254863995 93.720660800308849 20.369718587727348
87.320199633600424 93.491915098191413 21.018906110071402
87.253116887562271 93.266088337157939 21.676923884295153
87.207856503387021 93.031749443395569 22.339712576065018
87.184266083213913 92.775415804027105 22.998749159186961
87.17909147487137 92.483226277452729 23.641159585263573
87.186646843215343 92.142779589992656 24.250160375065654
87.199607436644172 91.745226200632644 24.806310382442469
87.209886043282921 91.286815647929259 25.289695472298412
87.209369330060696 90.769216584967367 25.682081570196431
87.190641095356327 90.19977999055132 25.969356840363691
87.147791481562678 89.59016669608117 26.143782278402778
87.076783018649266 88.954184733651161 26.204418035495113
86.975938223910958 88.305781626032868 26.158001726239224
86.845954273794831 87.656608208166205 26.018188269219163
86.689570196547976 87.01456374181123 25.803665784712848
86.511336096704227 86.383010343046763 25.536260942853541
86.317498868343549 85.760580053220323 25.238949694761025
86.115830806159067 85.142252145565408 24.933941132197113
85.915338851637571 84.521088683688461 24.641687235403083
85.72613392484098 83.889964349936506 24.380010239244349
85.559028161491852 83.243878002820225 24.163863717451484
85.425082944197428 82.581358851049316 24.005637253518774
85.335131220196033 81.905728001072262 23.915254237915036
85.299171683295612 81.225645344451749 23.900281427781152
85.325722096309065 80.554515877520302 23.965853216350734
85.421216272681633 79.909246617852602 24.114450384430103
85.589113310163498 79.308899093498212 24.345287446960988
85.829121578715174 78.772543907683342 24.653940941107336
86.137260149576861 78.317703792743401 25.0327369405538
86.505454173001738 77.95877023826236 25.470743787192351
86.921914199644135 77.705969612802988 25.954534939880652
87.371887838149732 77.565350553443693 26.46923240196373
87.83827254976984 77.538928497858748 26.999529403235858
88.302328127737056 77.625083007312483 27.530842397206325
88.7445858556339 77.819105602556817 28.050395536884466
89.14567816787509 78.113556615445447 28.547859201353408
89.487227627502961 78.497955724034128 29.016181978757906
89.752894802600011 78.958508089543798 29.451982140714779
89.928978492603946 79.478327410880866 29.85518850367626
90.005388655442985 80.037429427858456 30.22894278669343
89.976260956536336 80.613577619560161 30.578716396254883
89.840019305784381 81.183610019951189 30.911116431399904
89.59928964551203 81.724863300789778 31.232714304580231
89.260769611492194 82.216767762235804 31.548843982828231
88.834593143660072 82.64217137088535 31.862665775899671
88.333419494438004 82.987661360446509 32.174929211341627
87.771846544301994 83.244041652594788 32.483618434189331
87.165416638588383 83.405815993933587 32.784200859273021
86.529912372699314 83.470246731644764 33.070205415697494
85.880925570737404 83.436788725883062 33.333606221097163
85.233662251492362 83.306385868672493 33.565383079168164
84.603020776270583 83.080832090246716 33.756025498291073
84.003728972818394 82.762320780758671 33.895833588968557
83.450461513228319 82.353157101917773 33.975066915218875
82.957891895432056 81.855648208095928 33.98398462088528
82.540693408258022 81.272101763414483 33.912845635708855
