#fname degree numKnot L1 L2 L3 L4 MSE traceH AIC AIC0 GCV GCV2 cv_avr cv_stdev cv_error ts_avr ts_stdev ts_error sigma0 sigma_opt
00003177.nii_R_ICA_labeled_d5_cp120_lmd1d0.000_lmd2d0.000_lmd3d0.000_lmd4d0.000 5 120 0 0 0 0 4.36526611698779e-005 120 -272.595376433015 2285.88365793654 -0.0246893757898041 0.01144141804894 0.214064088010534 0.152367904841234 0.776330603518911 -0.00402556638712371 3.85045168128996 3.8537434121207 1 5.64928194971582e-005 
00003177.nii_R_ICA_labeled_d5_cp121_lmd1d0.000_lmd2d0.000_lmd3d0.000_lmd4d0.000 5 121 0 0 0 0 4.6800904352802e-005 121.000000000001 -250.193875411972 2291.8845520376 -0.0245933885565228 0.0119194950672755 0.212175193788168 0.149644272227482 0.777654148584816 -0.0412017554290607 3.38570038027371 3.39139348753538 1 5.71449901956193e-005 
00003177.nii_R_ICA_labeled_d5_cp120_lmd1d0.000_lmd2d0.000_lmd3d0.000_lmd4d0.000 5 120 0 0 0 0.0001 4.48850760541763e-005 112.806567518034 -309.560390536737 2242.72341305057 -0.0349633597683067 0.0111143027585661 0.204157398370851 0.124806337911564 0.781172553438493 0.0444740890205097 3.96418708654416 3.96573380343415 1 5.64928194971582e-005 
00003177.nii_R_ICA_labeled_d5_cp121_lmd1d0.000_lmd2d0.000_lmd3d0.000_lmd4d0.000 5 121 0 0 0 0.0001 4.77119174530561e-005 113.727951614216 -289.298599625322 2248.25252045061 -0.0343050729224441 0.0115209532566395 0.203207101023209 0.124145010869139 0.782005398953858 -0.0624482214668406 3.65707515790066 3.66354739467644 1 5.71449901956193e-005 
00003177.nii_R_ICA_labeled_d5_cp120_lmd1d0.000_lmd2d0.000_lmd3d0.000_lmd4d0.000 5 120 0 0 0 0.0002 4.64224141080381e-005 109.23361310588 -323.269630253593 2221.28612318165 -0.0442784513201104 0.0110719545146096 0.201955042468092 0.123217027410719 0.783095053921719 0.0928145008286126 3.3988803176938 3.39945322761975 1 5.64928194971582e-005 
00003177.nii_R_ICA_labeled_d5_cp121_lmd1d0.000_lmd2d0.000_lmd3d0.000_lmd4d0.000 5 121 0 0 0 0.0002 4.88297843310911e-005 110.108061605344 -305.462348676173 2226.53349787157 -0.0428403447903752 0.0114125132422643 0.2013502925706 0.12295777778778 0.783651557499029 0.0111888272268648 2.54892965202084 2.55299593449948 1 5.71449901956193e-005 
00003177.nii_R_ICA_labeled_d5_cp120_lmd1d0.000_lmd2d0.000_lmd3d0.000_lmd4d0.001 5 120 0 0 0 0.0005 5.08769052699015e-005 102.610208854599 -340.616493159351 2181.54696274945 -0.0850047554053687 0.0111677540914529 0.199056654492968 0.12034268610948 0.785511980569163 0.00181214272515548 3.15519368811134 3.15892103891877 1 5.64928194971582e-005 
00003177.nii_R_ICA_labeled_d5_cp121_lmd1d0.000_lmd2d0.000_lmd3d0.000_lmd4d0.001 5 121 0 0 0 0.0005 5.23447630986332e-005 103.408854028829 -328.188801743053 2186.33925066646 -0.078345416663907 0.0113778055024611 0.198844826196807 0.120434709994188 0.785735408680693 -0.0494309137941464 2.61609322433397 2.62408594032018 1 5.71449901956193e-005 
00003177.nii_R_ICA_labeled_d5_cp120_lmd1d0.000_lmd2d0.000_lmd3d0.000_lmd4d0.001 5 120 0 0 0 0.001 5.64928194971582e-005 96.6158171184628 -348.350589375769 2145.58220725228 -0.3650466334718 0.0113915294175253 0.19725845795766 0.117731810625894 0.786894136579991 0.0438865085488905 2.26664381099423 2.2693765667367 1 5.64928194971582e-005 
00003177.nii_R_ICA_labeled_d5_cp121_lmd1d0.000_lmd2d0.000_lmd3d0.000_lmd4d0.001 5 121 0 0 0 0.001 5.71449901956193e-005 97.3553952652739 -340.653316168122 2150.01986134962 -0.266157801184459 0.0115024930852504 0.197260978512762 0.117876587959818 0.786913318463834 0.0271413203988526 2.32658297243505 2.33010584929104 1 5.71449901956193e-005 
00003177.nii_R_ICA_labeled_d5_cp120_lmd1d0.000_lmd2d0.000_lmd3d0.000_lmd4d0.002 5 120 0 0 0 0.002 6.42612856570846e-005 90.2752471328287 -347.340472768351 2107.54099358286 0.172809200527741 0.0117518957323676 0.195579881963064 0.115117031382235 0.788167710584734 0.0245708979098941 2.25371260772554 2.2574965149745 1 5.64928194971582e-005 
00003177.nii_R_ICA_labeled_d5_cp121_lmd1d0.000_lmd2d0.000_lmd3d0.000_lmd4d0.002 5 121 0 0 0 0.002 6.41691765898305e-005 90.9584859682791 -344.125868665181 2111.64040043659 0.204502880494547 0.0117850344992087 0.195708143297755 0.1152500661284 0.788060269625302 0.0331851703953975 2.31406056579957 2.31727632308004 1 5.71449901956193e-005 
00003177.nii_R_ICA_labeled_d5_cp120_lmd1d0.000_lmd2d0.000_lmd3d0.000_lmd4d0.005 5 120 0 0 0 0.005 7.88937955521507e-005 81.907291228648 -323.987836323382 2057.33741379059 0.0659005583125773 0.0124821420356618 0.192981830753242 0.11239685051851 0.790346565160204 -0.104659854622431 2.3760713206425 2.39024142480922 1 5.64928194971582e-005 
00003177.nii_R_ICA_labeled_d5_cp121_lmd1d0.000_lmd2d0.000_lmd3d0.000_lmd4d0.005 5 121 0 0 0 0.005 7.79470197274827e-005 82.5215418088233 -326.274209229025 2061.0226483873 0.0688168609813029 0.012444844621794 0.193181750710747 0.11249907379115 0.790163225165594 -0.0782472746838566 1.87787005517064 1.89232776182053 1 5.71449901956193e-005 
00003177.nii_R_ICA_labeled_d5_cp120_lmd1d0.000_lmd2d0.000_lmd3d0.000_lmd4d0.010 5 120 0 0 0 0.01 9.48312552494759e-005 75.8184140096053 -280.400500341509 2020.80867671489 0.0489104591891069 0.0132847007767287 0.190811496853363 0.110770884578932 0.792265930055763 -0.112748906589599 2.41366094084262 2.42849091651448 1 5.64928194971582e-005 
00003177.nii_R_ICA_labeled_d5_cp121_lmd1d0.000_lmd2d0.000_lmd3d0.000_lmd4d0.010 5 121 0 0 0 0.01 9.32598679463722e-005 76.3847633782044 -286.992864933085 2024.20632665249 0.0500061105002131 0.0132101124783395 0.19101491419677 0.110878267614793 0.79207953601279 -0.0986022009538453 1.69397505669303 1.71288609491122 1 5.71449901956193e-005 
00003177.nii_R_ICA_labeled_d5_cp120_lmd1d0.000_lmd2d0.000_lmd3d0.000_lmd4d0.020 5 120 0 0 0 0.02 0.000117156081922689 70.0393516971786 -202.843783050377 1986.1406430911 0.0416066203480262 0.0143670252299381 0.188602738707865 0.109227031312987 0.794239264202483 -0.0285670097857512 1.55168322397967 1.5625298815108 1 5.64928194971582e-005 
00003177.nii_R_ICA_labeled_d5_cp121_lmd1d0.000_lmd2d0.000_lmd3d0.000_lmd4d0.020 5 121 0 0 0 0.02 0.000114863322679821 70.5612559497373 -214.568747250876 1989.27141746283 0.0420894487040854 0.0142605334243652 0.188814895510229 0.109329014619647 0.794043159058801 -0.0563295544057045 1.84013676446356 1.85225749718582 1 5.71449901956193e-005 
00003177.nii_R_ICA_labeled_d5_cp120_lmd1d0.000_lmd2d0.000_lmd3d0.000_lmd4d0.050 5 120 0 0 0 0.05 0.000162298191671897 62.9452197909501 -18.4707214492751 1943.5886720129 0.0380190217201232 0.0163672331802248 0.185300958857777 0.107575575273055 0.797285295888339 0.139590581632064 1.44041255377613 1.44049737958302 1 5.64928194971582e-005 
00003177.nii_R_ICA_labeled_d5_cp121_lmd1d0.000_lmd2d0.000_lmd3d0.000_lmd4d0.050 5 121 0 0 0 0.05 0.000158518698748663 63.4123014311661 -40.5033540420459 1946.3900884782 0.0381352547305326 0.0162097866847941 0.185555357918703 0.107644516584758 0.797042531855728 0.139135919879119 1.51493688992602 1.51502230270666 1 5.71449901956193e-005 
00003177.nii_R_ICA_labeled_d5_cp120_lmd1d0.000_lmd2d0.000_lmd3d0.000_lmd4d0.100 5 120 0 0 0 0.1 0.000215380248273526 58.0081832816662 218.76051466061 1913.98152826127 0.0378988060516799 0.0184428724738493 0.182471235031925 0.106658361563878 0.799966427228811 0.138567272384957 1.21019788439428 1.21031249512561 1 5.64928194971582e-005 
00003177.nii_R_ICA_labeled_d5_cp121_lmd1d0.000_lmd2d0.000_lmd3d0.000_lmd4d0.100 5 121 0 0 0 0.1 0.000209753348721665 58.4362104389113 184.266805556786 1916.54809316527 0.0378423182705288 0.0182349009784511 0.182752990165179 0.106694352976384 0.799691989671571 0.13972007485075 1.22072714454836 1.22082558340908 1 5.71449901956193e-005 
00003177.nii_R_ICA_labeled_d5_cp120_lmd1d0.000_lmd2d0.000_lmd3d0.000_lmd4d0.200 5 120 0 0 0 0.2 0.000291456870900852 53.4363247569164 573.780815191692 1886.5719828736 0.0391983059231789 0.0210288054324934 0.179616326522462 0.10596489912581 0.80270409884384 0.0984336594819526 0.887960799605817 0.889774927581089 1 5.64928194971582e-005 
00003177.nii_R_ICA_labeled_d5_cp121_lmd1d0.000_lmd2d0.000_lmd3d0.000_lmd4d0.200 5 121 0 0 0 0.2 0.000283525031527634 53.8281306286127 523.249904461918 1888.92056546139 0.0390321634488918 0.0207759934088033 0.179875722472474 0.10600529510402 0.802452309132473 0.111671134589241 0.927768203058662 0.928789864264868 1 5.71449901956193e-005 
00003177.nii_R_ICA_labeled_d5_cp120_lmd1d0.000_lmd2d0.000_lmd3d0.000_lmd4d0.500 5 120 0 0 0 0.5 0.000431469630917239 47.9280708658836 1244.60169871471 1853.56222315124 0.0420723277931675 0.0249890132681443 0.176435395566922 0.104838854511286 0.805710006808656 0.0663428831884079 0.747082216760367 0.752350670135246 1 5.64928194971582e-005 
00003177.nii_R_ICA_labeled_d5_cp121_lmd1d0.000_lmd2d0.000_lmd3d0.000_lmd4d0.500 5 121 0 0 0 0.5 0.000420444298433226 48.2772002490546 1170.40767808115 1855.65386825585 0.0418438794138007 0.0247042107199635 0.176618257360671 0.104944436870999 0.805542448260856 0.06730715904131 0.76472611389679 0.769763107241888 1 5.71449901956193e-005 
00003177.nii_R_ICA_labeled_d5_cp120_lmd1d0.000_lmd2d0.000_lmd3d0.000_lmd4d1.000 5 120 0 0 0 1 0.000571384913648826 44.1416565460939 1925.26358307063 1830.8834731728 0.044787318466368 0.028302701747225 0.174652820952991 0.103332067057394 0.807283208492131 0.0603444227156831 0.60022852883568 0.607681042569198 1 5.64928194971582e-005 
00003177.nii_R_ICA_labeled_d5_cp121_lmd1d0.000_lmd2d0.000_lmd3d0.000_lmd4d1.000 5 121 0 0 0 1 0.0005573927171899 44.4619332235755 1828.12431111661 1832.8011594539 0.0445177354934525 0.0279913886842664 0.174781966550906 0.103509390003879 0.807177845446405 0.0604268062339632 0.61122240019964 0.618529836858938 1 5.71449901956193e-005 
00003177.nii_R_ICA_labeled_d5_cp120_lmd1d0.000_lmd2d0.000_lmd3d0.000_lmd4d2.000 5 120 0 0 0 2 0.000756098871870672 40.6597910055695 2832.96410470274 1810.04473869379 0.0481989221724847 0.0320917764580511 0.17337403411637 0.101080509826356 0.808266830924185 0.0838897001835467 0.450361427381632 0.455975732524372 1 5.64928194971582e-005 
00003177.nii_R_ICA_labeled_d5_cp121_lmd1d0.000_lmd2d0.000_lmd3d0.000_lmd4d2.000 5 121 0 0 0 2 0.000737370478499204 40.9536145857469 2701.53048436148 1811.80236131114 0.0478586151779625 0.0317301442503655 0.173464553930319 0.101311842957445 0.808205987767427 0.0797977999039655 0.456835154633591 0.463019798519009 1 5.71449901956193e-005 
00003177.nii_R_ICA_labeled_d5_cp120_lmd1d0.000_lmd2d0.000_lmd3d0.000_lmd4d5.000 5 120 0 0 0 5 0.00110839348176837 36.4880175428311 4578.98454796682 1785.11414958657 0.0541726940517306 0.0382005040084127 0.172241045193621 0.0974776874814252 0.808948898231172 0.104937611520656 0.456354757224732 0.459116863559277 1 5.64928194971582e-005 
00003177.nii_R_ICA_labeled_d5_cp121_lmd1d0.000_lmd2d0.000_lmd3d0.000_lmd4d5.000 5 121 0 0 0 5 0.00108026250724094 36.7501501923917 4380.4194691168 1786.67895628717 0.0537228822485939 0.0377526077029057 0.172302660702863 0.0977223377293637 0.808917250567038 0.104900275678702 0.458103379399438 0.460859080930197 1 5.71449901956193e-005 
00003177.nii_R_ICA_labeled_d5_cp120_lmd1d0.000_lmd2d0.000_lmd3d0.000_lmd4d10.000 5 120 0 0 0 10 0.00148236976433865 33.6311722804633 6441.89239580089 1768.07928727661 0.0597163002132264 0.0436733351307473 0.171604786681047 0.0947986473488599 0.809262324091095 0.103604619721898 0.432197445445717 0.435268996089748 1 5.64928194971582e-005 
00003177.nii_R_ICA_labeled_d5_cp121_lmd1d0.000_lmd2d0.000_lmd3d0.000_lmd4d10.000 5 121 0 0 0 10 0.00144532658401569 33.8716037489907 6177.44892704096 1769.51135582457 0.0591986453001524 0.0431656551547957 0.171654135018347 0.0950275002735418 0.80924015736931 0.103790115148243 0.433280030625173 0.436322055907902 1 5.71449901956193e-005 
00003177.nii_R_ICA_labeled_d5_cp120_lmd1d0.000_lmd2d0.000_lmd3d0.000_lmd4d20.000 5 120 0 0 0 20 0.00197040806387856 31.0095898478328 8879.62297459207 1752.4883955579 0.0660128497986632 0.0498301700226857 0.171123916821977 0.092332130014035 0.809454829117009 0.10111132654341 0.415948124440451 0.419453127099828 1 5.64928194971582e-005 
00003177.nii_R_ICA_labeled_d5_cp121_lmd1d0.000_lmd2d0.000_lmd3d0.000_lmd4d20.000 5 121 0 0 0 20 0.00192231467041963 31.2301130246789 8532.14228351612 1753.79787609523 0.0654289189522888 0.0492612293717508 0.1711572490179 0.0925389351192699 0.809445331176827 0.101368618458864 0.416191824147331 0.419661696194464 1 5.71449901956193e-005 
00003177.nii_R_ICA_labeled_d5_cp120_lmd1d0.000_lmd2d0.000_lmd3d0.000_lmd4d50.000 5 120 0 0 0 50 0.0028527268507923 27.8732686916751 13296.3870864682 1733.92104715644 0.0756996100621655 0.0592234261016685 0.170916702713051 0.0895121811651964 0.809343958431193 0.0969216546676558 0.400155318465025 0.404380188650452 1 5.64928194971582e-005 
00003177.nii_R_ICA_labeled_d5_cp121_lmd1d0.000_lmd2d0.000_lmd3d0.000_lmd4d50.000 5 121 0 0 0 50 0.00278380864765594 28.0699908485025 12794.6467969763 1735.08180732771 0.0750005111568352 0.0585486408288118 0.170911031618029 0.0896795076959898 0.809368117744827 0.0971956934708454 0.400096144142321 0.404282208385998 1 5.71449901956193e-005 
00003177.nii_R_ICA_labeled_d5_cp120_lmd1d0.000_lmd2d0.000_lmd3d0.000_lmd4d100.000 5 120 0 0 0 100 0.0037726219795118 25.727489656721 17907.9977695432 1721.30762316327 0.0843436975401491 0.0675401159031468 0.171142891499032 0.0878856219665235 0.808940828036945 0.0941695760339865 0.385531084531073 0.390335431976635 1 5.64928194971582e-005 
00003177.nii_R_ICA_labeled_d5_cp121_lmd1d0.000_lmd2d0.000_lmd3d0.000_lmd4d100.000 5 121 0 0 0 100 0.00368105802788024 25.907942715082 17240.8374743676 1722.36433735117 0.083532524907496 0.0667621066860575 0.171114271298177 0.0880067206771693 0.808982443837411 0.0943957032329533 0.385903593056703 0.390668087846052 1 5.71449901956193e-005 
00003177.nii_R_ICA_labeled_d5_cp120_lmd1d0.000_lmd2d0.000_lmd3d0.000_lmd4d200.000 5 120 0 0 0 200 0.0050223756255783 23.7593712737488 24178.9350549686 1709.85384290092 0.0946151669881629 0.0773388724172306 0.171499767870973 0.086852702955991 0.808474448559621 0.0914917566587856 0.369233964412828 0.374693747088741 1 5.64928194971582e-005 
00003177.nii_R_ICA_labeled_d5_cp121_lmd1d0.000_lmd2d0.000_lmd3d0.000_lmd4d200.000 5 121 0 0 0 200 0.00489456309100124 23.9249150777518 23259.8343484519 1710.81080696512 0.0936220705800068 0.076397044286544 0.171469914553556 0.0869189266609271 0.808511245811098 0.091763012228024 0.369997409244258 0.375400139979861 1 5.71449901956193e-005 
00003177.nii_R_ICA_labeled_d5_cp120_lmd1d0.000_lmd2d0.000_lmd3d0.000_lmd4d500.000 5 120 0 0 0 500 0.00766241423050664 21.4056583475173 37436.7820378119 1696.48133630733 0.113111563814282 0.09467074384135 0.171817208551291 0.0865212997087662 0.808123296979759 0.0860717613882458 0.348703516802452 0.355494092394806 1 5.64928194971582e-005 
00003177.nii_R_ICA_labeled_d5_cp121_lmd1d0.000_lmd2d0.000_lmd3d0.000_lmd4d500.000 5 121 0 0 0 500 0.00743256315959672 21.5533803694115 35858.9946431783 1697.30239073456 0.111627213686517 0.0932924848982441 0.171805879959621 0.0865052136111825 0.808132838389105 0.086553828127783 0.34981862480999 0.356494794678059 1 5.71449901956193e-005 
00003177.nii_R_ICA_labeled_d5_cp120_lmd1d0.000_lmd2d0.000_lmd3d0.000_lmd4d1000.000 5 120 0 0 0 1000 0.0111476481227188 19.7956989415698 54948.0467846758 1687.81138629703 0.133498155317634 0.113493263032869 0.171875614437345 0.0871986299815041 0.808138030648019 0.0790392088004297 0.336050522092729 0.344577912942993 1 5.64928194971582e-005 
00003177.nii_R_ICA_labeled_d5_cp121_lmd1d0.000_lmd2d0.000_lmd3d0.000_lmd4d1000.000 5 121 0 0 0 1000 0.0107654034227438 19.9312147101549 52412.8594640725 1688.51592341375 0.13142729658844 0.11158772589322 0.17187455013552 0.0871038983040479 0.808128872626361 0.0798222518926825 0.337120423296656 0.34544965930815 1 5.71449901956193e-005 
