#spline3d 5 121 5 121
125.03390876442963 84.464052209007477 2.879066642399577
124.82036789057898 84.067360763878256 3.3615969390244684
124.47904529526889 83.706611555064313 3.7858169226545053
124.05329043444361 83.358936159075256 4.1493674575927244
123.59418860738208 83.000744847308454 4.4603568739209356
123.09743936540421 82.612778593338007 4.6523101697338216
122.55508075427707 82.254987112556464 4.7583109635446412
122.03192136094023 81.88280980838968 4.8816493124695715
121.51488749141811 81.489546037921812 5.007733657884744
120.99144517211951 81.092051115736638 4.9933132947011076
120.45844541547932 80.720144262808759 4.8839207771825377
119.90062370217126 80.376091756133491 4.8518885861807117
119.34242566362295 80.033939207296697 4.8168404060497636
118.75916087863165 79.729529644332075 4.7697565739629155
118.19893840969888 79.422513616812196 4.6268627858294602
117.64755650367903 79.11994411736363 4.4322899854962818
117.05389791642384 78.843466564112518 4.3540876907146533
116.51465967771858 78.481238014535208 4.261600238639609
115.9674001751704 78.127421243828763 4.1811204363527619
115.41005297000022 77.797389876377608 4.0765105196412552
114.88202429673221 77.444150775277791 3.9075740122451301
114.35977349292149 77.091374046088788 3.7242477706139265
113.83301330896451 76.73089029525589 3.5755110174315869
113.29724436317299 76.381572897879792 3.4259079688140424
112.73891830224922 76.072071417208633 3.2645215055166847
112.17812286405707 75.723380578929564 3.2540730622025653
111.6067409002456 75.413924562783748 3.1777819034795884
111.03046469490089 75.143495628527006 3.0110524381624524
110.46898151765922 74.804962089469342 2.9169004617740555
109.937617883347 74.416755082228974 2.9147205904517834
109.45025662393667 73.987827447452744 3.0308017576412252
108.96556059773052 73.551997872936099 3.0937001956523105
108.46816177283347 73.134728066949194 3.2021856095478118
107.94915139660324 72.76990679641159 3.3739768594867066
107.40820576529325 72.469310314317553 3.5989024474389177
106.87887511447106 72.194179733152112 3.8784848385551327
106.38470921814175 71.977803658488867 4.2527160962850097
105.91278368245324 71.783015961251522 4.6696913054529956
105.4904848230843 71.60287260235016 5.1433358811712759
105.1154638927574 71.554592200987187 5.6826068718846896
104.74510864665932 71.552399327260702 6.227369428995388
104.45190403546026 71.530815600607639 6.814027221350571
104.21816136692703 71.575594368419758 7.4276995968805464
103.99897016229707 71.618149611517737 8.0444598805796446
103.79381313274268 71.707456868831244 8.6630306649221254
103.67948334111483 71.889367482289799 9.2888667181303095
103.68123065247191 72.110546756374603 9.9100213336998415
103.70900080932439 72.274528820997929 10.54203486524853
103.70662920207656 72.37778630226515 11.194607143494903
103.73506311212961 72.430986608670636 11.846429542332686
103.79797145592586 72.463970480685148 12.498410083758836
103.82439886288105 72.563159186372829 13.150883094763859
103.79480044608492 72.551341473470018 13.805546433199313
103.72758825723903 72.483702422246495 14.457101703384808
103.64433869068033 72.463882253661808 15.110403733332632
103.60774321919985 72.322823465062783 15.748006182458647
103.60045261449039 72.148637897862386 16.388526350740626
103.58700694710365 71.924608563239516 17.003023466147166
103.53806852810889 71.515345081102396 17.52491796011148
103.45104062800661 71.134629145913578 18.054285545838667
103.37962991030014 70.646653418458911 18.486191396911632
103.23118728360272 70.117545166938342 18.860455295868331
103.12753351429348 69.532300205288536 19.132785054917193
103.05104033448862 68.896154616152543 19.286873616934024
102.86178278266642 68.240696591864065 19.354410994905994
102.89470937190775 67.620235149945344 19.12832065854575
103.01388777162884 67.023514033363028 18.847916911112019
103.13014410816179 66.373053709715336 18.77638915816166
103.05135498724314 65.747126844217718 18.566240638803816
102.96017618702642 65.212211858679012 18.143922776001304
103.34917879288459 64.789400662944942 17.764256177141494
103.75400600690462 64.332028174209213 17.506238042713598
104.10434268048095 63.885152058174768 17.195292293194427
104.50183137899322 63.445191281288629 16.90248967984963
104.91410433214344 62.97910493963326 16.683723339902794
105.3487478479384 62.48859113860663 16.616632709474281
105.78858328869572 62.00062667595077 16.598292617559601
106.24626427784064 61.527789645244063 16.618037918779908
106.70618337677473 61.076812047198608 16.776201044935416
107.06937448240747 60.609095763381475 17.081790596977672
107.29859945548162 60.122728087222754 17.46863425310179
107.44434057460829 59.702867498891514 17.957964104705351
107.48246736440461 59.344607648231467 18.508029953492002
107.41013062622835 59.055755882654999 19.104771952762441
107.23010360812457 58.979477066923351 19.752362010472037
106.9059632193815 59.098981404459714 20.315971283909349
106.51016364346286 59.193826820622633 20.83927138326953
106.09740522061354 59.375272559876684 21.315474675993102
105.60044024329387 59.705559001780067 21.622309645665887
105.05400466644359 60.023307455058912 21.808536889544055
104.52820964973331 60.369663928220689 21.98730936988995
104.00215429898041 60.740097220705117 22.110845149674944
103.47011050005099 61.116880029272288 22.222157500500579
102.97898883567906 61.560028621949144 22.221687754426444
102.62639338220504 62.120289117230364 22.156610512137622
102.37455623604158 62.72773157885922 22.249298838157276
102.17838927094475 63.332659716611268 22.412045171887353
102.0757367904453 63.957932393923258 22.592863626938463
102.10727571173 64.604682361195742 22.739471472223723
102.22128693330177 65.193392933565292 23.004290428091306
102.30991447448119 65.730947926152083 23.384824215875767
102.26950561206526 66.314080600252211 23.690874226886375
102.2440988578561 66.956981119422153 23.84866636487536
102.32540712608007 67.574584735583855 24.058405562028046
102.49788927481256 68.163547640138646 24.299485290173656
102.72165174474425 68.7576100540563 24.469784907327536
102.97046990907782 69.352848630898976 24.591656497404216
103.3102106997647 69.905198976308171 24.717427469263392
103.72941307561783 70.402967352168133 24.812724776204032
104.2582005047019 70.815751109647053 24.825761368832037
104.88355979694961 71.059494032373067 24.852843458572114
105.44106731091473 71.196698161782152 25.20390650464795
105.92895967380298 71.319134070714881 25.633998435514648
106.41752094917119 71.386507267571005 26.059909067784563
106.91101575317501 71.42308210862609 26.491849862856469
107.39381435069672 71.457024959401977 26.938879558271843
107.82741958150444 71.402192906423139 27.431888690554288
108.15333788952204 71.245212813413133 27.991642211562425
108.34564777049988 71.054609108342106 28.593727562034601
108.43506348797226 70.859261842576643 29.214447571667186
108.44909109615446 70.696984251293316 29.827843885479183
