#spline3d 5 120 5 120
119.72790303908039 85.756781579333534 1.3390509439082763
119.26283011766867 85.506859073703168 1.4363230522382646
118.7660370352293 85.316999163253357 1.5531981593763218
118.25744957614658 85.142093481287176 1.6739353828477428
117.75762163924492 84.934519053500168 1.781764657569511
117.28347695922537 84.665371200597335 1.8666566080502822
116.85441403691648 84.325101061269024 1.9095496464224773
116.42263540777969 83.984532489524426 1.9165847256867941
115.97539022877959 83.664541426375536 1.9167519490387548
115.53715617758867 83.330254416240891 1.9121481874474855
115.0965190766895 83.001487027754635 1.9260413425700691
114.64443342820746 82.702307818824352 2.0206767865059381
114.1981320518759 82.394536288130354 2.1250240001798901
113.76657959623422 82.055314518712748 2.1479775983015172
113.33678279519117 81.710050297221656 2.1438153386302647
112.89351159353456 81.385998359120293 2.193864281723187
112.44632735949426 81.084438778218356 2.3112313818347952
112.00844875177769 80.806521343443833 2.4944374567932286
111.56184120031909 80.543517736485498 2.679832092141488
111.10088575742975 80.281048677050137 2.828274680934971
110.63602697176138 80.002240529841558 2.9242918681432326
110.18247781742868 79.696865668966822 2.9926500141396026
109.7501456106086 79.371653855688805 3.0922692372255121
109.32571895169649 79.060405964899061 3.2568301200149712
108.89180567991762 78.784066305356475 3.4527144481025576
108.44919844988922 78.532654095543592 3.6611636013481661
108.00452757364273 78.273803000018091 3.856689228567451
107.54742916438744 78.032933076549028 4.0435729163236411
107.07479951965331 77.831837273844187 4.2408668107106449
106.60675906185773 77.636394214007026 4.4585638800912424
106.15959754540623 77.452639782315487 4.7208241072149706
105.73383197094505 77.315234739285614 5.0428045818639928
105.3245404981317 77.197713932732725 5.3936668267779782
104.94312142433857 77.087312559589705 5.7745286252816843
104.59391125839473 76.994957517858182 6.1897887911341822
104.27572271274842 76.910860489868227 6.6317431951633212
103.98180258742944 76.83435218157031 7.0900811565087656
103.71441724396801 76.78962722080135 7.5693705751252489
103.47338230238616 76.770611765910473 8.0637849702170694
103.28096078675911 76.764473296042453 8.5798922382700873
103.1369144395028 76.754995253158967 9.1119783850870437
103.05106687257265 76.742787022153777 9.6551335567355761
102.99084354131222 76.732575535236862 10.202260426405479
102.93819471977486 76.716148880880453 10.748886660812005
102.89746434347641 76.675600786294055 11.296703151707131
102.88157766523622 76.612861986804916 11.84498484041794
102.94045116587299 76.559008917173287 12.388219690629663
103.07086726279928 76.511034993002568 12.923415468183368
103.1872670973676 76.398065629846201 13.448945324188001
103.26687539149091 76.222320455599814 13.966075114799313
103.30862229457854 76.033101183477612 14.481766955568322
103.32327569276428 75.820030962897491 14.987601466357825
103.31325178919393 75.564985314119397 15.477925487468676
103.22213910175071 75.307815689556918 15.959643032939324
103.02817498872169 75.011026725592941 16.386284411362304
102.86297782602661 74.604115965171175 16.718230647949341
102.75292733949624 74.137535255047709 17.002212553718273
102.70437696907216 73.658542551016936 17.2699932793698
102.72431223418542 73.163549671777304 17.507213171765148
102.77098921827856 72.657525795451704 17.721501834448848
102.82194735778477 72.146853971802912 17.920173626495853
102.88713792707004 71.628342787953954 18.090793970602022
102.98076658259345 71.105587758437579 18.234054117530579
103.09110791043551 70.586504802230394 18.379199765425085
103.19678090932068 70.068208415776667 18.529382632446083
103.30945862638404 69.555930318723682 18.695254592279262
103.43237059101297 69.040399748540835 18.840876882390877
103.54831401119375 68.507105086520411 18.924311158846432
103.73366404951305 67.997557067886675 19.007078417167861
103.97917851783913 67.512511927457652 19.108606253318602
104.19120816166533 67.025261808115204 19.250638825493258
104.33826935249309 66.531783190504441 19.44875154537916
104.48511955401953 66.053157268616872 19.681256669931308
104.63889653292304 65.612155827910513 19.969313922439767
104.7658028921313 65.195684456332245 20.311359283592036
104.81924492821264 64.795563788806277 20.689344243632675
104.76424664540474 64.443971286365851 21.111701913209274
104.61604814575793 64.178501892836749 21.578876944358715
104.40498664296913 63.995145277310662 22.059199697093998
104.09932988485507 63.926041289991915 22.511560607510791
103.72445430500788 63.93104768198814 22.923645904963649
103.34306610477357 63.994142084404338 23.317340560901638
102.95718651380137 64.140674199885964 23.678004112783444
102.54216823974321 64.335715788971754 23.991432054695068
102.11856639111636 64.569110899065436 24.259848848366552
101.69059424412538 64.866748019586709 24.431540078817093
101.24646650827579 65.174381224905943 24.548640005371436
100.8024058340437 65.473050375087681 24.677660491537296
100.3927531683569 65.810016692632786 24.816919172935403
99.998935175831917 66.160948053862384 24.974087668000568
99.599669636594641 66.482904411097152 25.17654891524278
99.270087974986012 66.859012907807198 25.412507994112019
99.035942266842696 67.284801270899194 25.681776217133979
98.88159387112961 67.692931801129106 26.019535642214805
98.755895395427615 68.042275323149525 26.426765426844931
98.659574078649996 68.366729754755127 26.863403963267732
98.615423908034145 68.700158827184765 27.301638489117977
98.67230945491221 69.067624945597828 27.705224949717238
98.812699155372897 69.454878152863159 28.073936048818506
99.003773008937472 69.850970800823333 28.409163325172589
99.237290744758212 70.260722263053978 28.69407378034936
99.536952391092797 70.668825077481173 28.909226458544417
99.890435898666027 71.054472285111956 29.085662825741117
100.26255262559451 71.421874459999927 29.264478578898121
100.67236172819311 71.733131772727589 29.460632532002364
101.13704475532269 71.978262233772952 29.623471006979042
101.61590325605042 72.229642559804063 29.727377728693583
102.07521536078588 72.510105537857825 29.837021343622489
102.54248348437007 72.773278200701725 29.96496621390698
103.0369762734715 72.999378324019375 30.074515033773078
103.53824520517014 73.135064459508044 30.248940786291872
104.03247989305633 73.211309683117562 30.484895302664217
104.53356582940184 73.295319243909063 30.696696247029351
105.04146174117112 73.393335057473465 30.884704063973622
105.54438619792435 73.449066615255092 31.09921655995382
106.04556323076002 73.438320505201716 31.332762842083064
106.52142621251818 73.417825343089618 31.607993384897185
106.95030806713326 73.40487145498733 31.953053273338856
107.32970682069326 73.406055243751624 32.367463643737374
107.65493327366346 73.428983645571691 32.854121394401517
