#fname degree numKnot L1 L2 L3 L4 MSE traceH AIC AIC0 GCV GCV2 cv_avr cv_stdev cv_error ts_avr ts_stdev ts_error sigma0 sigma_opt
00002776.nii_R_ICA_labeled_d5_cp120_lmd1d0.000_lmd2d0.000_lmd3d0.000_lmd4d0.000 5 120 0 0 0 0 2.52745265898568e-005 119.999999999999 -101.634264437692 1888.89517243598 -0.00720137887489022 0.0115848268856898 0.25209895725043 0.493279890981018 0.875407480535811 0.111273047324977 5.0186314397305 5.01882387961979 1 5.08828658348639e-005 
00002776.nii_R_ICA_labeled_d5_cp121_lmd1d0.000_lmd2d0.000_lmd3d0.000_lmd4d0.000 5 121 0 0 0 0 2.53440785538916e-005 121 -96.3254016803784 1894.895187181 -0.00706801018475833 0.0117282366802022 0.254832269738734 0.510258908692197 0.882854114149692 0.244804526866311 4.26300254285815 4.26394365736075 1 5.04137955197457e-005 
00002776.nii_R_ICA_labeled_d5_cp120_lmd1d0.000_lmd2d0.000_lmd3d0.000_lmd4d0.000 5 120 0 0 0 0.0001 2.80236950689632e-005 111.418216663117 -141.670740959427 1837.4050552384 -0.00917979903427801 0.0111578168598301 0.204100544348121 0.146943945760815 0.785069517491641 0.159395443666714 3.71557805512734 3.71558039776127 1 5.08828658348639e-005 
00002776.nii_R_ICA_labeled_d5_cp121_lmd1d0.000_lmd2d0.000_lmd3d0.000_lmd4d0.000 5 121 0 0 0 0.0001 2.80654856495021e-005 112.32884295325 -136.908287858353 1842.8688218388 -0.00898584524444506 0.0112681505788717 0.204916105468312 0.146074780077313 0.784105998833773 0.380836824987395 4.74585597676512 4.75121568725774 1 5.04137955197457e-005 
00002776.nii_R_ICA_labeled_d5_cp120_lmd1d0.000_lmd2d0.000_lmd3d0.000_lmd4d0.000 5 120 0 0 0 0.0002 2.93298086772842e-005 107.304000749947 -160.914202917067 1812.72003665547 -0.0104458877948679 0.0109663067455808 0.200540185569079 0.139310105058254 0.787180453849173 0.133405266024473 2.88297286686226 2.88305542242509 1 5.08828658348639e-005 
00002776.nii_R_ICA_labeled_d5_cp121_lmd1d0.000_lmd2d0.000_lmd3d0.000_lmd4d0.000 5 121 0 0 0 0.0002 2.93489381057163e-005 108.162401248547 -156.509766183278 1817.8704437025 -0.0102100750889157 0.011060567757676 0.201174206637875 0.138871079494857 0.78647880956693 0.304887478667442 3.44987623858903 3.45312112283658 1 5.04137955197457e-005 
00002776.nii_R_ICA_labeled_d5_cp120_lmd1d0.000_lmd2d0.000_lmd3d0.000_lmd4d0.001 5 120 0 0 0 0.0005 3.2483486225913e-005 100.178737097698 -190.526201803158 1769.96912332161 -0.013647284460653 0.0108054481699272 0.196087928900343 0.129946370837506 0.789968646377608 0.119645384618418 2.76739899073484 2.76762767500921 1 5.08828658348639e-005 
00002776.nii_R_ICA_labeled_d5_cp121_lmd1d0.000_lmd2d0.000_lmd3d0.000_lmd4d0.001 5 121 0 0 0 0.0005 3.24378154976928e-005 100.954146304735 -186.769954330643 1774.62156888164 -0.0132885400810206 0.0108732484932274 0.196355101329075 0.130087140860246 0.789728290627811 0.126083183363776 2.90553516579925 2.90568128572498 1 5.04137955197457e-005 
00002776.nii_R_ICA_labeled_d5_cp120_lmd1d0.000_lmd2d0.000_lmd3d0.000_lmd4d0.001 5 120 0 0 0 0.001 3.57347142282164e-005 94.0513345110934 -213.744596964476 1733.20539706232 -0.0180646086431591 0.010744543936353 0.193265822123429 0.125118349635707 0.791975367339229 0.0646564188073397 2.47283553381406 2.4744934633851 1 5.08828658348639e-005 
00002776.nii_R_ICA_labeled_d5_cp121_lmd1d0.000_lmd2d0.000_lmd3d0.000_lmd4d0.001 5 121 0 0 0 0.001 3.56211314881478e-005 94.7660965914599 -210.511778074523 1737.49394546498 -0.0175009527412211 0.0107928586852833 0.193344360127393 0.12546972228764 0.79195340793473 0.0896626631501185 2.5463741116083 2.54721795036115 1 5.04137955197457e-005 
00002776.nii_R_ICA_labeled_d5_cp120_lmd1d0.000_lmd2d0.000_lmd3d0.000_lmd4d0.002 5 120 0 0 0 0.002 3.94455768648181e-005 87.7234068636098 -236.251106046627 1695.2386178803 -0.0260206252245896 0.0107138528587861 0.191134697551894 0.121778635941187 0.793560435093884 0.115446013985358 2.01612551848375 2.01651787062393 1 5.08828658348639e-005 
00002776.nii_R_ICA_labeled_d5_cp121_lmd1d0.000_lmd2d0.000_lmd3d0.000_lmd4d0.002 5 121 0 0 0 0.002 3.92564892552838e-005 88.3854625668352 -233.508182440381 1699.21091201308 -0.0249882665213294 0.010745386511594 0.191101648718023 0.122222441145919 0.793661316548341 0.0494983935974457 2.41275116381339 2.41506643618958 1 5.04137955197457e-005 
00002776.nii_R_ICA_labeled_d5_cp120_lmd1d0.000_lmd2d0.000_lmd3d0.000_lmd4d0.005 5 120 0 0 0 0.005 4.52161048088303e-005 79.4691628804257 -261.734057715762 1645.71437733312 -0.0539827907695142 0.0107563640663054 0.189295737588531 0.118173725949359 0.794833705758362 0.0965588831431805 2.47933062062408 2.48002455960624 1 5.08828658348639e-005 
00002776.nii_R_ICA_labeled_d5_cp121_lmd1d0.000_lmd2d0.000_lmd3d0.000_lmd4d0.005 5 121 0 0 0 0.005 4.48964896040663e-005 80.0688294023414 -259.690662355948 1649.31230870619 -0.0503608480861409 0.0107669981339675 0.189250046817689 0.118577358688785 0.794938996561383 0.0928957410685495 2.13361952133845 2.1345296814582 1 5.04137955197457e-005 
00002776.nii_R_ICA_labeled_d5_cp120_lmd1d0.000_lmd2d0.000_lmd3d0.000_lmd4d0.010 5 120 0 0 0 0.01 5.08828658348639e-005 73.4953924448141 -273.96650590612 1609.87295607279 -0.178200755068336 0.0109183603010392 0.188310760015898 0.115609986732507 0.795431086737685 0.112365984839027 1.55928957172172 1.55987842490007 1 5.08828658348639e-005 
00002776.nii_R_ICA_labeled_d5_cp121_lmd1d0.000_lmd2d0.000_lmd3d0.000_lmd4d0.010 5 121 0 0 0 0.01 5.04137955197457e-005 74.049779403716 -272.603597680248 1613.19917838329 -0.148310819200616 0.0109115930219849 0.188322391095786 0.115902483072622 0.795462144586314 0.0990882492259346 1.60453650349777 1.60551814443011 1 5.04137955197457e-005 
00002776.nii_R_ICA_labeled_d5_cp120_lmd1d0.000_lmd2d0.000_lmd3d0.000_lmd4d0.020 5 120 0 0 0 0.02 5.84634167355107e-005 67.8431509973801 -276.296104810077 1575.96111446497 0.19136675845053 0.0112445654466804 0.187217148299081 0.113536759715943 0.796214825235387 0.15893792961736 1.71058198009173 1.7105860137983 1 5.08828658348639e-005 
00002776.nii_R_ICA_labeled_d5_cp121_lmd1d0.000_lmd2d0.000_lmd3d0.000_lmd4d0.020 5 121 0 0 0 0.02 5.77915687252116e-005 68.3538606473097 -275.754111933322 1579.02522993277 0.232277765191925 0.0112195165686917 0.18726746567344 0.113755935720623 0.796196307135847 0.163060018182444 1.81681445215166 1.81683135455505 1 5.04137955197457e-005 
00002776.nii_R_ICA_labeled_d5_cp120_lmd1d0.000_lmd2d0.000_lmd3d0.000_lmd4d0.050 5 120 0 0 0 0.05 7.25098725352225e-005 60.9248726536291 -259.282172070743 1534.4544222511 0.0617695211668142 0.0119492724327429 0.185440395167519 0.111553757661283 0.797693732640931 0.159631395285125 1.46961812584162 1.46962473744274 1 5.08828658348639e-005 
00002776.nii_R_ICA_labeled_d5_cp121_lmd1d0.000_lmd2d0.000_lmd3d0.000_lmd4d0.050 5 121 0 0 0 0.05 7.14872023071479e-005 61.3812439875711 -259.996958795953 1537.19243344866 0.064346818478772 0.0119006574635622 0.185543456103624 0.111693024344517 0.797611174788076 0.159562012408694 1.46783618531326 1.46784259820643 1 5.04137955197457e-005 
00002776.nii_R_ICA_labeled_d5_cp120_lmd1d0.000_lmd2d0.000_lmd3d0.000_lmd4d0.100 5 120 0 0 0 0.1 8.72885450478893e-005 56.1220712974621 -226.524646268821 1505.64074719267 0.0453932826101249 0.0127066147248596 0.183731443349116 0.110560854757575 0.79924797273684 0.159912258212286 1.41362635173933 1.41363412896436 1 5.08828658348639e-005 
00002776.nii_R_ICA_labeled_d5_cp121_lmd1d0.000_lmd2d0.000_lmd3d0.000_lmd4d0.100 5 121 0 0 0 0.1 8.58757028160895e-005 56.5403359172492 -228.53591139769 1508.15003538884 0.0463575406640718 0.0126372706903918 0.183878502705687 0.110652243843448 0.799114976845216 0.159912741194654 1.40662418623325 1.4066320037832 1 5.04137955197457e-005 
00002776.nii_R_ICA_labeled_d5_cp120_lmd1d0.000_lmd2d0.000_lmd3d0.000_lmd4d0.200 5 120 0 0 0 0.2 0.000107608177931096 51.6825704958534 -168.501282591757 1479.00805014519 0.0386142247318261 0.0137175881275876 0.181677693522831 0.109883517933415 0.801188850218269 0.140287533660767 1.36988893440512 1.3699703513697 1 5.08828658348639e-005 
00002776.nii_R_ICA_labeled_d5_cp121_lmd1d0.000_lmd2d0.000_lmd3d0.000_lmd4d0.200 5 121 0 0 0 0.2 0.000105592325917696 52.0656523667248 -172.471705574437 1481.30611400979 0.0390385930889686 0.013621040865391 0.181866517167777 0.109938152848107 0.801009308124159 0.143656752974271 1.36762524943043 1.36767415826057 1 5.04137955197457e-005 
00002776.nii_R_ICA_labeled_d5_cp120_lmd1d0.000_lmd2d0.000_lmd3d0.000_lmd4d0.500 5 120 0 0 0 0.5 0.000147785610099515 46.3437099327779 -33.1379072739016 1446.98340438235 0.0353194810083862 0.0155576502663743 0.178598273308857 0.109205055985757 0.804146863807463 0.0193423440171526 0.988825155371284 0.998117611652585 1 5.08828658348639e-005 
00002776.nii_R_ICA_labeled_d5_cp121_lmd1d0.000_lmd2d0.000_lmd3d0.000_lmd4d0.500 5 121 0 0 0 0.5 0.000144541772282063 46.6848609628641 -40.9663139354093 1449.02962286925 0.035426595114218 0.0154177117544998 0.178813199727371 0.109244545424742 0.80393929414086 0.0494303392510897 1.1432635084974 1.14814788127262 1 5.04137955197457e-005 
00002776.nii_R_ICA_labeled_d5_cp120_lmd1d0.000_lmd2d0.000_lmd3d0.000_lmd4d1.000 5 120 0 0 0 1 0.00019226336001094 42.6795783448669 130.190823310181 1425.00804413787 0.0350110512967006 0.0173610018561535 0.176209096935043 0.108724872112855 0.806449093601301 0.0254151817561478 0.943019227207548 0.951911423147352 1 5.08828658348639e-005 
00002776.nii_R_ICA_labeled_d5_cp121_lmd1d0.000_lmd2d0.000_lmd3d0.000_lmd4d1.000 5 121 0 0 0 1 0.000187791907236906 42.9921080595728 118.752556440934 1426.88227447811 0.0349922879662283 0.0171896610211388 0.176413270108527 0.108771218514461 0.806253036220025 0.0220380403358411 0.91419657776794 0.923847196180594 1 5.04137955197457e-005 
00002776.nii_R_ICA_labeled_d5_cp120_lmd1d0.000_lmd2d0.000_lmd3d0.000_lmd4d2.000 5 120 0 0 0 2 0.000251536602547437 39.3135603614308 356.952649314445 1404.82450216467 0.0357465906120144 0.0194705500533881 0.173992665355103 0.108250400711247 0.80858168737185 0.0698978994444942 0.911107554282963 0.915094183492441 1 5.08828658348639e-005 
00002776.nii_R_ICA_labeled_d5_cp121_lmd1d0.000_lmd2d0.000_lmd3d0.000_lmd4d2.000 5 121 0 0 0 2 0.000245718955353404 39.5997319145589 341.993015542746 1406.54029814223 0.0356562389128364 0.0192760149409125 0.174177566976258 0.108287133379689 0.808403370209054 0.069503708827576 0.923758670547931 0.927727273918784 1 5.04137955197457e-005 
00002776.nii_R_ICA_labeled_d5_cp120_lmd1d0.000_lmd2d0.000_lmd3d0.000_lmd4d5.000 5 120 0 0 0 5 0.000353003412702084 35.2835273279737 755.527014950523 1380.66581492768 0.0375238762921642 0.0225397076452145 0.171341891850392 0.107880636619574 0.811159416379498 0.0715216545210413 0.803457444284825 0.807805543497257 1 5.08828658348639e-005 
00002776.nii_R_ICA_labeled_d5_cp121_lmd1d0.000_lmd2d0.000_lmd3d0.000_lmd4d5.000 5 121 0 0 0 5 0.000345521798654063 35.5380947376035 737.313925178426 1382.19163328328 0.0373931315339839 0.02233174308287 0.171502916184892 0.107903816117694 0.811002906470289 0.0720745331439413 0.800254062013277 0.804562146323185 1 5.04137955197457e-005 
00002776.nii_R_ICA_labeled_d5_cp120_lmd1d0.000_lmd2d0.000_lmd3d0.000_lmd4d10.000 5 120 0 0 0 10 0.000446486853277772 32.5248809604094 1128.46753417348 1364.1337552117 0.0391487520229295 0.0249595038852678 0.16958881366511 0.107450635349682 0.812840000447786 0.00955449984218534 0.540890537174655 0.560162398908481 1 5.08828658348639e-005 
00002776.nii_R_ICA_labeled_d5_cp121_lmd1d0.000_lmd2d0.000_lmd3d0.000_lmd4d10.000 5 121 0 0 0 10 0.000437689445650516 32.7579238684266 1108.21611923506 1365.53014760938 0.0389994301770028 0.0247445142306783 0.169729691835597 0.107503741467948 0.81270738190681 0.0164038390784545 0.533340824344669 0.551110897226942 1 5.04137955197457e-005 
00002776.nii_R_ICA_labeled_d5_cp120_lmd1d0.000_lmd2d0.000_lmd3d0.000_lmd4d20.000 5 120 0 0 0 20 0.000559365777381426 29.9939273439235 1583.58417295164 1348.97196384469 0.0410921750066704 0.0275484982098734 0.168012623104404 0.106568813974996 0.814286508702201 -0.0202292895355631 0.564853419056223 0.591475210517629 1 5.08828658348639e-005 
00002776.nii_R_ICA_labeled_d5_cp121_lmd1d0.000_lmd2d0.000_lmd3d0.000_lmd4d20.000 5 121 0 0 0 20 0.00054847198814885 30.2073567205024 1558.77525987388 1350.25023062085 0.0409047140300791 0.0273109484522566 0.168144342567885 0.106656569311686 0.81416741370615 -0.0201156501170537 0.57075037874524 0.597075933843387 1 5.04137955197457e-005 
00002776.nii_R_ICA_labeled_d5_cp120_lmd1d0.000_lmd2d0.000_lmd3d0.000_lmd4d50.000 5 120 0 0 0 50 0.00076467978894888 26.9665330138462 2420.84667293352 1330.85112443468 0.0447168957112663 0.0316829331085466 0.166063023710288 0.104964521018269 0.816011466879186 -0.037110791459818 0.440182677355089 0.480367686008015 1 5.08828658348639e-005 
00002776.nii_R_ICA_labeled_d5_cp121_lmd1d0.000_lmd2d0.000_lmd3d0.000_lmd4d50.000 5 121 0 0 0 50 0.000748420438199466 27.1567314467496 2381.29436185142 1331.98886804974 0.044432319874791 0.03137653929008 0.166182712391568 0.105065794568894 0.815905807669696 -0.0368126893993991 0.444343443500555 0.484064911667442 1 5.04137955197457e-005 
00002776.nii_R_ICA_labeled_d5_cp120_lmd1d0.000_lmd2d0.000_lmd3d0.000_lmd4d100.000 5 120 0 0 0 100 0.000996423593250754 24.8956028365969 3373.96589179233 1318.47467305769 0.0487355195989835 0.0357662878934161 0.164831106019383 0.103758845431757 0.817079185013729 -0.0223993790285716 0.471847234958356 0.504172149985453 1 5.08828658348639e-005 
00002776.nii_R_ICA_labeled_d5_cp121_lmd1d0.000_lmd2d0.000_lmd3d0.000_lmd4d100.000 5 121 0 0 0 100 0.000972778889468479 25.0701073548258 3312.24636305251 1319.51668748987 0.0483381029742573 0.0353723711296085 0.164923762563302 0.103849036607346 0.816998738011091 -0.0259096373314581 0.458558392236993 0.493036374138744 1 5.04137955197457e-005 
00002776.nii_R_ICA_labeled_d5_cp120_lmd1d0.000_lmd2d0.000_lmd3d0.000_lmd4d200.000 5 120 0 0 0 200 0.00134741137741167 22.9964362623359 4824.93762466889 1307.15408302237 0.0544148530015801 0.0411733280903134 0.164033612762507 0.102692287285184 0.817735604081335 -0.024752995643733 0.423959390706191 0.460578938489142 1 5.08828658348639e-005 
00002776.nii_R_ICA_labeled_d5_cp121_lmd1d0.000_lmd2d0.000_lmd3d0.000_lmd4d200.000 5 121 0 0 0 200 0.0013105227138174 23.1566292109926 4721.04520183276 1308.10742031763 0.0538457598145748 0.0406402521030693 0.164082110941493 0.10277259851071 0.817697579930949 -0.0244978617810459 0.427463476195246 0.463707500688805 1 5.04137955197457e-005 
00002776.nii_R_ICA_labeled_d5_cp120_lmd1d0.000_lmd2d0.000_lmd3d0.000_lmd4d500.000 5 120 0 0 0 500 0.0021595448054331 20.7255612196768 8195.01106975203 1293.70100505316 0.0657563297257263 0.051506262168326 0.163872465264509 0.101360492325753 0.817729327666994 -0.0301026274371764 0.375118996297628 0.418401583649918 1 5.08828658348639e-005 
00002776.nii_R_ICA_labeled_d5_cp121_lmd1d0.000_lmd2d0.000_lmd3d0.000_lmd4d500.000 5 121 0 0 0 500 0.00208871997806679 20.8684897618064 7979.79006643342 1294.54356144253 0.0648546728405033 0.0506924964992942 0.163851647695718 0.101444639017032 0.817760418979539 -0.0296724679698508 0.37780672718087 0.42062369492058 1 5.04137955197457e-005 
00002776.nii_R_ICA_labeled_d5_cp120_lmd1d0.000_lmd2d0.000_lmd3d0.000_lmd4d1000.000 5 120 0 0 0 1000 0.00321972194281099 19.172337321871 12602.8476674937 1284.60641921945 0.0778689616447669 0.0623843576328466 0.164359397432369 0.100307419917951 0.817116211798203 -0.0347479926658279 0.349480375599275 0.397775750277777 1 5.08828658348639e-005 
00002776.nii_R_ICA_labeled_d5_cp121_lmd1d0.000_lmd2d0.000_lmd3d0.000_lmd4d1000.000 5 121 0 0 0 1000 0.00310784171930301 19.3033241933297 12256.007940886 1285.36862184081 0.0766991894938912 0.0613325588660549 0.164304210272444 0.100394703891112 0.817181700251588 -0.0344139807292284 0.351292645519327 0.399210149817665 1 5.04137955197457e-005 
