#spline3d 5 121 5 121
71.244110598929652 110.27043089028604 2.0731001047087254
70.644916649762834 110.08281875185179 2.6192640196169026
70.186718314713573 110.05640023905418 3.2723059964709451
69.790608877303157 110.09199390873214 3.9723588988230514
69.361311373098459 110.07059198403871 4.6487255338150861
68.865827921024263 109.95849237916282 5.2707961134730157
68.429084865712952 109.88532614001304 5.9398316833485811
67.994373371948214 109.75554720062432 6.6016461177672099
67.62106613916049 109.46886368334944 7.2575434677008897
67.270411681735467 109.11378840020272 7.8807988551494761
66.922864373163065 108.73004020661423 8.4999916072380994
66.731495021322701 108.25439770644323 9.1224916434321059
66.679777523788715 107.67762000768596 9.6900882914129554
66.721992383368772 107.23970796289959 10.365693813139615
66.854022865678587 106.69244619998089 10.940558610709871
67.047036757615032 106.02939874637593 11.368711632479414
67.370954373800743 105.42105796881543 11.774606710579139
67.726183981371378 104.83723284116077 12.196360269246892
68.231839841794667 104.33315356601592 12.587551693066041
68.872133494662705 103.88740852880981 12.80209448518349
69.556905606188309 103.47356627036521 12.870962307300804
70.193187095384872 102.98353762726919 12.948075263103302
70.939914742800212 102.68540427976733 12.938513708474511
71.674084389823321 102.36142995489661 12.93252395300501
72.419088701331077 102.06973603265675 12.917560968935662
73.168975206739518 101.80373732289137 12.795506225238828
73.892245321978479 101.52140152772903 12.597256897476257
74.624367804745674 101.28723488396396 12.367824105215437
75.388936838677921 101.1126069811049 12.19848035204482
76.148682363279548 100.92605159279248 12.024681375714442
76.85902994293761 100.70244046520564 11.718246542828139
77.579960404374049 100.5311666765472 11.417409953136325
78.288447477509024 100.36252841885876 11.07797099654376
79.040172471472729 100.20321997771568 10.849252718122743
79.772338953838357 99.9767424643249 10.612067874994345
80.456650839304629 99.686207154023521 10.303194821393053
81.192633032233942 99.438245555291417 10.114085532112227
81.939712504039221 99.179753444153292 9.9314779137015243
82.607539433633178 98.727279906025544 9.8992388045978839
83.287508704819743 98.309004359670041 9.9942980543831119
84.022682034121701 97.997275867522106 10.105504817854204
84.671692694827343 97.543743598633142 10.255421490282835
85.195641856181624 97.009060437809211 10.565436637983781
85.69328643678422 96.450396692501684 10.837546206619534
86.166690373394601 95.919082551564983 11.241856929439439
86.534457898864162 95.54814273439483 11.859033134634339
86.898280213670049 95.256938518503929 12.510087072202474
87.335830325579948 94.958807028911551 13.116488835764136
87.620384802708529 94.655329020111779 13.80657121736909
87.790793770286456 94.407603804442445 14.552484272624611
87.958697788257808 94.165085678288619 15.297941425142673
88.045512479261788 93.856094377071273 16.031439928375946
88.087356647802451 93.547484648388036 16.77568011401533
88.101221034683832 93.430871676049065 17.573157695341315
88.171313640726353 93.365819256271678 18.369811726365882
88.157892609731832 93.244370705232214 19.161909386950544
88.010395730889613 93.135738585659411 19.946953583348975
87.867064435342542 93.038134041081449 20.726477659177242
87.759636019056387 92.940903804315141 21.516364358762011
87.704457697191543 92.916694213902815 22.31627668632343
87.681995846886039 92.942860011917816 23.117172551706364
87.632424614209498 93.002908757217142 23.915079325326598
87.545084209957849 93.086815714550369 24.706334531713104
87.534506514594014 93.221670421712744 25.497098497403279
87.428653689771522 93.270875585248277 26.292418045718794
87.320348995379376 93.455139116029656 27.067011402519352
87.204378136788463 93.531866257984362 27.8568138945055
87.076082971730273 93.593730042197919 28.645792931100353
87.067923343794178 93.721321759601054 29.439303388504094
87.026748178832648 93.858049165401184 30.227112415947374
87.035229505330548 93.954910945088699 31.024045226429507
87.181231143759703 94.030687228944402 31.814018617021272
87.412871724295215 93.973341174891587 32.588174004971769
87.667207810713435 93.653249528435111 33.297115009071987
87.971549298129361 93.209487742778251 33.894776047857306
88.3862465281005 92.707072376313604 34.373112274467324
88.818157248579482 92.101542625310017 34.709759501095263
89.193353621210022 91.36423050513983 34.759263424979387
89.451133535313048 90.62718053890444 34.555420113636458
89.746667062729983 89.934380968508577 34.283276916803239
90.129250569587313 89.31662853485004 33.907194432127099
90.332819608115443 88.867372045796273 33.248922439653995
90.41178464431853 88.491678519270707 32.543198920022725
90.408829691894539 88.187254263506162 31.795386732959301
90.19347334678146 87.984140919242478 31.038378882503412
89.950810376357794 87.60382538457516 30.376061983927887
89.626206702606893 87.213002105661872 29.750621303353881
89.174420142889645 86.971170936534179 29.119848771949943
88.617485697252661 86.631945868369087 28.650298854258853
88.043093346421841 86.209202619632322 28.267832974885927
87.517587419538032 85.72171929515163 27.927997727029396
86.914034905708334 85.250067070328498 27.641326287733992
86.407099014681918 84.63879746278208 27.526622605459149
85.882731910570371 84.023795036649446 27.608631484105072
85.425991595966408 83.377178612645864 27.709488326377208
85.038221636082596 82.70640049084588 27.944808609181802
84.879498568431529 81.949060723362606 28.211639011827028
84.80289665579555 81.299771579957593 28.698684093833645
84.941756388193411 80.811689579416523 29.342635205297459
85.179454137090843 80.402585975543261 29.999305097737157
85.539199011274519 80.261231829770935 30.714108921196054
86.010904373626119 80.213865170007494 31.376726730854475
86.543095962028374 80.348318905080518 31.965986175800168
87.134234680737848 80.668014632413588 32.427637540448011
87.621536225976584 81.061063269810788 32.923424098006826
88.053048064349426 81.614331901374129 33.340553700712292
88.320390801281832 82.204636292067264 33.81135060186206
88.420273877506801 82.855488668357722 34.279072589918535
88.545874559981613 83.509344535754806 34.724826921444681
88.637140534189157 84.051396246024495 35.319089637628778
88.585764829211598 84.619591442879255 35.877232670077653
88.619278789475899 85.21631640133397 36.426914961880286
88.45727335048727 85.745769663789261 37.006173461693848
88.104225816953928 86.229054207981051 37.559631028555948
87.708904946518643 86.617904321677216 38.132552121927873
87.240401269028197 86.976628986799255 38.675725262658517
86.784872155163384 87.348009276192585 39.226733286193976
86.240079990965654 87.590071573021476 39.763557646139134
85.633443382500644 87.718124221874959 40.285693838922931
85.006022669654783 88.00973445286354 40.689008246918632
84.388310148818164 88.690619811396573 40.881403634074104
