#spline3d 5 120 5 120
119.48448795405258 85.036059306879324 0.81682159985797698
119.02149517303877 84.639191848193235 0.97922910897664139
118.5484318787618 84.258411052171965 1.0904300097977944
118.06700808812589 83.890911126873448 1.1585133579193667
117.57893373975205 83.533886422645892 1.1915683454957122
117.08591935270579 83.184530160378472 1.1976823636852554
116.58967125800712 82.840039076508816 1.1849091768568039
116.09185068668835 82.497670178732051 1.1611503497416606
115.59395403574291 82.15491976520039 1.1339012084677684
115.09709696975931 81.809862202830274 1.109862968653627
114.60174231613992 81.461600787207345 1.0944943176279629
114.10746466911 81.110698438494055 1.0916308288235546
113.61285930500092 80.759426317301774 1.1033135737171065
113.11567434459731 80.411703103392938 1.129935671750913
112.61317326670375 80.072699706487796 1.1707229967097039
112.1026655065465 79.748173642259047 1.2244756207598186
111.58208853456129 79.443673504160174 1.2904071035145357
111.05051668756479 79.163764916640488 1.3688791534659372
110.50849519867367 78.91140727962501 1.4618378587490051
109.9581322222725 78.687582600688458 1.5728295419001015
109.4029405233771 78.491221176293251 1.7066049127292224
108.84747980306716 78.319392639462421 1.8684237353881341
108.29689812156239 78.167665122817311 2.0632427232081776
107.75649978755942 78.030486521900642 2.2949736013023858
107.23140842310174 77.90157235035997 2.5659455852566451
106.72637018517885 77.774307703550747 2.8766398654757892
106.24570547971969 77.642195663697478 3.2257198543922332
105.79339188362215 77.499351938942866 3.6103255450963299
105.37322652809659 77.341029506308132 4.0265620770322288
104.98898754698081 77.164146968854425 4.4700861184063001
104.64451120416669 76.967768034017723 4.9366863335738147
104.34361135061121 76.753438574352145 5.4227552900975811
104.08979723932474 76.525253263127993 5.9255601615040394
103.88581578732165 76.289533127977023 6.4432635175167219
103.73313159668963 76.054061251635176 6.9747156733895821
103.63149643427262 75.826919032961598 7.5190929418966688
103.57875403232086 75.615106244288611 8.0754870961946779
103.57090114058884 75.423210549381935 8.6425518473589129
103.60239272744536 75.252442569370842 9.2182881255844134
103.66659597538496 75.100283419851522 9.8000159417122035
103.7563074185702 74.960836339324842 10.384527290379975
103.86427086944012 74.82577838090495 10.968365618984969
103.98367898066428 74.68565957222377 11.548149488733753
104.10867824116322 74.531252966277535 12.120857880906865
104.23490013656182 74.35475555783907 12.684033539213589
104.35995733886953 74.150721923509622 13.23588863263149
104.48373142641572 73.916581763151299 13.775308133920968
104.60830486847948 73.652681513547861 14.301767857592726
104.73746608084591 73.361832259298041 14.815172966424132
104.8758650372264 73.048451949134829 15.315626288491586
105.0279827110415 72.717476864287377 15.80315709919546
105.19709771502886 72.373262644491859 16.277466155487627
105.38439910943998 72.018688647300081 16.737759092559468
105.58837177111945 71.654651935060414 17.182744048726263
105.80456359913316 71.280052215838978 17.610823748325092
106.02582732220195 70.892234657233445 18.020426725368253
106.24316057112475 70.487771841867328 18.410346581795395
106.44711933328232 70.063376481834254 18.779939139159335
106.62961503352123 69.616726054079848 19.129072108587938
106.7856820637714 69.146966598710236 19.457789305666044
106.91485492701587 68.6548113861205 19.765761239370558
107.02170752256848 68.142231902463678 20.05170121932855
107.11531130174485 67.611904872274238 20.313009068267057
107.2075643747049 67.066608210530816 20.545851737887514
107.3105601871016 66.508733696656165 20.745767226914708
107.4335602751145 65.940052720559933 20.908693417046702
107.58024599354869 65.361796637132429 21.032210594650468
107.74690393684708 64.775066717237806 21.116728718589354
107.92208742606245 64.181504357766329 21.1663055889804
108.08773798000439 63.584096805516701 21.188966333936943
108.22171629448763 62.987903900199036 21.196334875281437
108.30113794579007 62.40044127693006 21.202561919404914
108.30581336796165 61.831551957321139 21.222675725730596
108.22119636624626 61.292673527463592 21.270564428858833
108.04022219697183 60.79562386113701 21.357069874121621
107.7639252062707 60.351184825803749 21.488579866297048
107.40072125970109 59.967817831638229 21.666471633010875
106.96466792613852 59.650811486548925 21.887415095377339
106.47299583730603 59.402154207398297 22.144443987174576
105.94365100125381 59.220882497467116 22.428191697719949
105.39304658276494 59.103922363845129 22.72825008196866
104.83444016880904 59.047003598105007 23.034286874366362
104.27707306805419 59.045477443098974 23.336882480270994
103.72613694176179 59.094896501711631 23.628092709332901
103.18346493120077 59.191350360916019 23.901825571234671
102.64873833591328 59.331650174170029 24.154120560982211
102.12094532739248 59.513443368915233 24.383340516800825
101.59981137049513 59.735254500127915 24.590216110231506
101.08694455399632 59.996402590620647 24.777684165863839
100.58653135816866 60.296756001752087 24.950495166392429
100.10552120860321 60.636335132632283 25.114628231787318
99.653308089967524 61.014818061617625 25.276600726021559
99.240992769567612 61.431024414673217 25.442784380136082
98.880330581891812 61.882465377291552 25.618823473514901
98.582506416148505 62.365017594249714 25.809218082905854
98.356898735392079 62.872775327953541 26.017138051885642
98.210029262757331 63.398098890562672 26.244486410650111
98.144889277836612 63.931879985645374 26.492157700247638
98.160804509160528 64.464034962601986 26.760342661169016
98.253864855803528 64.984206984657916 27.048689656582372
98.417785233617067 65.482604227676276 27.356202166295823
98.644998327031942 65.950845917994883 27.680888348676145
98.927708068890666 66.382683668388125 28.019270704053142
99.258720988406353 66.774457001563576 28.365958345276674
99.631923058383862 67.125165907720486 28.713501030503394
100.04241881382137 67.436160368127659 29.052625853870065
100.48640312106194 67.710461071455072 29.372894816909774
100.96087186172878 67.951868007788107 29.663696392981446
101.46325471998712 68.164015824616001 29.915445521462434
101.99105156092163 68.349541120197912 30.120813595566531
102.54152761655864 68.509495836965002 30.275775689522519
103.1115168140234 68.643092967041397 30.380236968053879
103.69735809371218 68.747775820466828 30.438080734598557
104.29494674214716 68.819522084478237 30.456652686596875
104.89985504845259 68.85327356594982 30.445832811189423
105.50746518281694 68.843364679498166 30.417008866679858
106.11307563934935 68.783864304077639 30.382231697615239
106.71196251683614 68.668772803353988 30.353726072118217
107.299400086487 68.492085314875425 30.343730517901928
107.87066279288268 68.247797462341552 30.364482277212552
