#spline3d 5 120 5 120
131.24583437436644 103.07164674573248 5.7812251661344218
131.40427955209447 102.64688447593063 6.3166109311167444
131.43897249283367 102.31756931728721 6.9302277345379464
131.37849383657615 102.01123302397659 7.5618541643536927
131.25111126513212 101.63738591240302 8.1375715129991733
131.06191372205888 101.19392062550358 8.6481795887609909
130.78357449203264 100.79671756249364 9.1538351538113254
130.44263380730212 100.4609739699529 9.6601240948491718
130.11539978978203 100.13164603265226 10.185538656452751
129.80122730417563 99.72437144762047 10.668312178302781
129.43107971853701 99.182671149875219 10.940768342705221
128.97499260655934 98.664968691788346 11.079539539850105
128.46438483178449 98.230825510896068 11.277574521759401
127.92079683517899 97.80664831215725 11.388206408793021
127.34477606734275 97.413539302011387 11.439983017617719
126.73919943994306 97.067744823276172 11.496135066900608
126.10702712852401 96.769668701291309 11.510134051318627
125.46311080831794 96.502489355076008 11.480347237009152
124.87073907516002 96.14110157494089 11.373090646853116
124.27950936649127 95.802118752547742 11.220654110838803
123.69344632578057 95.456093799340849 11.064043442512997
123.1022244432628 95.080651704825698 11.025956676056925
122.47488350994496 94.778124912982491 10.961844288756529
121.8809458846895 94.45708371385804 10.774940194619379
121.29589453487122 94.111232072066215 10.610601907430976
120.6723264834505 93.815104251606797 10.495798964772089
120.00974546905054 93.607670303725456 10.40305882306984
119.37293406056128 93.328254705504534 10.334212370305814
118.74968781731667 93.010022807263482 10.340020525620536
118.11895378036471 92.712895366650187 10.380893054565139
117.50749823759021 92.373943534839341 10.347518519478738
116.93249605144894 91.975612919572796 10.367736975274024
116.36352702312243 91.580523336001789 10.465566678368829
115.77968543384138 91.237728433796036 10.643491530274337
115.2157486123849 90.869280388393264 10.824840537921748
114.65978921211645 90.49040578839444 11.008929546527014
114.10848092549925 90.135882920466045 11.271433821674472
113.67468528692312 89.747798757217481 11.667918930165794
113.36128139842846 89.370263183445047 12.173076957490466
112.99573360809633 89.080886122137812 12.689743407566342
112.63040180425089 88.77665714956477 13.206454926113212
112.32251922086073 88.526915627640619 13.781544711242775
112.11489871018826 88.262025711959055 14.392689217201157
111.87855040396592 87.959207818072343 14.980606046114044
111.71939838158913 87.757243975984295 15.634187542514589
111.72916872243691 87.50307073529541 16.290505494008581
111.73724597354681 87.244178501285987 16.937038311649115
111.67887987291485 87.044587026546282 17.610516728199315
111.56468343481852 86.953835415802899 18.293614337292599
111.42799070175533 86.965538112451156 18.981363986661496
111.30768577240475 86.980386710590338 19.668175442443282
111.18814429639473 87.017811669989797 20.355895215479165
111.01739299865805 86.973122415213638 21.032263372018026
110.79967180854189 86.909480190995311 21.69474487024922
110.57081317631364 86.805814268970892 22.345205854302439
110.34047383737038 86.653436173868911 22.986784480203724
110.13589336988937 86.532460974104538 23.644606865823242
109.99267778260295 86.297768484263784 24.296354770796327
109.73263280558123 85.937626088406674 24.840342636506971
109.35847156120785 85.506789926568914 25.263720582870842
109.0134324251585 84.988552235599315 25.582089700019491
108.64764657944148 84.437908759381784 25.817621247359785
108.26357616575834 83.870466715881633 25.948805610592636
107.87385777449707 83.289058677102759 26.030241574658582
107.56564957296014 82.659735378577437 26.012946307105999
107.38150484422239 81.998839595142755 25.814946961634423
107.23743869855011 81.398711020607379 25.454647710292626
107.23371227663128 80.969083536728078 24.894289326749512
107.43035450203254 80.522865062134017 24.381184832731162
107.53106872666494 80.016730316136019 23.91467208494015
107.66198843144336 79.627377545422306 23.326524220565741
108.02683403226732 79.267225705213363 22.837684866732221
108.57402889250261 78.795526096869764 22.682633729745916
109.19158996824395 78.6662238598568 22.370507917943211
109.82144251861664 78.64979844832807 22.040782552753154
110.43973174648497 78.655090725513489 21.733112768605551
111.0098921487695 78.757943378363535 21.325289339952743
111.54688239190438 78.692556425475203 20.864660898083194
112.03568244516393 78.368227029938339 20.468412103968564
112.54213733566976 77.981598994853272 20.16950105571005
113.10100727390186 77.593447581428165 19.970334966589242
113.48514204937564 77.004662978342608 19.922509305333453
113.84580001783993 76.399484501524583 19.89192238030353
114.17662421941706 75.791148218791221 19.893485238359538
114.45330775513828 75.153421041082424 20.018955532142314
114.67389299350391 74.512665094192712 20.214593803098825
114.73856329052775 73.898053005143083 20.554373983105414
114.75038401524525 73.350822590575888 20.995887096225104
114.63938770523519 72.859683546091162 21.499496982374051
114.37097945457529 72.520290045333695 22.059061957949666
114.00936786288524 72.402049440397704 22.660434932577509
113.59558040597557 72.380035141821011 23.224189970510974
113.13607582645002 72.467371874867069 23.747141758416834
112.6531330018761 72.665707024897756 24.220941234832502
112.14219344375257 72.961698358166359 24.594450068663917
111.58151346731361 73.242453760673385 24.912957904985912
111.06728657062406 73.621200707151644 25.19727255393104
110.64838132271223 74.116979764656989 25.472315230383082
110.27649614189701 74.643697214074862 25.746128897020515
109.91518563523505 75.243502870476902 25.846242356726194
109.67205606964846 75.867962217619407 26.065336027647721
109.37366141813477 76.319142056760924 26.519903563488981
108.96852247153303 76.750043035388487 26.901094676350471
108.63832273216489 77.304997458732274 27.252951671662096
108.75959842722912 77.768330004810295 27.775508852934113
108.96350462043166 78.227291088783161 28.283117799550954
109.12879362198612 78.768924951621429 28.686259301667299
109.17391289314816 79.292945141950298 29.14592437064379
109.27729591209922 79.743041074276718 29.674528299241384
109.35584717138639 80.219204811951954 30.175379064768748
109.41286627046431 80.750115100571094 30.631180620217254
109.5963706113931 81.22141491358218 31.124727226481308
109.8967730911112 81.554519677436147 31.665342746053636
110.2526739469878 81.845001750907741 32.19259544786037
110.59970715067189 82.121762699461684 32.730070103659003
110.89387093201304 82.396205375281042 33.303384293087703
111.23013781360061 82.599597647406597 33.882974586937593
111.61292961170243 82.673374594130522 34.467201675642016
111.96584797441596 82.636049316805924 35.079691457021298
112.22842469803436 82.496493803629846 35.738137610244962
