#spline3d 5 120 5 120
128.99982660886738 109.10591426592815 2.7906655878218243
129.30367591454106 109.32042595663999 3.4141111415814414
129.59474322934349 109.5030609248784 4.0677974632481568
129.87169187666936 109.64977425257482 4.7468252885183517
130.13318473627137 109.75652109589076 5.4462957010062407
130.37788761173263 109.81925603767442 6.1613071794409446
130.60448953016615 109.83392737397683 6.8869254973585772
130.81169617553255 109.79647308973018 7.6181096069348353
130.99811334250219 109.70283999573081 8.3496254973932462
131.16209583203027 109.54902816630178 9.0759336554370105
131.30170899600142 109.3312965720957 9.7910158547234438
131.41485619695641 109.04651742811203 10.488238067466561
131.49945202512194 108.69297678133495 11.160105573580905
131.55346297867456 108.2708043660457 11.798267405308845
131.57470313582013 107.78284140054602 12.393349760994665
131.56059103151185 107.23441048049571 12.935263981968333
131.50786070743771 106.63372173418878 13.413567407210513
131.41262268797237 105.99127642985376 13.818296304549799
131.27048600331779 105.31967467363998 14.141063547745111
131.07701125611086 104.63280500814948 14.376237286959261
130.82829167584046 103.94503753542575 14.521936122623929
130.5218353961109 103.27003496784414 14.580849258435988
130.15710435451061 102.61980890428508 14.559917701141934
129.73622136861047 102.00343941561582 14.470123917271527
129.26356352109741 101.42699240356879 14.324904645219643
128.74559929762432 100.89290368732786 14.139069676942981
128.18975742529793 100.40093482176194 13.927295532703118
127.60359663853141 99.948477949656166 13.702929241528556
126.99393193254316 99.531655146341024 13.477306796548138
126.36622353050814 99.145924100254078 13.259178862547625
125.72434555583793 98.786690681550269 13.054704878589073
125.07063192822079 98.449576815593517 12.867716045094879
124.40607981817189 98.130535445965634 12.700276624698791
123.73080587379638 97.82580477134573 12.553551274022883
123.04446541747414 97.531959727469726 12.42865584725374
122.34678643352876 97.245920185650164 12.327338981926554
121.63822338382586 96.96513924753765 12.252768526118301
120.92038494374255 96.687674408137354 12.20971661304819
120.1966951044284 96.41253575521317 12.204966747513913
119.47252999444888 96.139794245563408 12.246911868795774
118.7554790094328 95.870637945566756 12.345081100715225
118.05514408449753 95.606981840612065 12.508966635544773
117.38271208592002 95.35091306128102 12.746788725438561
116.75018433992963 95.103917634478961 13.063889829771057
116.16939084805828 94.866391639802629 13.462056564208018
115.65060779676899 94.637113462168287 13.938400799454291
115.20180960456773 94.41353806039605 14.486216341347397
114.82731304773566 94.192027400874068 15.095166044662866
114.52788391553898 93.968730891218357 15.753109966811181
114.30018810781858 93.740521651285235 16.447401985218661
114.13741483102714 93.505980501514145 17.166391865179339
114.0294848342012 93.26639251233604 17.900438907409455
113.96367813754993 93.026439916471261 18.642411544011107
113.925263355292 92.79431189939335 19.38756561593971
113.89811341065263 92.581430242698573 20.133137342208503
113.86541648367039 92.40107088932794 20.877408104546813
113.81027409014901 92.266424049306934 21.618782252943436
113.71632649675524 92.188473803805024 22.354978518282479
113.56878113129673 92.1729135562218 23.082189800609584
113.35515971265929 92.218901186621537 23.794931898722737
113.06658167766798 92.317047894392431 24.485732666105751
112.69835120408425 92.449961650223102 25.145351568983546
112.25061341661657 92.593097669293456 25.762885423950088
111.72868256771228 92.717456422898891 26.326063312210206
111.14279740834176 92.792911932822506 26.821686882579577
110.50835257649182 92.792513835990761 27.236352476130516
109.84482465156678 92.695204055993585 27.557353847484073
109.1755239156974 92.489528441050382 27.774212382162105
108.52589547060133 92.172989096490582 27.879514258314842
107.92233898550485 91.753072406860639 27.870658142836827
107.39036777140056 91.244442224953147 27.750141467506786
106.95290219612792 90.667352846567354 27.526337997320859
106.62872627046396 90.044804124561111 27.213072220667478
106.43149512160853 89.400532209677081 26.828848178116154
106.36871466062621 88.757054446592065 26.395570151982263
106.44224057561117 88.134679177226602 25.936749557219596
106.64789783235956 87.550057004990038 25.475858506487029
106.97718952487624 87.016054462216857 25.035154074432469
107.41756825040217 86.540134257914062 24.634485665543412
107.95401126750757 86.124412777515275 24.291124393898333
108.56935573448567 85.764357981842068 24.019076653490107
109.24477778325641 85.449191133245037 23.828970597729423
109.95964513004361 85.162134182660836 23.72747476408847
110.69134873101915 84.882064941970924 23.716851301242304
111.41532560233446 84.585827309718283 23.794954549018719
112.10523514395861 84.251523394629331 23.955093535275822
112.73379713559603 83.861236058899991 24.187116081193444
113.27410093142954 83.405138044265456 24.478006971418338
113.70107212208383 82.882115951742918 24.81351959222371
113.99400622417377 82.302524529941167 25.179358998666807
114.1380086262251 81.686156723770111 25.56238305798043
114.12636103231705 81.061400603312805 25.951646551978332
113.96113095476038 80.461411215848486 26.338979552375623
113.65349491983656 79.920600124141814 26.719410930369531
113.22280568232607 79.470175426122466 27.091299670312733
112.69438136904519 79.135093134249246 27.455923446877314
112.09715509302484 78.930440403657443 27.817142159281012
111.46065515700835 78.861665341030417 28.180281077957275
110.81211757148799 78.923278133823786 28.551135792640078
110.17496309130871 79.102384686213284 28.934830558575346
109.56717560177403 79.380590213821236 29.334782753641381
109.00193826990659 79.738133385456138 29.752341920770139
108.48819568021769 80.156667190571596 30.186598739267321
108.03216618116602 80.621365331533539 30.634787820768171
107.6385183552139 81.121469072909221 31.092782366229265
107.31121667978812 81.650188135304177 31.555508640184954
107.05394280504146 82.20344912392558 32.017341333777857
106.87006011986541 82.778839849562956 32.472424276891651
106.76248285647536 83.374182673579114 32.915114585170748
106.73329428128213 83.986358592091534 33.340713188638055
106.78364986368459 84.610653326471763 33.74600730066394
106.91348413670455 85.240125685656778 34.130105986590884
107.12154725142688 85.865807018956133 34.494540909926236
107.40538941369101 86.476936157275858 34.843253012637376
107.76162361807869 87.06157922268703 35.181955122426977
108.18627565592944 87.607157450230858 35.517407074637198
108.67511448810039 88.1008343133295 35.856801856780905
109.22385271771026 88.529717776311756 36.207422469262909
109.82819996167707 88.88091317724718 36.576555906294637
110.48386615240325 89.14152610082202 36.97148880781107
