#spline3d 5 120 5 120
79.198996306792822 96.831388543046998 5.7874071800915434
78.943439193279687 97.056642979255386 6.3225903981362679
78.658915704597675 97.260582397038561 6.8506484518125745
78.348756355486614 97.442624025944724 7.3727678601223703
78.016291480042156 97.602185145367983 7.8901350908162238
77.664853541310791 97.738682213696791 8.4039371604150723
77.297804536960015 97.851515428830453 8.9153670377391343
76.918608574323144 97.940019370176486 9.4256279768819624
76.530951416329145 98.00336346984281 9.9359244659454369
76.138903641438205 98.040399840030318 10.447445631664815
75.747138817406196 98.049496013223063 10.961356073411041
75.361109629251288 98.028486570591951 11.478794665456348
74.987215246065446 97.974753922960318 12.000861270443908
74.632827876178439 97.885546475313092 12.528569242609244
74.306120954841674 97.758494842258813 13.062743418207576
74.015712820377189 97.592185741970567 13.603869339384479
73.770192631293369 97.386653110100681 14.151905349054854
73.577559628988666 97.143688869691886 14.706047575955445
73.444709356802221 96.866860459425652 15.264490997859225
73.377000806247338 96.561353143483814 15.824154474190294
73.377953304030882 96.233610476145657 16.380381576099456
73.449240321936983 95.890733837676351 16.926745924928941
73.590916801908506 95.539812415690704 17.455046144780951
73.80170791509326 95.187301453744965 17.95558362555354
74.079175818775667 94.838551281593539 18.41784143886801
74.419682915180715 94.497555317611472 18.83150281788199
74.81824066193937 94.166880886149741 19.187582455377548
75.268366215486537 93.847725645161404 19.479650339467099
75.762275599415275 93.540249463636258 19.70479265700946
76.291410751653146 93.244055601586055 19.864122068696005
76.847173045219833 92.958673247058115 19.962792074373823
77.421649798209032 92.683834230669675 20.009425569504739
78.008139020624171 92.419428517459622 20.015029896899126
78.601358191485346 92.16524322182849 19.991628575772449
79.197545589570709 91.920624071923612 19.950843580444761
79.794333339170052 91.684248200075842 19.902535120608952
80.390553765871232 91.454127205310826 19.853941522478454
80.986003545531105 91.227812509297522 19.809459375752475
81.58117859674627 91.002709317324104 19.771056266267792
82.176957845009923 90.776390888927651 19.739183272721231
82.77424974746711 90.546804094240827 19.713924267001001
83.373604584366106 90.312439125088687 19.696140545318297
83.974795473663804 90.072413863259669 19.688512144861811
84.576449609127295 89.826549209857106 19.696162552370136
85.175792121047024 89.575477587550992 19.726743713417484
85.768562598708172 89.32076327978929 19.789931444436689
86.34910404234067 89.064949224288611 19.896379804369676
86.910666758197848 88.81137078082341 20.056395530147171
87.445740025923087 88.563805423689473 20.27853178539026
87.946512319845297 88.325879830944913 20.568262703857794
88.405376147474456 88.10042159397733 20.927092706045862
88.815414353232555 87.888967917539333 21.352255850061777
89.170792919324271 87.691565238775397 21.837074764298467
89.467014606156511 87.506884396042111 22.3719085210898
89.70100629865297 87.332574346898184 22.945461654337382
89.871230497676635 87.165625137426318 23.546054474255602
89.977848434505205 87.00269745108308 24.162822579694915
90.022940532104727 86.840307345456992 24.78656845918978
90.01079739974287 86.674804299691743 25.4101666338413
89.948145437745623 86.502180131058012 26.028514491671491
89.844138130408197 86.317822412889299 26.638116127675456
89.709918941781396 86.11639869571593 27.236441024457541
89.557862927610429 85.891956278057037 27.82127280179358
89.400552825202041 85.63828271670134 28.390120627135222
89.249610251396291 85.349546719480088 28.939819766953924
89.114754223929822 85.021015838402874 29.466428995902543
89.003309939811928 84.649666308839187 29.96543481955964
88.920267486942308 84.234561348065142 30.432229663411732
88.86878525068613 83.776992716322098 30.862784563153433
88.850909111519371 83.28037895225718 31.254312564393317
88.868236740204864 82.750173489829692 31.605953387605798
88.922494033184307 82.193517579343023 31.919155039402426
89.015802087855832 81.618817572848343 32.197683933086935
89.150642024675491 81.035278157649842 32.447241096537475
89.329567542601907 80.45247418975012 32.67478361367727
89.554734194041856 79.880003052956027 32.887684621356549
89.827476584942275 79.327269877922731 33.092985884835009
90.147859570332898 78.803343477858178 33.29679280573243
90.514411040541475 78.316887745475782 33.50400754763757
90.924014004557989 77.876088235469609 33.718469492690701
91.371954704004992 77.488467497015961 33.943410770954237
91.852088189054896 77.160503065690406 34.181993315602533
92.357116142037199 76.896988885613553 34.437648209382587
92.879023788610922 76.700485126035474 34.714018876174954
93.409550663156608 76.570733960364663 35.014586881480355
93.940730352776441 76.504513256267785 35.342088281038393
94.465257924584321 76.496075213135668 35.698068832010371
94.976564864702596 76.538046072604686 36.082754284367724
95.468575348586299 76.622639115751014 36.495264861209215
95.935304433393853 76.74287907547324 36.933958334298538
96.370546763476469 76.893470033500975 37.396689925484736
96.767779303012659 77.071348302930772 37.880822233283247
97.120340543877433 77.27584320848699 38.382997590971975
97.421833099902244 77.508355465720257 38.898816519446839
97.666593835927799 77.77172122783918 39.42260063201126
97.850097530229363 78.06924892420254 39.947431004619233
97.969223786714693 78.403596406027418 40.465474556379036
98.022247042811813 78.775830070622192 40.968531221988499
98.008691982654014 79.184741456572468 41.448619945505676
97.929084657127163 79.626470170209103 41.898582337017594
97.784684857248052 80.094549632981085 42.312609002167811
97.577341174242775 80.580148064654082 42.686686095381127
97.309426372445657 81.072412455935009 43.018942223162753
96.983829858864723 81.55884993277347 43.309882249979978
96.603987407613658 82.02580426274308 43.562406415493051
96.173943181666075 82.459025274075842 43.781629922908124
95.69848224449737 82.844414801680855 43.974585547957027
95.183266518937472 83.169024913677831 44.149608703678403
94.634952475780096 83.42215037712036 44.315616793477815
94.061217307197836 83.596319655848973 44.481375207487027
93.470646116769174 83.687921225384784 44.654902946716838
92.872484794960727 83.697266520892512 44.843133951297204
92.276341744895731 83.628067342712384 45.05188315227479
91.691933928318846 83.48684505533484 45.28592960230705
91.128897349369694 83.282004802975266 45.549298144278488
90.596729379292412 83.023028559360498 45.845557988787476
90.104825319743838 82.719857707719811 46.178070305217311
89.66254324027831 82.382550551466679 46.550137674215968
89.279237994939095 82.021172854092299 46.96505850603095
88.964264740445742 81.645789786353788 47.426131565497819
