#spline3d 5 121 5 121
68.185595463020903 110.00673716952997 6.7644640375152365
67.837428205811392 109.83751923563089 7.2007838001673994
67.500436938966317 109.64687174173048 7.6374422448167882
67.171245189463448 109.4362937015305 8.0714948071959807
66.845513589927251 109.20737406922039 8.4994513902564552
66.526493483699895 108.96250021126413 8.9228058556949623
66.229543730842948 108.70645865314336 9.3540286043139247
65.94402814133467 108.46390948450718 9.8057205158195622
65.699686184731135 108.18494501482203 10.259757004061363
65.58567827525566 107.82606985523765 10.710869076254872
65.56269696770967 107.47483187524814 11.180856393921847
65.640347947014462 107.1371622823129 11.658779896902031
65.84115036923113 106.85125338593112 12.130214742706723
66.208484463917912 106.69254170084116 12.574293783289098
66.571836821171289 106.39839924005764 12.917919925737801
66.916134789883685 105.9949978002608 13.183426160686135
67.289354662241493 105.64017350098271 13.455093083432883
67.643576972549099 105.26824957768169 13.73250306859908
67.997912612451756 104.86425310934584 13.97387791524112
68.447364648897818 104.52494021154719 14.132647052466526
68.963629960789277 104.25666666350767 14.231623135942009
69.474587145071297 103.97881525378106 14.27810851954748
69.975994208365535 103.68171152921074 14.29579743394036
70.493787394482268 103.41270337324609 14.340971567086122
71.019818936333891 103.15814465871877 14.374112645099352
71.535679076075212 102.89240400114703 14.30321736638169
72.04501134821686 102.62846209267299 14.18184835852133
72.559151022779744 102.38317021156669 14.057614085062667
73.094831592111092 102.18021027273485 13.938992838338217
73.629625598728822 101.99099900732207 13.789053683259356
74.103867439624111 101.6821815798401 13.6449091301459
74.583899287124225 101.361391817509 13.548988474684613
75.112349911719392 101.1231853666627 13.466179961071104
75.610778645789821 100.86677306752134 13.287374696846927
76.101139248525428 100.5819792916022 13.157870527816597
76.606128237638828 100.28131269445615 13.165057676518234
77.116376161444151 99.999477496426721 13.122339674147881
77.62397140363943 99.719620261176416 13.050459758094737
78.131611179166768 99.440849324547415 12.977551390304015
78.644294606554666 99.171732876700659 12.90029973535256
79.159133084976986 98.896482022475283 12.868832565672717
79.683390082638525 98.639275713982926 12.89351737179795
80.201958984677304 98.375617148630838 12.942425318223728
80.705473436347646 98.081721006051154 12.977740455700715
81.215888794465869 97.79887783237281 13.006878375366499
81.739524934403647 97.54169850303478 13.037361838883573
82.270084718972399 97.299116928988411 13.065624216857103
82.771601017444667 96.999108067103961 13.08439239648872
83.240731439961536 96.647912834431054 13.134919989093937
83.659815488417848 96.264999939306136 13.277763931437882
84.021732974983578 95.852365049281758 13.485405005930041
84.34600857500935 95.42772177455835 13.724717997421195
84.664887329583465 95.037808545776414 14.019778561875828
85.019826271501785 94.725270645258718 14.36963461685205
85.336972124829984 94.46018987822346 14.779547432610775
85.625899621709067 94.231223584147642 15.236775835463567
85.908473720857799 94.047224701823197 15.72118472179563
86.15091754278339 93.995610920374517 16.248832799529271
86.362421019076123 94.023981620574006 16.798337266818443
86.53037992628893 94.013778992957441 17.35882386612743
86.600276418355918 94.002969687291866 17.939832126822253
86.58347983759792 94.044472471212899 18.526990648905141
86.530736388777925 94.039238096259908 19.107276588605153
86.471747296985441 93.927987057590414 19.679562044279937
86.414464713013288 93.792202615776333 20.247232803904154
86.323980421250212 93.620467614060018 20.797805289441019
86.167227488384867 93.373495302847644 21.307547708006744
85.954847910693701 93.071903666868536 21.763665317960253
85.709198672938271 92.741821904187887 22.180283339129478
85.501737927395325 92.350210418365506 22.559416593472317
85.304680863630054 91.936457660615318 22.923573934222514
85.072904972883393 91.527563211895838 23.270278664579699
84.875680575268134 91.094826713994991 23.607716904661107
84.699268459078482 90.631124209825288 23.921935448509466
84.508415821431527 90.123152206528502 24.149463484005853
84.399527337652188 89.561946692441907 24.280607476694609
84.373557209056941 88.9871092490786 24.394763751579525
84.378480774556351 88.42484858577717 24.558484537177069
84.444439249462448 87.8782715788616 24.758496791514595
84.616513519109105 87.356747156550597 24.96843506955183
84.867981985016371 86.86589862191785 25.167013108892593
85.158505898341687 86.376962741268372 25.301001267341356
85.453859149644018 85.875021498378658 25.370883875006051
85.789875333609771 85.398861812520423 25.403756655075039
86.190901222868249 84.973692172952127 25.460618510762583
86.603855144703871 84.573354113250872 25.585703132591444
86.989788778477248 84.220416402345634 25.846338893234883
87.434125094338455 83.963656258186703 26.138899592522886
87.901973687019975 83.796567552594695 26.453628140257681
88.288770685705884 83.721139512330325 26.890397698004389
88.656151367547693 83.738251470756495 27.348830575265787
89.076589438298598 83.815824591929839 27.749430893959872
89.507217514364669 83.9538958661538 28.126576484518022
89.912183757709457 84.214133640210051 28.460290480227762
90.28755670277468 84.553108314905117 28.762863244838407
90.585572625841479 84.92896084082291 29.09486502579821
90.836326710955007 85.349115675945853 29.416825434012484
91.061321480281521 85.75355440659979 29.772276142397889
91.233048562237201 86.144377559203761 30.175938633810581
91.313785330203999 86.571556959138675 30.56710718903318
91.326253017022637 87.01222202332734 30.951797858410917
91.316794919827785 87.432622444383199 31.358434494865431
91.26209928503404 87.826441893245331 31.792626523653599
91.087148636685711 88.18650606328859 32.217547310955311
90.81965873673704 88.515570064828523 32.624261313230903
90.55024833060061 88.797438113054923 33.061757253987651
90.259769924324203 89.093566503491161 33.470971439835985
89.941882997873293 89.479490987017996 33.779922989625874
89.64941563881446 89.869808737691216 34.107230967003943
89.326800143083418 90.164470304416781 34.493307244389229
88.961650875472188 90.41110506239086 34.881382335094628
88.580961116600733 90.670580182444354 35.241032898428777
88.20134932863121 90.870564270702474 35.635428378458577
87.816008289521449 91.024803373994928 36.049320336182902
87.397574107674814 91.147915063089982 36.439058879041795
86.990356640054415 91.212723078047276 36.852410804054152
86.583683457803247 91.282777598696569 37.264400905132689
86.15031530203224 91.420411492519364 37.637124505661355
85.696657252075553 91.494602265422643 37.995664136854757
85.22170341558072 91.324126336714798 38.357606833076751
84.725345068495926 90.733151712197355 38.741326774456809
