#spline3d 5 120 5 120
77.867220955522285 111.19430624517931 2.3022353213686646
77.384143529449048 111.32986657190585 2.7391788143584899
76.865295969805544 111.44400451402488 3.1758148818383862
76.318122291620256 111.53282907991843 3.6134995973851192
75.750066112349117 111.59244956744041 4.0535892633140804
75.168573682750051 111.61897334919921 4.4974385858304142
74.581120457918288 111.60848695827801 4.9463804505994018
73.995299918908032 111.55701717629883 5.4016441855745798
73.418958127481972 111.46053673942066 5.8642326853343798
72.860380354358384 111.31504752961817 6.3347699092865568
72.328460177467917 111.11682646469148 6.8133265488497274
71.832687983402877 110.86276902652745 7.2993210178832255
71.383035258333166 110.55110359621433 7.7913191487532076
70.989586040881093 110.18175690056789 8.2871149957055881
70.662014601497873 109.75724647810004 8.7836032316017807
70.409152813149461 109.28247818257452 9.2769920133934356
70.23827663179253 108.76504262304528 9.76278108220483
70.154854443002094 108.21442635827482 10.23597478582138
70.162034642262881 107.64144818758113 10.691193559708809
70.260474377069386 107.05728315461229 11.122856359563764
70.448210511787991 106.47258527054052 11.525296808554604
70.720537472801226 105.89657749169949 11.892875728526375
71.070478403189099 105.33667523007826 12.220109595322834
71.489000360512691 104.79800898097942 12.501985154153189
71.965978232683355 104.28394637030274 12.734193204834916
72.49090413595053 103.79623588159413 12.913722467905606
73.053734120752154 103.33578238684036 13.039002127688027
73.645611931127931 102.90294406743092 13.110382833302653
74.259115728900255 102.49777741347097 13.130021405871529
74.88840007216416 102.11994059151813 13.101877091941251
75.529010716277142 101.76844359060064 13.031394904042779
76.177544252293217 101.44138433353052 12.925057658006601
76.831383469395377 101.13565596266905 12.78994746033174
77.488379919724977 100.84712690918887 12.633271277290433
78.146837693573829 100.57085822615581 12.461984201797812
78.805447891851642 100.30173966285705 12.282586133546312
79.463443116732222 100.03510310930221 12.100792453411085
80.120561209123238 99.767137320854346 11.921485099528731
80.777059050735147 99.495190895055671 11.748540875040087
81.433508695262077 99.217563154920057 11.584945816812999
82.090543469941878 98.933127122399512 11.432947020143015
82.748553287750212 98.640868267092756 11.294396943686085
83.407509522379556 98.339626907426236 11.171238570128091
84.066857586819026 98.028232892384324 11.066228455987087
84.725682759826555 97.705955914860056 10.983404053225192
85.382824537646599 97.373396660275205 10.928852089626258
86.037015017289036 97.032846757342227 10.910459493900644
86.686747534851634 96.688769558422038 10.937702621350208
87.32996497731196 96.347158888365271 11.020462535771554
87.963454101416261 96.014639546693289 11.167708092939229
88.582220902444718 95.697012573443743 11.386131268591287
89.179031915941351 95.397951908240884 11.679237003244733
89.744063811531376 95.117822302403852 12.046608969101465
90.265441764591202 94.853841532961894 12.484422801288323
90.729999639629199 94.60051434712517 12.985566030724023
91.124847577603447 94.351578277831493 13.540985701493646
91.439481126442871 94.102215812377338 14.140382811819707
91.667093423743793 93.8507340641236 14.773388795955217
91.806334671158183 93.600166037061527 15.430513262063529
91.861138528980717 93.357802250478585 16.103839485398396
91.840348145163944 93.134193431562181 16.787620735793812
91.756221872727551 92.940992824883807 17.47853294554205
91.622601260217266 92.7886592863006 18.175495150222822
91.453084133861438 92.68370171378146 18.879352820451679
91.25973916666679 92.627329145392878 19.591883582597362
91.051854980815349 92.612965751095345 20.314571988561379
90.836179782150182 92.627234234795949 21.047381533618506
90.616789310878687 92.649471002083075 21.786911626590751
90.396253560429955 92.654689388131843 22.525764299993316
90.176569230983446 92.616060511166964 23.25153624688344
89.960273655057051 92.508495686317758 23.947436874870963
89.751108639399575 92.311813898527987 24.593395488485225
89.554088355661079 92.013626756443614 25.16822445346811
89.374812030708995 91.610143176344366 25.652135951312925
89.218265727984061 91.107170053523589 26.029940215235253
89.087828139898761 90.517552306661756 26.292459847548706
88.98409403053644 89.859663463783434 26.439096003760689
88.905239355561577 89.153644948484683 26.476416455035931
88.847343309489773 88.41856410800942 26.418138947029231
88.805977266838283 87.670289191992651 26.282048485560924
88.777893549941965 86.91995044416916 26.087935364192298
88.762648732662271 86.174153265541491 25.855293288641398
88.763721495127839 85.435888371072338 25.602108924546574
88.788965717198366 84.706213782730345 25.344397923096516
88.849683543210929 83.986215775114715 25.09663414171985
88.959383912054122 83.279023013882536 24.872231557813411
89.131606335652307 82.590643779034053 24.684249689439223
89.377380300638038 81.93102151675572 24.545590215282367
89.703659572902509 81.313027949354023 24.468824398732412
90.110991002285829 80.751690655573384 24.465322875228889
90.593409420275222 80.262280057128066 24.544318226172944
91.13800711641754 79.858506419170467 24.711577309768337
91.726111700391087 79.551005252786439 24.968608827320072
92.334849781409602 79.346497203557931 25.312292777925204
92.939033763624224 79.247400987769112 25.734745270009295
93.513238806017512 79.252570409381761 26.22419549451805
94.03384167091393 79.357643491135292 26.765392389267486
94.480120405629847 79.556270077006772 27.341049294192686
94.836014194218293 79.840417511763945 27.932759322598589
95.089948523335551 80.200964065136517 28.522408832779593
95.235745841148258 80.627466103600582 29.093706862779573
95.271720781001449 81.108092820190549 29.63330484960559
95.200417995581901 81.629260378407309 30.132098601302232
95.027542756021916 82.175630005576778 30.585674904411441
94.760971427653033 82.730341470780147 30.994181769503715
94.409825752281819 83.275513327889982 31.361773335182093
93.983616950350324 83.79304223013645 31.695039471822227
93.491762311721033 84.265587398650297 32.001610225088704
92.943451734868972 84.677221660302081 32.288610868576647
92.347759333698491 85.014458992861933 32.561295460554959
91.7139374398228 85.266203019608326 32.822748096544629
91.051777655141521 85.42403852303525 33.073604221219078
90.371792590556566 85.481602769147258 33.312748218922579
89.685316265490684 85.434136444011173 33.537874341310577
89.004389042707587 85.277840638050051 33.746136183830643
88.341524213170956 85.009390702439518 33.93453344574246
87.709484603384738 84.625652928992182 34.100056142113537
87.121096226850611 84.123532650281334 34.239700852149348
86.589190437484206 83.499938536578654 34.350464698738385
86.126597793582235 82.751778751874824 34.429344740772009
