#spline3d 5 121 5 121
132.24011416626703 101.82565554843285 5.9539263450137829
131.99568592845623 101.49574883740793 6.3694237228274488
131.7180543002307 101.21756128289499 6.7979349051476188
131.40232040344631 100.97160593229157 7.2180034031216946
131.04170694008735 100.73950261356148 7.6071996106201132
130.64769822290015 100.49372153323641 7.9535521294440814
130.24306035207914 100.23355777117344 8.276684755180634
129.82323104737918 100.01074760932779 8.6066394235055004
129.37800572238208 99.812595981734859 8.9208977802767286
128.92831824724487 99.568999046168287 9.1911742079564558
128.46006579665956 99.30806929580433 9.4112186404485314
127.98470767426961 99.066086563565108 9.6363458520777048
127.51261139777944 98.822785847499162 9.8666843023645505
127.03422295283291 98.565589796495615 10.06753744445715
126.5487403612653 98.296210748803588 10.232554873360334
126.05867900618595 98.019766978787956 10.370160555102283
125.57388593039038 97.729952790973883 10.497379202199987
125.10877675616555 97.411108435027671 10.62771989336518
124.65573969680756 97.073288608023134 10.753512205690285
124.19734524025921 96.73689031842116 10.862427437462074
123.73073471015582 96.406205458331073 10.95544099196343
123.25680484577374 96.078968456393909 11.012479187632771
122.77706131383253 95.755021852620629 11.028942221880458
122.29498700756901 95.432641714188122 11.041555493932943
121.81972635010777 95.108077813155433 11.104476502131158
121.34756011160152 94.798636791699806 11.238260163878188
120.87185587547528 94.4933613946598 11.362664609059442
120.39992723163685 94.163373687567059 11.421598218548192
119.94283379059515 93.80883196336768 11.464350463039091
119.48682538059911 93.45331248289304 11.500542947664458
119.00199367526497 93.137901391170615 11.511182412535634
118.48874253971118 92.868306998517724 11.506576342277237
117.96505500817868 92.620892800745366 11.49561343643823
117.45565362982339 92.345691655954923 11.487905142084067
116.95735390548744 92.055887546520012 11.547046669365097
116.43855483763288 91.826551118527092 11.672024664325276
115.89281149842164 91.668636142383775 11.788244857247994
115.34170546039115 91.512253989537101 11.87846482025909
114.80422535747157 91.330357951698872 11.994474867675292
114.29060656577619 91.147888614289613 12.187452934989228
113.79545587693129 90.971833054766023 12.438930184469626
113.31608073753354 90.825655265908793 12.742708254067116
112.87543305965495 90.813920703459075 13.113701202472569
112.49831303784393 90.907885972081971 13.554405878711036
112.20690511975596 90.961789921896496 14.055807834916848
111.99649969000804 90.98813982813806 14.595572757578569
111.84031163271553 91.015033210039832 15.152020776101223
111.69375554171867 91.004242784741948 15.714034991844809
111.58829725545401 90.960545512528341 16.284863918505362
111.61312668824496 90.923492334794361 16.862119271981705
111.72399892292192 90.894026933051592 17.433760957214059
111.83786233237683 90.878832853696707 18.001031329120302
111.91867933180269 90.869841376418677 18.573484154033363
111.97588941886006 90.886279768550111 19.148963122946608
112.06935041446799 90.952268449883661 19.716690601082878
112.14702559488329 91.039506320985438 20.28655206315505
112.15013156680391 91.091420815540985 20.863631716273911
112.07977760380146 91.083726022819874 21.440019170260705
112.02125649371382 91.038800922577835 22.014660227233783
111.99765204321251 90.96895655921216 22.59063506922735
111.9783089509008 90.842002937326143 23.155081695886867
111.95384564662587 90.639000769189423 23.697426289169488
111.91178018648807 90.408672616426287 24.228337896966568
111.85340863158477 90.166980725397408 24.750302339707012
111.79618370966149 89.870756404923128 25.245155459513132
111.730347182977 89.518180312334437 25.703971990973372
111.63418563994603 89.108388614470215 26.102417393244117
111.55871758427345 88.655581095562653 26.455853317427838
111.53092115107106 88.195520708224535 26.808863607983795
111.44385285823105 87.717974308305926 27.121351842440053
111.3155842437245 87.199045819430239 27.357674110529018
111.22195489564791 86.648744553055153 27.51664465423703
111.15758498384454 86.076877786339665 27.579819273580853
111.08496515563687 85.500721227171013 27.595433494126489
111.02965823607522 84.924769184261706 27.614828111065677
111.04353396558295 84.34855415718539 27.6672420880823
111.11991446584072 83.774680456772714 27.719935253057624
111.22833677832371 83.204935836199169 27.733663637146417
111.35862835665615 82.642038147136674 27.696733250464238
111.50582650061651 82.086225478465522 27.633698637193213
111.66274779263401 81.529883471015125 27.616877857768834
111.8156243839464 80.96638084527774 27.643003267969785
111.89311937430247 80.39700755649622 27.720952953994423
111.8625137627276 79.843292138837612 27.887992210176318
111.76740964732971 79.307105273865915 28.11114134564653
111.57956081804686 78.824805154095387 28.389505597701199
111.25676140110741 78.491247077435503 28.749473134632701
110.86394120395039 78.353609007010348 29.171646123237071
110.47940868755185 78.411956150144576 29.610701026413597
110.11638283836696 78.610349641948687 30.018231186968062
109.78781784220442 78.897696317206723 30.401724782991447
109.50368665834397 79.231459265662451 30.779689870686649
109.2237714142056 79.604299440510502 31.122725017569216
108.94651233725084 80.000936287748843 31.446665452767625
108.75231706678206 80.442523851106799 31.770077520352931
108.64703119717251 80.941010921617305 32.047771928575621
108.58053310432038 81.464269976364378 32.286252146094427
108.5433834804325 81.987965167364052 32.549870799965312
108.61398701569746 82.502804544741394 32.812185719393483
108.87143183818252 82.995581664361211 32.983650602048485
109.17639840280813 83.482168475434094 33.101485809746315
109.4648943165361 83.966207657791415 33.226407087198183
109.80449331279991 84.4249161414767 33.311968906522068
110.1967028091081 84.852915506168785 33.363212432567671
110.62742945578326 85.240682177796245 33.385302423647467
111.10130903239444 85.575520043413206 33.389515799418618
111.61014244250455 85.853844432019685 33.381413068392455
112.14869404069265 86.067934297884136 33.360544587075537
112.69835400840142 86.249717226768041 33.354912003303731
113.2545366593409 86.407499812902472 33.364025282628816
113.82479830386855 86.526541147879328 33.384971618483739
114.40129449085518 86.572353062261001 33.455935557685613
114.95325766340324 86.526413310978299 33.627720675904527
115.47392118891004 86.472269744162574 33.880849723244182
115.98366291875324 86.440286449824384 34.158447112383485
116.47512048000137 86.342432076071574 34.448370202318472
116.91547716845581 86.158530640901986 34.778381471774111
117.31497056239806 85.937889195044917 35.139842079616685
117.69214973966143 85.701835645020253 35.510620728479672
118.05573749501833 85.454081686072499 35.875758238140754
118.41579778176515 85.200473527969166 36.219333203794974
