#spline3d 5 121 5 121
62.824221925180737 86.810962095708732 3.7846621496421351
63.132788969496985 86.338161192423939 3.9337921558070783
63.406694522422974 85.844004122258397 4.1025140929333883
63.677424635297449 85.347997427835296 4.2812705083328666
63.978232715115702 84.87085107467081 4.4612089755649915
64.326601250387057 84.422547577817298 4.6273995902453784
64.718279880557517 83.995838273439446 4.754271938679401
65.14231994469489 83.584905275558029 4.8235940061488263
65.609116605929572 83.216607154730809 4.8166049928752424
66.119917006244648 82.921666786587053 4.747220863422549
66.648618552251165 82.668728036465623 4.6569828340109787
67.160471730958605 82.376953806424382 4.6290188441086979
67.652890309770953 82.043283577472366 4.6342640811984479
68.118720039631739 81.681344664249877 4.589172061775459
68.548443794787246 81.282248070567832 4.5047949308699025
68.981956270336454 80.882961762161003 4.4460470112181136
69.434833871096828 80.502262401278401 4.4547990216160285
69.899293646781445 80.135461015872295 4.4901265456245341
70.388220343073499 79.802753416127402 4.47896909147914
70.906560767521228 79.516237844693123 4.469372627837136
71.433110420045665 79.245955520509085 4.4919906080394929
71.966039951440095 78.991383338744498 4.5082505190588522
72.510063584373512 78.758007536848751 4.5069844217739918
73.05179339998007 78.520098939801471 4.5360869674006885
73.591750481798925 78.293401129159363 4.621947253707746
74.132391239920537 78.087958927881076 4.7477592358025609
74.665222633526852 77.869571981218115 4.8883169054283311
75.185138140007879 77.650171069329247 5.066851161062365
75.69985148708939 77.492804442184578 5.3134765671624544
76.197288925845356 77.355997073083486 5.6068952345955765
76.67118678375806 77.204479210562866 5.9279851934587837
77.117139498207919 77.064738148913293 6.2899941147435721
77.546813419627355 76.954948792215475 6.6821034806075277
77.963863949060951 76.85467754616235 7.0910756162360844
78.352345961741335 76.75987622415974 7.5291733968285746
78.677906416731375 76.667807576787354 8.0141341138210649
78.94101853171054 76.557099810289529 8.535213148178606
79.17620624378408 76.473018346712465 9.0720017454496418
79.401729587930475 76.461648378475104 9.6188931501001651
79.635257933092575 76.487746734876069 10.162572578743555
79.875257814529135 76.506863044017138 10.702563050317748
80.093162070640972 76.510013562133963 11.254460958787908
80.236604804488863 76.508257267408169 11.831426353375058
80.271762155151094 76.515644965152205 12.423089286264375
80.237381317930556 76.495933160088555 13.015126199586046
80.187944710374907 76.448713304951724 13.603656491781194
80.090621602063095 76.445824936559944 14.186538968197075
79.935374543765832 76.485447551825246 14.75767855901289
79.748869880917795 76.53030151575615 15.317744755989516
79.566110814240957 76.575866139845459 15.879263173780437
79.433233901911194 76.619211032998749 16.454532956331168
79.37055359081495 76.631874991496986 17.043716386994742
79.351603696377964 76.633356095054509 17.635707616554303
79.357152614269211 76.632322014844732 18.228650093533005
79.393332087065644 76.565630775155583 18.815953450290632
79.487283370855579 76.416040052025267 19.384165140016123
79.623510658067659 76.218486864491766 19.926610281104352
79.768418086052847 75.986856311471954 20.449203156646124
79.919390721310933 75.732729998105953 20.964241871560166
80.11568429400198 75.444966975168512 21.449088573346348
80.37478067788183 75.059079296290093 21.821316184756505
80.666378275485741 74.588271354927727 22.057742527037103
80.958579172272536 74.081382804838768 22.173424579068413
81.215146413077164 73.550793470358087 22.198411103036072
81.434963767315722 72.997406410932768 22.160761770742482
81.659243899763283 72.453567143092712 22.062632942891408
81.845935322670158 71.950993436899807 21.81393962821598
81.896499021490342 71.433208327505383 21.517932364105182
81.786008607141611 70.884575529969155 21.301575188572905
81.570600143897209 70.346180829651701 21.149878832967421
81.336417704689367 69.805671590705913 21.090861101759792
81.081972920217225 69.273201826054148 21.119336904345896
80.771034068109273 68.768861156122043 21.142389131072679
80.448160076233961 68.266417161807595 21.153313565734322
80.170167371826707 67.764809098613611 21.293516972622179
79.938460303051272 67.293255855658884 21.581563577217398
79.750848244094954 66.839935050672864 21.921233256226515
79.653807200316635 66.368305098676643 22.267194850884152
79.679312126260101 65.904030491991264 22.641022206311533
79.823646661831361 65.495323706851678 23.052305665099201
80.063468645115137 65.153678032215169 23.475365152825603
80.396555573899349 64.882257642870726 23.888843420658194
80.812740739843349 64.691970668791356 24.278183001892057
81.310047918491975 64.630707767925657 24.598450644718504
81.860231855027948 64.692936886386931 24.834272276131369
82.415784863905571 64.835960089171834 24.997620124882591
82.952023633724792 65.073490938694775 25.083348457220769
83.445064757467023 65.393864647845206 25.179918609376941
83.878558012368842 65.738151908101003 25.401127422052994
84.246105881496362 66.080125012480153 25.726664348124231
84.54721969653626 66.4296428776791 26.098585578379097
84.803370148831235 66.833712804171327 26.440173512526066
85.036578337311155 67.271556750157259 26.770472410824269
85.220087959296762 67.696885776658561 27.146881031562163
85.226821277243914 68.163968629069188 27.507157438452399
85.086338538333209 68.659824467799339 27.823255855364788
84.855462448109904 69.126496227877254 28.108677308499828
84.561396762581936 69.551230743216635 28.395611433312673
84.228868335521952 69.962167348102241 28.660593540826522
83.88045649517629 70.380622379433888 28.89620542463657
83.512216178896693 70.77897017590432 29.134586348713515
83.096233250904945 71.101277786528314 29.406111149899814
82.650331243578464 71.372291007428402 29.689149603898986
82.175825720949604 71.625044197082644 29.933226508485401
81.690318172927007 71.863554491435366 30.17721152630563
81.185973241239481 72.074045021603908 30.404847242557278
80.627645011908285 72.235558621333624 30.529588263119095
80.0453643852493 72.331549051480863 30.61878808302605
79.470894324198184 72.320272128707742 30.749264799347703
78.90195896665854 72.284452365463252 30.913289398282135
78.333962303323446 72.279477817486693 31.079705938606072
77.765995609817452 72.215923502648522 31.224947089940432
77.199003906454081 72.099604375488809 31.368916439866659
76.656977254681408 71.980601344385093 31.57885364719823
76.181426282469602 71.862231618740196 31.912886155013965
75.767714442752393 71.727232349629418 32.319991967751811
75.363775600803024 71.583642657474698 32.726969333259696
74.926420876367573 71.445243994727065 33.098521877841236
74.485287462981091 71.293002156594923 33.463061529718743
74.08375350599195 71.10395769800725 33.859886322869606
73.763469497570213 70.855842047058275 34.326961253027093
