#spline3d 5 121 5 121
75.682982072856902 112.47987540232477 2.9194383993889237
75.40948269724646 112.42418336671412 3.5779076105563861
75.194054291231069 112.40132322584658 4.262059692278438
74.990737324095079 112.38070661604156 4.9520674043115829
74.745080082077649 112.3138916848235 5.6243757054574957
74.451675725830356 112.24634681689982 6.2768253265340617
74.153743824676283 112.25231266647489 6.9330285319415417
73.868976228692546 112.18871090128889 7.5895836858984351
73.543110141049809 112.03688929709089 8.2137452473745274
73.203094540411783 111.91285191608321 8.8339525747064176
72.889586210394427 111.7812104250025 9.4704203404013061
72.449171653244861 111.70090458751839 10.033364231832808
72.085403639101159 111.5430868258013 10.630745499338564
71.727900208496067 111.32538613583765 11.219242979411007
71.413018509646804 111.03988502045918 11.796625317587884
71.108643080183057 110.66605982145141 12.33953917916414
70.883791999985007 110.18240416942521 12.823642571027891
70.718042368666659 109.62754106321619 13.253587069987045
70.43393988093402 109.06467874210044 13.605804161547805
70.203050858933182 108.45973657233851 13.917801991762168
70.042339820198762 107.81245241675121 14.188016103398004
69.948850760038098 107.16235411617482 14.503208973999559
69.999908268854227 106.611726181725 14.975887190188098
70.219316504202993 106.13611268295827 15.482473724324658
70.57151281215792 105.64539357229677 15.885089687532828
71.020912786542581 105.15549797195172 16.1615757755219
71.537043497175006 104.68340014627837 16.339085415850708
72.060946869704054 104.20713076559682 16.47204814619522
72.641647465121125 103.78370911648354 16.522589071663688
73.280350223335006 103.44675297291157 16.493440528858741
73.932928376115328 103.155558947389 16.398246250637239
74.560143648791438 102.86949237037986 16.198044326624046
75.183118774960164 102.57836553153413 15.978823343909163
75.845670236430593 102.37225793830484 15.794105413968419
76.496612360459437 102.22402932227834 15.522182149864813
77.11337402619472 101.97972637934333 15.240348913494172
77.770696112851311 101.7827317146857 15.028239316825424
78.439712373119562 101.62845746548821 14.811650056040694
79.076423076128279 101.43872726716772 14.534824885491689
79.725570300709563 101.3374488203799 14.242373122566859
80.400905084707532 101.21455672689963 14.028538619014075
81.059490645970897 101.05195856007428 13.790012973985698
81.710949963525536 100.88189954184084 13.54074961178264
82.365476233037057 100.66823443664831 13.332659762721939
83.023331184992742 100.44353134159695 13.146548969526682
83.716952776079722 100.28075732743706 13.040162940681547
84.421546560796401 100.14371075970105 12.997205946117266
85.120715988469939 99.968249558620002 12.987341760734104
85.797288866723747 99.735710123336219 13.090097086099554
86.43589092978111 99.476441111450171 13.300436695084672
87.044228767225434 99.177203054818264 13.537055714496908
87.636895198288769 98.842284325345673 13.780520066295056
88.156441060433153 98.520819812820889 14.158262809518074
88.629574345779162 98.195991108573196 14.596019614192448
89.070855808941843 97.839563067491454 15.038706485856013
89.441956592540819 97.526725920219079 15.572393632799017
89.732841329713409 97.235356299932704 16.164287340808723
89.948603904572678 96.885765176916223 16.755712009562735
90.101023724594071 96.556574283065672 17.375891731882913
90.21762897266035 96.278498709774198 18.031192389622582
90.255088695298667 95.959560211136136 18.673549749290789
90.239033686748954 95.609476464336822 19.301981767730737
90.234751830028983 95.284828043543143 19.943434107023329
90.213499350532388 94.959888023494699 20.583568783308884
90.127688423138594 94.559461642164152 21.175398814708036
90.075053333499014 94.198730086029272 21.796257768543192
90.042723286658614 93.776299379256486 22.375559359780322
89.98477156661572 93.323278704143007 22.931875738167133
89.94193619017426 92.897897829244087 23.509102492707669
89.952528107401207 92.479263303404323 24.094054024581425
89.830435401980679 92.107628069116856 24.699961081263133
89.670082128325461 91.735914955765153 25.30294060518105
89.637969822705045 91.189584142042605 25.773871695139498
89.586099212021963 90.630868585123011 26.227298120021963
89.500859910011911 90.067603488176104 26.669457969678074
89.385106579508843 89.411711567750459 26.949458594520603
89.292058673725975 88.728178481395034 27.160740872334696
89.247776661492694 88.033914286655275 27.338825242034112
89.079783255202244 87.347069586266016 27.486455128856456
88.926271980850373 86.646982846542343 27.538885949876033
88.859895092213876 85.929901701632701 27.560582366999366
88.794094317866865 85.219265046773558 27.652827054568824
88.649342888495426 84.513639571977549 27.670132515662782
88.515005268224755 83.808533671676528 27.596309679443866
88.495380510101512 83.09986672365531 27.475924847083448
88.506468245042626 82.387229712135891 27.35949249430023
88.557456519590431 81.709138229297096 27.11978972843799
88.71406831555413 81.042135571820339 26.892886023461703
88.908800051242892 80.337172496195237 26.905160152957219
89.163958592451223 79.665237567998446 27.025823279747254
89.517459012537131 79.105179223041986 27.326795809684139
89.937080342691161 78.687192194469958 27.759178993683403
90.434633357182719 78.433693492392607 28.210704132155406
90.952432337825059 78.249204240008197 28.682572226958307
91.444899805535599 78.169978426821842 29.202892403794227
91.874058313088341 78.283532187938974 29.778362715164445
92.253832350155079 78.462924558933054 30.370257848297928
92.553891284287999 78.798102748886336 30.926037621500424
92.770688535013804 79.205647701707932 31.500611214286593
92.822512820525034 79.699870640993765 32.02314593931726
92.637595495561101 80.262914767125011 32.457426358138676
92.382546047557412 80.75297177055468 32.921573284906763
91.997148844287722 81.110277005806196 33.416898404713628
91.53700250571778 81.46061303305477 33.851750393930885
91.008586524397657 81.770169675191255 34.236715209867306
90.368898318093812 81.953342136002277 34.519079520477263
89.725089249819703 82.153006030450655 34.767968854883399
89.095645800879723 82.404284138173097 35.008885574010009
88.466815457897894 82.601956496166309 35.298432938507169
87.828529090888964 82.715415698675372 35.6088583050051
87.122791373249214 82.789754127436325 35.775562310591184
86.410430139896945 82.667349784891783 35.909685691614349
85.79501038850222 82.275311248330638 35.981923566405655
85.275559088903492 81.772938016172134 36.011556292493879
84.791528885995262 81.260520019388736 36.139890019923911
84.340751629291233 80.714754240980682 36.279615844696693
83.978590302596913 80.092535605179421 36.349674684137149
83.746747399657451 79.412542804669158 36.407221073442713
83.580979493300603 78.714630350703658 36.485499010263304
83.419032781117892 78.029614859910765 36.596761214472309
83.196472405194072 77.389885336178395 36.755420508530051
