#spline3d 5 120 5 120
119.70162238703894 88.916839737811216 2.4694665868303476
119.60065343997101 88.192416262382736 3.1737399430394961
119.3901304523603 87.537428789978861 3.7893886577711355
119.08163881194248 86.944295302669644 4.3193730018401872
118.6867636020022 86.405433895798964 4.7666533697782052
118.21709148851718 85.913261301247161 5.1341956503854043
117.6842108770157 85.460171514749035 5.4251268911133348
117.09971150308395 85.038496727240513 5.6431172184283378
116.47515493844161 84.640465551048067 5.79312986641931
115.82198945259394 84.258210442503568 5.8818286494320979
115.15127216028888 83.883823660624472 5.9180169021405327
114.47335431565922 83.509531134857497 5.9120077630896981
113.79735742880005 83.128013934367033 5.8749793342331387
113.13069450235734 82.732879305444797 5.817828034644716
112.47877126885254 82.319049849166277 5.7503441505300978
111.84450248100903 81.883374439903164 5.6802865187411289
111.22860545826985 81.424616277343858 5.6133828582070597
110.62939862027586 80.943881684754942 5.5531499243646136
110.04345102121121 80.444252128904381 5.5017955299023429
109.46601432877874 79.930596707408924 5.4610796471262573
108.89180812570218 79.409084919733417 5.4335576873217093
108.31571766907427 78.886644565694539 5.4233023410313628
107.73369733806432 78.370426379571285 5.4366007903659641
107.14329940189199 77.867242958178892 5.4815001584801104
106.54442446393733 77.38303072063502 5.5672798205692162
105.93947339986831 76.922509015867206 5.7031132639576638
105.3332971018671 76.48901703453555 5.8969792179711744
104.73296643343211 76.084384664815673 6.1544421533986409
104.14693995320496 75.709242418984715 6.4784691634397289
103.58437465721825 75.363134864173929 6.8689560527881106
103.0540430800619 75.045026558837478 7.3234054902778292
102.56333681878685 74.753643573861353 7.8372914831088698
102.117165311699 74.487868945981646 8.4047215800696016
101.71745131676816 74.246961427289349 9.0189461562798812
101.36231045547785 74.030855389667124 9.6726571005713904
101.04672367322878 73.840238380961964 10.358302273355203
100.76288365574297 73.67681116342753 11.068287836263634
100.50190041180014 73.543301609696073 11.795266770720987
100.25536130215028 73.443451121991941 12.532403225229936
100.01734961583165 73.381852493838764 13.273758150701694
99.785300755643789 73.36353069499097 14.014446422864083
99.561186273441294 73.39334286743393 14.751098557683678
99.350801249370306 73.475064785941456 15.481930953501973
99.163216005678578 73.61012374365329 16.207067444204863
99.008909623987918 73.79607365749952 16.928542483510995
98.89787739205363 74.025653238843347 17.650025226911339
98.83684952568349 74.285242536815346 18.376298070076686
98.827834867265892 74.555690846680463 19.112161701773854
98.865837649110873 74.812265996585865 19.860987491607691
98.939206533903999 75.027119314537487 20.623124905614009
99.030405072505559 75.17157024612483 21.394376467508017
99.118541653888656 75.219622632666557 22.164502152130957
99.182570356310208 75.150305355775771 22.917496684207475
99.205114767187879 74.95109331188732 23.631492472219794
99.174877198684243 74.618430421188691 24.281152084101137
99.089021728881008 74.159268821640921 24.83974001468432
98.953287319685913 73.590191280323324 25.282402451560024
98.780616217969524 72.935584726542444 25.588476810897017
98.589399342789562 72.225636517723856 25.744476893954769
98.400085066896793 71.492686996828354 25.744239841711586
98.232549973690865 70.768220401087888 25.59030646413369
98.103707478345697 70.079699525259713 25.292538237325925
98.026317478593839 69.448375566920262 24.867088045658939
98.008517431372994 68.88723284807881 24.334780643268878
98.054964583751328 68.401529121790887 23.719052602253456
98.167617742961824 67.988274529823883 23.044652751952448
98.347268058509059 67.638484372217746 22.336421055269369
98.594289957328328 67.338311883355885 21.618855644038874
98.908934876162306 67.071137054904909 20.916132837062161
99.290967076845433 66.819241210880065 20.252333423344464
99.738490104570857 66.565719075957389 19.651392182777155
100.24703786379659 66.295877459476017 19.136604363601322
100.80795899473122 65.998962278379835 18.729359916256737
101.40790876314117 65.668633064259367 18.447599297063544
102.02860681702529 65.303042507469726 18.304220230455641
102.64733293883364 64.904307099483859 18.305210554930209
103.23863848013721 64.477171666362366 18.449695497382017
103.77609543480159 64.028255641214088 18.728971363993892
104.23468255956328 63.56509040043295 19.128297114125729
104.59294019494453 63.095886416163225 19.627948267068163
104.83491473609352 62.62955365212116 20.20550798551643
104.95073799812002 62.175854054134753 20.837769372740535
104.9377461730266 61.745752684870901 21.502573903053598
104.79916726208243 61.351325045275168 22.179739579827821
104.54412452431676 61.005744311148405 22.851934165770224
104.18611486238352 60.722662258154791 23.50458543292044
103.74206108608597 60.51550011716045 24.125654134607966
103.2312408045434 60.396323450310589 24.705452910256827
102.67397619674333 60.375184564076932 25.236227753233415
102.09047143498647 60.458843809027073 25.712629626571008
101.49965135124931 60.650261580233497 26.13196897744951
100.91818404196032 60.947553780333514 26.495173228312879
100.35983074104686 61.343489587357858 26.807683302904056
99.835508664124319 61.82595087309798 27.079608053460294
99.353237656148977 62.378363521161319 27.326049219778721
98.919030616955283 62.981719183466545 27.565358971917146
98.537214064747474 63.616071047884823 27.81758733797243
98.211120269998688 64.26257773383135 28.101578080233992
97.943427897183582 64.904870209388548 28.432649755002203
97.736387349871634 65.530388781107959 28.820055175414886
97.591926962473806 66.130222272333825 29.266885221002838
97.511575392026231 66.699347039963413 29.769393726990568
97.496408680124077 67.235384985534665 30.319094792022074
97.546853985133595 67.737838088673712 30.904240283558373
97.662409464050043 68.207030417811708 31.512191563314293
97.841451914646001 68.643537723019591 32.131035333300844
98.080794069889663 69.047965089534515 32.751163012120195
98.375742605993537 69.421019708890583 33.365599485695398
98.719859028578952 69.763761997145039 33.970602714960869
99.105300832076296 70.077860979596366 34.565159481067944
99.523124609248001 70.365799519300623 35.150546950783735
99.963748506744892 70.631046758758316 35.72966304907392
100.41738095985964 70.877917319946704 36.306281504807707
100.87428611692465 71.111466521556082 36.884661228920585
101.32487856148542 71.337110190624188 37.469226904756589
101.75972151827722 71.560425251956474 38.064474481803096
102.16945943987379 71.787012880048067 38.674911126138824
102.54476543589543 72.02247801316031 39.305043310395796
102.87631431281504 72.272425045509692 39.959376721193102
103.15478073743634 72.542458524649433 40.642417208973868
