#spline3d 5 121 5 121
70.424863747049415 83.048674410236515 0.2311975464571078
70.89301864707889 82.757080928524289 0.24792078825524053
71.353026646248807 82.451895682747278 0.27468011550569926
71.808502933129674 82.139006024802185 0.29869550233488978
72.262923100260139 81.824068356222625 0.30641519764882841
72.720450112273568 81.513996657934143 0.29070526899335569
73.17719145966673 81.20381035425369 0.25230828077801509
73.628902898215699 80.886403315547796 0.21961974202976114
74.08005536130301 80.568216694109751 0.24684293249225978
74.525540334748271 80.2423425354133 0.29432385009302214
74.96175323132772 79.903129638518536 0.30533941874245707
75.390394562094187 79.554026738636964 0.28060840631194034
75.812350700737611 79.197204332630349 0.26015687612600508
76.229064349793845 78.833605838715499 0.25673292628265981
76.644128978957795 78.468689491228602 0.2743049085185556
77.063457977000397 78.110576678744664 0.314046847512856
77.49172987654913 77.763616248823752 0.36234561560727413
77.927690269235327 77.426502705777011 0.41005848343095413
78.363533350131178 77.097321682653416 0.48805534753567065
78.788947248233711 76.76116901422796 0.60613973542785837
79.195457243654886 76.414652024986466 0.76269765357833097
79.562684906346362 76.095036288777564 1.0265453242917668
79.890074327829126 75.830140349366346 1.3966882716698032
80.197925071370435 75.650307814248336 1.8259062936939354
80.492053406785985 75.580747258902846 2.289660193805751
80.732433957910928 75.557632905739936 2.7896630993363778
80.903142223892615 75.529667615546543 3.3163379276042999
81.059629121464823 75.550235060551543 3.8460149597871829
81.196715983373252 75.614973536799056 4.3775944688504245
81.290648007422064 75.675856552903312 4.9194880380647525
81.350693384324259 75.733953341582165 5.4676818440880703
81.414776366863151 75.832152000779658 6.0076240678007267
81.508802887146899 75.99948730360444 6.5270637248771628
81.579593147646293 76.161634605563847 7.0507324446414801
81.629846861066341 76.315273810118128 7.5798985818800571
81.7025015909243 76.515463537754258 8.0915573859177652
81.792710673568607 76.776966283291159 8.5717836347132561
81.87628176423209 77.095237854264539 9.0156692602173063
81.941235862496583 77.414311605949962 9.4659496454082568
81.976984628049209 77.755946498210662 9.8995273790408422
81.986332302459743 78.1798887986495 10.254008949755839
81.97509989470916 78.630031605349259 10.57771755105254
81.965751830251435 79.074145751043787 10.908781221802867
81.95783067670672 79.537003115238988 11.219171692881487
81.837356864494453 80.013608009367616 11.468785370003483
81.581682200193185 80.446190921816225 11.719901257344302
81.282324986007552 80.806992843220002 12.024699691501828
80.913168111023396 81.07152272818486 12.340275442940479
80.486682736201601 81.258494465870172 12.645331761095646
80.049575856780606 81.387192846312914 12.959794941330374
79.619210073654614 81.452671338586072 13.304626982430104
79.203194784665158 81.446827748285969 13.671172956248652
78.784917851995971 81.340973905677401 14.019149192644603
78.357441054887417 81.170588695456217 14.336005841555892
77.97090584216707 80.920150733721883 14.644935141385231
77.663152257771813 80.56508323997582 14.94256393566242
77.423112358377551 80.130961849926635 15.206035263214552
77.238473014630628 79.639183835404481 15.376319549028347
77.119061383428971 79.103970706097684 15.472654723150848
77.04798678467732 78.559394328979295 15.552672740384779
76.986385657264009 78.011732848145144 15.578721932499228
76.918527851451529 77.46375711643212 15.540149134871124
76.846697825276891 76.919507221226141 15.457536173249384
76.803985889267381 76.371765548877619 15.395526509015944
76.85040119145107 75.818514049679749 15.389160054396802
76.970629162610336 75.279904748011802 15.334903406002526
77.108120540624114 74.752469049708083 15.236900789437415
77.242384109899362 74.226101615395379 15.133234846642516
77.402196000138403 73.706199377734876 15.031004961730947
77.613408416722734 73.206195239650015 14.92701963714541
77.876875354403793 72.732168116688129 14.812720761105703
78.166533808905868 72.274217377514631 14.686203800978561
78.512144477664918 71.849737043491501 14.616636420509083
78.921365444278791 71.472718674127918 14.610998976256827
79.370713578988145 71.144836554568499 14.615040585018193
79.845790644314292 70.865151641763646 14.635242294577321
80.337178817464803 70.620514716905447 14.705115139114531
80.823367013396663 70.370409995163243 14.8060900815944
81.299486878938339 70.136726077325591 14.959158288267684
81.765101712718931 69.937734032514356 15.182592079033126
82.214827677397523 69.731418764299548 15.432422020833121
82.643056671356049 69.503377955034892 15.697815400227602
83.047024006016812 69.261958026008557 15.98759936639869
83.430584524681322 68.997863691388858 16.286224463193683
83.807726436394987 68.735781367199607 16.596838312357722
84.202717307665296 68.556426584177885 16.943168796962077
84.591755924883472 68.47211197363778 17.331247494591537
84.952147387979934 68.459088005935243 17.754020616916332
85.27620183234761 68.494614552947837 18.202451051336961
85.55812944718916 68.586243714230733 18.671500146088409
85.791370956436651 68.758897496709906 19.146510386533627
86.005420044793922 69.018671517637856 19.585782898485245
86.192438800056678 69.344394805794025 19.995475485145462
86.349823340212211 69.711899263313498 20.382879672384576
86.478419899271302 70.136561703873127 20.712717646622487
86.552461604078161 70.612051598412265 20.985741235202727
86.605085832162217 71.083470668514295 21.273296975901491
86.642418521443716 71.544191943318069 21.578009805175583
86.589077670731399 72.023950769996205 21.848028397909651
86.472449901997393 72.515709592442946 22.081076386454065
86.324559047472661 73.012381176777509 22.275108931660213
86.156106957852558 73.512094601788817 22.439951808150223
85.96809302935209 74.003828718368283 22.609857996325783
85.748611415193437 74.475495436664545 22.799041643252501
85.492139381771963 74.935988858828651 22.966352360099425
85.201255399430337 75.384434956568384 23.111065610440058
84.88543336574088 75.821868258199075 23.234248531341983
84.552430136417485 76.255455660480479 23.317445850546971
84.189668377178435 76.66871320243051 23.383765688815494
83.792859724192226 77.049171148526611 23.458544226792874
83.439124071592886 77.470257924036545 23.465402680227129
83.119963117657889 77.926313443192342 23.438788150846978
82.756091819525665 78.341611303940354 23.449182636835964
82.335521235692568 78.70126258467765 23.489836855169226
81.934728742744582 79.078276992627508 23.546757945938314
81.587469393504023 79.501579249272098 23.63339787935303
81.272458647523365 79.93903936483197 23.759598424941707
80.9761204872555 80.382205516316574 23.906840077424015
80.698493798950395 80.834010918426301 24.062387302474168
80.441188757922419 81.298033779608815 24.218657072401445
80.205447964392647 81.777701441767931 24.367321439711873
