#spline3d 5 121 5 121
125.699013179879 109.57068364624358 2.623867751637845
126.12042111889527 109.64682799407957 3.2317798369466217
126.52161432838142 109.79200493509747 3.8420101660760615
126.90549279079418 109.9407113316912 4.4626787989708747
127.26247801508464 110.01786520614345 5.1122963221735045
127.64459636232522 110.00843623470206 5.7554072583822444
127.98616144982552 109.90824515340266 6.408465926397084
128.2237331762565 109.86669141300905 7.1161908355936792
128.47464083742335 109.77802730488558 7.8088561455469847
128.7092696951012 109.60612653774292 8.5004406212748798
128.83703549776345 109.55414394871021 9.2329234263291458
128.88577949659657 109.48649799225764 9.9773089630794605
128.89378363693874 109.28969407366451 10.698381364241438
128.87926028586676 108.94173374622962 11.368789584808367
128.7658572373621 108.51349012454753 11.9625908003754
128.55251704727422 108.09651913620581 12.549295780911727
128.38509963216973 107.63698383088852 13.111326947791111
128.18473046030894 107.03370674526451 13.51137153385084
127.91623505022089 106.46618521159191 13.91731249690652
127.57260321306906 105.87899307239 14.225553867536522
127.15715108945953 105.27963265271114 14.396980817467071
126.75030119335514 104.66810031251593 14.515290969512034
126.31628981819165 104.06801048142044 14.57846020758612
125.85732685242937 103.48003795985956 14.627721994812905
125.48502073330047 102.83568695458942 14.594418244798206
125.07513101023251 102.21606761688332 14.545816753550255
124.56209728209079 101.67463668149479 14.452498428038233
123.98663861038075 101.22394909791039 14.307346119787512
123.35786821681786 100.84248494513923 14.187621004176775
122.79355500791628 100.38941885247496 14.009065999488071
122.21316054926993 99.956543626563715 13.835693161156032
121.59686170832765 99.562356215693669 13.695564779166887
120.98168235834981 99.159306728611199 13.582436344886675
120.36051926500382 98.769278006398253 13.458813654943429
119.73282751326154 98.391643373198093 13.326949719440892
119.09669138773468 98.028207779480823 13.192054199179957
118.43665124524489 97.704165786129366 13.082046495970543
117.77795757305819 97.382831401449295 12.95315827656351
117.13143629178926 97.033113671922166 12.803012390649611
116.51066893434948 96.619294342700627 12.865827258047974
115.89503743544162 96.213457646702111 12.984782330448411
115.2488793121492 95.845825913194034 13.014784499582262
114.65570548476427 95.400908475420735 13.104719345856708
114.05699606497302 94.988559738391203 13.278759406807538
113.44726303103289 94.666435608103029 13.564523600123396
112.82721706213071 94.416086045381562 13.905562606936595
112.27143815128049 94.205859983518494 14.35274587411836
111.82853054286535 93.992080985078601 14.918924103375121
111.39350313345514 93.782774143602353 15.491164394710475
111.11592971105262 93.569136065905397 16.151863493288953
110.94848573901922 93.430474296449603 16.868031058840142
110.78600463765582 93.37469326828068 17.600288726521917
110.77177582011832 93.174596235075825 18.316769268423862
110.87962848738862 92.928266478880232 19.020515645434401
111.02389146965145 92.697134652129023 19.712570772055869
111.2988536720348 92.390147483296431 20.335812547050605
111.50244731933105 92.056631468067408 20.970984780475657
111.63967211336588 91.774872275836188 21.649075567951058
111.8059561895649 91.626792483625366 22.362161316428061
111.92858859439389 91.515170670292804 23.087897912637974
111.97056903511637 91.365769314664149 23.819170894829835
111.95966621620869 91.151359988451958 24.53224039358059
111.99153865848261 90.843571814153364 25.209462008361914
112.05097250333176 90.521740401166923 25.884658017080838
111.96070789849489 90.190626154025082 26.542843148413699
111.74005262817364 89.849074489318312 27.177948195481488
111.57995415236975 89.291216253637259 27.677750851940853
111.3227998363496 88.623540021905512 27.932081121772327
111.03458590712694 87.920171502713188 27.961251189010461
110.78792939485275 87.23117889915973 27.785971609493554
110.51339251150269 86.639698948946233 27.399814688990496
110.24623637074228 86.166740831510225 26.882850944733018
110.05749123786853 85.845402477356814 26.22761905421444
109.97048109508225 85.589038444520099 25.523759875004536
110.04179999039927 85.443456962832741 24.794706631487678
110.18704636603779 85.407034777076547 24.062115988025251
110.40228664787317 85.374943283842441 23.341057299792801
110.82119017166491 85.309345255461253 22.721399483520059
111.37052039399369 85.213738311600309 22.214911731174432
111.92134322789411 85.038764541464701 21.749180796070952
112.50904719485688 84.79108274625726 21.362772240361821
113.13108252660803 84.490573196456566 21.05048485010844
113.69296108942878 84.003822378394531 20.915609825475354
114.14800749729709 83.406145752875631 20.938934593120777
114.58341743907337 82.800275648335159 20.955457085268645
114.94171525678289 82.155155485755756 21.065974821547879
115.1350564479682 81.475414327416956 21.354250417539124
115.15276170309042 80.797519414518476 21.666118786895751
115.06027561680287 80.134528037987096 22.002988744084824
114.84969866870644 79.544221579799512 22.410695608714743
114.50418651349759 79.040857260756624 22.842652028952688
114.10438562095202 78.583872271239855 23.289588425745809
113.57858510090448 78.313543144410062 23.750777268142794
113.04944480803856 78.208942512850669 24.276522077656871
112.48093897269341 78.177547544300467 24.752159973522495
111.82303972351009 78.194160922648294 25.112233967541208
111.20624083248902 78.296873001134472 25.515556452951305
110.61181483581041 78.405173578086576 25.951488704917569
110.04608033774136 78.565016119286142 26.414813913511079
109.60246627437841 78.803094144971169 26.968162743045706
109.23643725791565 79.145145292600205 27.523675372352624
108.90368818179155 79.542023187871038 28.059210739620692
108.68223826090612 79.973355617459688 28.624827062223826
108.41949734024919 80.403681848990871 29.173104829565485
108.19012771234941 80.848949896457086 29.723354917656764
108.06550169206353 81.338303236390715 30.277775068773366
107.99676172010312 81.755121770041754 30.891321087043671
107.98888744168275 82.098151390396538 31.550785142094607
108.01229072875365 82.584745894593098 32.121367956282796
108.09524570425748 82.990788837831872 32.737871913409165
108.18366363122756 83.390083642427683 33.360711289974923
108.29984668894838 83.86433813458666 33.931267754746337
108.6186100190818 84.301690790408358 34.450101034655155
109.02226632451807 84.647503463271633 34.980753682743902
109.39460936966091 84.921887072224891 35.561034338611485
109.7376453598673 85.077259385514907 36.214755034049283
110.16455561870207 85.202426985545316 36.812437364882939
110.78895211363761 85.254773908034963 37.242077641784121
111.40831912970945 85.161682416880055 37.657479555010568
111.93049346591042 84.909341614176299 38.129553459256769
112.24200873289101 84.479946199710866 38.746052400804501
