#spline3d 5 120 5 120
122.46699235468262 87.744855562092695 1.7753030121189013
122.6475379114388 87.438502554808451 2.2664793107126706
122.79937638984927 87.082290891755832 2.7551308460981359
122.91814155719418 86.683611398664567 3.2364436993302479
122.99946716372041 86.249854803257278 3.7056037451980943
123.03898721430176 85.788412748317342 4.157799404070821
123.03234217461856 85.306684417397719 4.5882597298490708
122.97523155510567 84.812086030907039 4.9923892566218484
122.86360729328015 84.312037979558298 5.3660428694550104
122.6940957195515 83.813870123406318 5.7059179437795651
122.46462564287586 83.324574401053596 6.0099520794932682
122.1751075297781 82.850376824662803 6.2775811864016955
121.82789128427741 82.396195181036362 6.5097039183842789
121.42781176318432 81.965179010511122 6.7083727289475696
120.98198677366226 81.558309471655249 6.8763901024289398
120.49912786017907 81.174378580622118 7.0168378822934638
119.98862944492505 80.810332793693718 7.132751441428721
119.45960844930507 80.461901420882853 7.2269673247611914
118.92007813706509 80.124350288695979 7.3021146829622872
118.3763650930681 79.793204381922109 7.3606885211875221
117.8328141748086 79.464821933599353 7.4051762282919569
117.29179611934175 79.13673197552923 7.4382292488325374
116.75399416371158 78.807676222362034 7.4628188821168386
116.21876931130684 78.47748997006309 7.4823531171517885
115.68472587112694 78.146731260131631 7.5006560986814792
115.1502682215184 77.816255212536063 7.5218122973706381
114.61406249156526 77.486887378757913 7.5499292585534699
114.07531047019624 77.159344120125738 7.5889191266442291
113.53382602042005 76.834425063057566 7.6423953666168494
112.98997382121935 76.513377442684202 7.7137279235501524
112.444558389457 76.19824428756904 7.8062070078561021
111.89873362051773 75.892011581217247 7.9231993731353825
111.35398084430703 75.598569161786244 8.0682209435911059
110.81211617393231 75.32235451056539 8.2448433131738383
110.27531730179119 75.06779150720746 8.4564325521767625
109.74612936281184 74.838643143479757 8.7058003607381096
109.22742410103592 74.637432349377391 8.9948668480494192
108.72230614285229 74.465061273277655 9.3244182738063301
108.23398560182089 74.32067234658507 9.6939787830865161
107.76565098661446 74.201785658409023 10.101821324719534
107.32039157385978 74.104665884421507 10.545122794022102
106.90117029212342 74.024825271727494 11.020191681415435
106.5108341884181 73.957749468794603 11.522844127057299
106.15208912362807 73.899684898261157 12.048798426875416
105.82736863870355 73.848367106895253 12.594035729716948
105.5385578896678 73.803516788417397 13.155076775112613
105.28658706564524 73.766958607040934 13.729153753157311
105.0709533481792 73.742294800803833 14.314278255273155
104.88932115874864 73.734092050652009 14.909198106018529
104.73731467258528 73.746709434815685 15.513260495553116
104.60847052077348 73.782782226659904 16.126189829057388
104.49458205643153 73.841637373133224 16.747707555139542
104.38632809045811 73.918049594140442 17.377018517108542
104.27412957272621 74.001674928476248 18.012183326236944
104.14911447140152 74.077343825967233 18.649448857118497
104.00407049803437 74.126255293141327 19.282669951578256
103.83429056319582 74.127976344344546 19.902955026973263
103.6381468945508 74.062993751197737 20.49874399682739
103.41740431120256 73.915268092116776 21.056310161160383
103.17744137422639 73.674702339010295 21.560666405900601
102.92714545861573 73.338763780199528 21.996985651091364
102.67859252113362 72.912977782094416 22.352215650165512
102.446420331723 72.410193856435114 22.616625569564626
102.2468412520785 71.848848927445928 22.785049678839435
102.09624664608612 71.250482473404759 22.857603377772364
102.00943999674635 70.636957933783663 22.839958087336239
101.99799541199771 70.028004950750699 22.74285594547781
102.0686514112156 69.439072037049613 22.581516218697271
102.22238069056564 68.879903974751187 22.374403756694047
102.45426908964475 68.353947567553845 22.141679506597509
102.7543777660145 67.858766838533796 21.903433231410499
103.10925935177498 67.387269054040303 21.677992698360814
103.5037548313561 66.929499409395163 21.480548839771352
103.92260344729779 66.474595649239234 21.322383647316617
104.35151544263162 66.012538036467447 21.210904788483404
104.7775765516167 65.535381999264999 21.150361503189686
105.18925241536444 65.038251235035716 21.14279589479089
105.5759733595785 64.519849988824419 21.189253196007336
105.92763899488291 63.982651007063332 21.290662559303183
106.23429100669617 63.4328138138928 21.448216475569907
106.48614788294822 62.879871867595121 21.663203805805168
106.67404414383107 62.336191733914625 21.936418746906028
106.79018453927985 61.81618302012604 22.267338020949833
106.82896826479502 61.335248316662749 22.653347564145697
106.78762005458653 60.908620022396114 23.089246005629871
106.66670916094512 60.550092299735631 23.566932268520564
106.4701937223457 60.270835613938701 24.075588342065352
106.2051474155022 60.078492636966224 24.602186792962645
105.88118067997695 59.976773885118746 25.13231455995237
105.50973458976982 59.965608193135736 25.651188522845299
105.10333043204875 60.041805894673885 26.144750078994257
104.67483268698838 60.200010357798554 26.600725361611655
104.23679138784904 60.433662971951499 27.00947222249167
103.80089159413528 60.735711131273398 27.364658522735162
103.3774707590805 61.099055678638955 27.66380346230299
102.97520960006835 61.51675040257426 27.908419705654904
102.60099786604582 61.982042229309386 28.103848251850163
102.26001331254633 62.488336019628136 28.258726878866888
101.95601112889433 63.029118830484691 28.384124771791452
101.69179276554746 63.597884041780482 28.492414268606815
101.46980206457273 64.188079145630127 28.595950592784856
101.29271086104204 64.793079637675163 28.705840718549791
101.16388805206837 65.406168933674721 28.830936765858954
101.08762272196962 66.020508748613068 28.977242780850187
101.0688959984802 66.629091254682223 29.147953484226754
101.11265006139239 67.224680776080007 29.344017496996486
101.22263815043839 67.799786091479007 29.565060507039064
101.40012603659679 68.346701117676503 29.810379029070372
101.64279052867866 68.857606557560828 30.079793804073347
101.94402908628132 69.324691066330146 30.374266149435925
102.29302184297583 69.740239601050249 30.696140956101583
102.67503230044903 70.0966846026041 31.049172330843813
103.07226041480367 70.386615884829524 31.438228455429346
103.46492261561164 70.602764387961642 31.868817454131197
103.83224057739547 70.737976352936585 32.346639114066157
104.15312267578697 70.785181112462894 32.877323394987172
104.40644952178199 70.73735404195412 33.466389289161192
104.57112073869783 70.58748429036855 34.119307259489652
104.62603880992367 70.328562024268933 34.841543122375768
104.55010591179349 69.953577314493302 35.638563142100899
