#spline3d 5 120 5 120
119.07738913008109 84.455954144129464 2.3860578091120548
118.68262807799145 84.178858698403459 2.739209624855989
118.28131500966896 83.883251640407707 3.0275556500053979
117.8737856179182 83.572065662354461 3.259097883825453
117.46037563382936 83.24823343536444 3.4418383923875697
117.04142010125994 82.914687844748741 3.5837776885227846
116.61724194681348 82.574362160503298 3.6928810635992435
116.18811340787742 82.230178565033967 3.7769296676340454
115.75420364595527 81.884996645129263 3.8431990146830968
115.3155505102805 81.541496444054019 3.8979944672415927
114.872087936741 81.201999300125223 3.9461701002247556
114.42371113622696 80.868312566191776 3.9908719338510452
113.97033040759956 80.541659546620366 4.0335480277329774
113.51188962295565 80.222702356056359 4.0741808787540537
113.04833020064804 79.911731391383128 4.1118954487585162
112.5795291263848 79.608920384481294 4.1457082229759497
112.10526435237615 79.314551202034565 4.1752740022996386
111.62524689709922 79.029128841236485 4.20146279160676
111.139227986856 78.753381661261784 4.2266868564214457
110.64712458044644 78.488195247277574 4.2548167250138222
110.14915265290648 78.234572146791876 4.2909818383010405
109.64592904063942 77.99364210312072 4.3410727808251366
109.1385217193768 77.766751726095904 4.4111292948027003
108.62846669572714 77.555596619507284 4.5067570173229052
108.11777399191094 77.362326614758359 4.6326779434587815
107.60895370079743 77.189543313352104 4.7924664435210431
107.10506677760957 77.040119700727033 4.9884938935354226
106.60976699779759 76.916889968119079 5.2220397931797704
106.12737169269521 76.822229545885875 5.4933933019037431
105.66281868708175 76.757615346623652 5.8020548045378373
105.22151057379691 76.72329533677852 6.146891668647755
104.80901703140464 76.718123829085215 6.5262428800752943
104.43066326993396 76.739563060801615 6.9379654448123089
104.09104345206637 76.783804158733048 7.3794472972288272
103.79362054377565 76.846027997807312 7.8476519322113258
103.5403597438292 76.920661950621849 8.3391691357252693
103.33145947004431 77.001697266931757 8.8503162699589524
103.16529496947436 77.083043956182763 9.3773024911546479
103.0385650528095 77.158896486290729 9.9164295984833561
102.94661910930675 77.224098280871431 10.464300128191086
102.8838858441156 77.27444263964459 11.017992872403317
102.84431229559108 77.306838844782021 11.575184936232622
102.8217404595508 77.31920327428999 12.134143081859333
102.81021248400933 77.310312150680176 12.693710297644058
102.80424011468419 77.279417782770352 13.253146172049641
102.7990138150741 77.225818653643159 13.811880512932209
102.79057797689697 77.148455440753878 14.369186091315548
102.77596945417741 77.04561434376123 14.923810150948627
102.75330027171304 76.914781234544463 15.473596785402089
102.72170389778442 76.752696211943487 16.015202945879981
102.68118943292632 76.555539983411663 16.543924425716956
102.63243648869602 76.319249932153525 17.053594047868636
102.57647869477333 76.04003866184901 17.536757801834391
102.51440003954328 75.715059267697384 17.985083090759669
102.44712554381849 75.34312537796616 18.389983103071177
102.37539320566687 74.925305838625036 18.743335982304387
102.29994049937599 74.465180553146226 19.038150919623284
102.22182618219567 73.968637671692917 19.269007953585181
102.14282003386428 73.443471962723081 19.432408880567582
102.06577804770627 72.898668421970569 19.526999002124004
101.99482136603832 72.34350316677677 19.553645396418208
101.93523360909509 71.786678238906092 19.515456647658144
101.89307823279793 71.235590015182254 19.417754762635624
101.87461243857071 70.695825109396694 19.267940028242645
101.88559770440568 70.170894356969427 19.075215553468606
101.93077221766484 69.662375257451387 18.850050467901326
102.01335144447302 69.170019196237334 18.603637470530401
102.13484906149861 68.692181353366223 18.347123737712309
102.29516947151915 68.226272683998545 18.090951613976021
102.49286917349617 67.769166534296176 17.844432032458023
102.72542220129594 67.317485910541322 17.615628156399488
102.98932589183833 66.867782083951553 17.411479390098229
103.27999182994205 66.416653339384439 17.238067933951946
103.59143761516094 65.960856624676026 17.100862851154233
103.91574197330171 65.497485500871932 17.004868552390803
104.242549796622 65.024255966623002 16.954652987771844
104.55882341221501 64.539955163077707 16.954162686535966
104.84911278413047 64.045061342196377 17.006335110021467
105.09644518432424 63.542423067993276 17.112601180443971
105.28380877466532 63.037875718329545 17.272353934942952
105.39579059930981 62.540345003540608 17.482684109669169
105.42031321457561 62.061787898753217 17.73813129988012
105.35027158726653 61.61658599721158 18.030753062480766
105.18466147136404 61.220438785435945 18.350607431999158
104.92900084529667 60.889015703517693 18.686568784665472
104.59506681748128 60.636456787687898 19.027373749665788
104.19967025501617 60.474127553610955 19.362589166394919
103.7630044061011 60.409395293234837 19.683452885340525
103.30644452150798 60.445220040975002 19.983229896248154
102.85050460568654 60.579720120805533 20.257524411930913
102.4128302042463 60.806396556005232 20.504313238339467
102.00677636772525 61.114863265771596 20.723795051292107
101.64079454466352 61.492068840299979 20.918005279837541
101.31844551676474 61.923734792593137 21.090261562022217
101.03912258936558 62.395871897047385 21.244420820274041
100.79920992433942 62.89607162532954 21.384124699131959
100.59346521883209 63.414239791402643 21.51228029952868
100.41632217840376 63.943176995693229 21.630725637289242
100.26326814251891 64.478504791794151 21.740351256327461
100.13187849229261 65.018189055045355 21.841631882143226
100.02233521761018 65.561667794869379 21.935448470991119
99.937296597506986 66.108789751084402 22.023922785227459
99.8811800509243 66.658713784187967 22.111021649387467
99.859118816602717 67.20906961661403 22.202630278321489
99.876012460887083 67.755434329718355 22.306212602068868
99.935741060604599 68.291080132215882 22.430080129506429
100.04076746241714 68.807269299357927 22.582267770857701
100.19209799426874 69.293917171240238 22.769391771962034
100.3894230440785 69.740542515519181 22.995715278637398
100.63121727263419 70.137320417808468 23.262623829009119
100.91465791942043 70.476045923146742 23.568611998360378
101.23551168746511 70.750632383548265 23.909846948047271
101.58796444835065 70.957348467682735 24.280828472007155
101.96462727066208 71.094629361237764 24.675179455950623
102.3568335615681 71.162507025254698 25.086268916207832
102.7550838224664 71.161975335041618 25.507496394319162
103.14949196119649 71.09444664788343 25.932340913497022
103.53006521601736 70.9614442962787 26.354315222265118
103.88680323898704 70.764499718044618 26.766935156324333
104.20970615742443 70.505143828899222 27.16371632563056
