#spline3d 5 120 5 120
63.097945318820983 83.400546713807316 2.1567099456712264
63.568061166907533 83.000870341852888 2.2991946576040601
64.046035591784715 82.613516646785243 2.3884885207438309
64.531060322253367 82.237601681346177 2.4308574269309182
65.022327025872656 81.87224147719985 2.432567606824287
65.519028019184759 81.516552277371687 2.3998813567017558
66.020362715637646 81.169652033122247 2.3390060691740859
66.525545899084534 80.830654003504165 2.2559592248153995
67.03381131091767 80.498646475210606 2.1563763596040042
67.544421653964136 80.172679313118394 2.0453184660138937
68.056701665162734 79.851786373048697 1.9271232950127781
68.570106287005146 79.53506435406625 1.8053181871925346
69.084309690133637 79.221785612671127 1.6825969829420535
69.599274087330045 78.911477180150811 1.560864539448763
70.115264686102151 78.603909588568698 1.4413538250616795
70.632808937493238 78.299003240017271 1.3248257645825037
71.152621604034593 77.996704034950298 1.211856870317114
71.675514992811628 77.696889425561295 1.1031988429322255
72.202301072128179 77.399354246268601 1.0001483033402034
72.733679123446237 77.103896358437467 0.90484136019904282
73.270108985278426 76.810485540217599 0.82044651202254404
73.811676107338371 76.519462188132223 0.75128838420409405
74.357943421954971 76.231689400079716 0.7028938729608879
74.907798779016943 75.948595023359204 0.68187076504985622
75.459315025699482 75.672095831244036 0.69555602364202906
76.00962968458488 75.404414816678624 0.75141806966964142
76.554896525680434 75.147794337964996 0.85626916432472722
77.090322116799541 74.904168437646632 1.0154780476109919
77.610300827045464 74.674867738204284 1.2323589528847905
78.108658554577531 74.460448697924193 1.5078704565415639
78.579008566610639 74.260727781611308 1.840642784202783
79.015207551652964 74.0750417958714 2.2272809136102851
79.411853218321625 73.902643776920769 2.6628367392156682
79.764734756576331 73.743075839744847 3.1413422232710784
80.071158117463099 73.59638263679004 3.6563087178004765
80.330069891987321 73.46310045115942 4.2011558983624617
80.541966997174598 73.344060741225405 4.7695573391232333
80.70863561719753 73.240101653028177 5.3557023447264429
80.832814339101191 73.151787055669033 5.9544683085707479
80.917866020307954 73.079224502815791 6.561509701424713
80.96751081013484 73.022026702671127 7.1732900553111163
80.98565877400614 72.979389158908418 7.7870736432968597
80.97635923880199 72.950223813691863 8.4008867794578528
80.943822172554462 72.933295643975711 9.0134449913927082
80.892436493351227 72.927325152815456 9.6240977011364723
80.826705575136955 72.931055905288289 10.23275152336589
80.751094432521171 72.943265584346094 10.839791590128073
80.669829497485381 72.962689041555592 11.445990186993489
80.586709103806498 72.987817070114147 12.052391370540519
80.504976293106452 73.01656591468398 12.660157944538806
80.427293269564245 73.045867961202589 13.270370198670047
80.355815611014108 73.071285669264739 13.883771861231354
80.292305370180117 73.086769072190933 14.500466603374127
80.238213913231945 73.084656498432196 15.119587038845362
80.194710673102605 73.055970973579704 15.73897815686542
80.162673031702155 72.991022702369904 16.354950964166225
80.142695269233343 72.880265510398999 16.962167916158819
80.135174123523683 72.71528353522136 17.553706426271106
80.140463401176646 72.489733473611025 18.121323744412077
80.159032363272388 72.200085569954368 18.655899196880391
80.191562786467614 71.846044367247814 19.148011260938585
80.238926988000102 71.4306015334585 19.588586427004657
80.30201440316317 70.959690033028394 19.969522177373037
80.381427943807822 70.441610135501406 20.284238245234629
80.477096201188985 69.886279030368613 20.528119349113194
80.587911317206277 69.304370164637334 20.698757779787631
80.711522140057923 68.706480369807906 20.795966020233852
80.844341641974793 68.102389898713895 20.821607703759163
80.98177543118976 67.500480600760625 20.779277396444432
81.118578860735056 66.907327098374481 20.673928636696608
81.24925109076446 66.327459214820976 20.511506402869216
81.368375491865223 65.763275762766696 20.298633180087453
81.470861983473895 65.215080384191836 20.042392089549146
81.552099469413605 64.681222464416649 19.750266699537544
81.608084670842644 64.158315330357809 19.430297577425527
81.635612064623217 63.641541168730917 19.0914674485836
81.632602512434403 63.125064477802169 18.744231446609223
81.598595365948427 62.602608966121053 18.401007159001601
81.535328092594867 62.06823942937541 18.076397553961193
81.447209467620794 61.517339705807935 17.78694793475427
81.341468723297268 60.947717056350527 17.550337254655098
81.227805398885693 60.360681011527475 17.38402915221592
81.117505767854098 59.761838420517407 17.303629254766193
81.022158995089541 59.161610796248176 17.3211148171372
80.95206173293694 58.575098166189264 17.44330923713682
80.914688090002883 58.021300605828266 17.670843267531133
80.913623216200889 57.5216414564076 17.997845352037007
80.948217790113603 57.097974404691897 18.412322093560501
81.014047155650417 56.770282860872754 18.89715918361723
81.104145055843588 56.554447221013731 19.431781479350775
81.210547047600429 56.460322594207177 19.994107117965946
81.325824949183087 56.490529548216472 20.562714005016289
81.44414868835598 56.640159863729068 21.118839540981678
81.561686850462848 56.897507500885027 21.647922377179135
81.676381302666712 57.24576266743712 22.140488827201189
81.787338391416753 57.665311321689657 22.592249748756899
81.894119435152135 58.136261653770944 23.003488738967569
81.99620498840811 58.640660637266443 23.377938595691163
82.092788435360021 59.164022428089432 23.721503743852669
82.182872407884958 59.695976061070866 24.041099048091418
82.265493039490792 60.230094288489376 24.343783968823285
82.339897450910911 60.763274192303541 24.636161243212396
82.405551820115093 61.294775598685888 24.923933017217422
82.461935343419029 61.825283240923689 25.211517154863387
82.508159462340188 62.356126712447889 25.501716198153566
82.542542474074565 62.888690555668752 25.795519896256408
82.562283057915863 63.423977029953953 26.092137641997684
82.563324476931243 63.962279736078628 26.389288654945378
82.540446931441551 64.502949968379852 26.683702893121609
82.487564716614074 65.044261469801043 26.971724492840021
82.398160289260645 65.583378692634867 27.249910963536404
82.265760916172226 66.116429484691224 27.515523934069531
82.084353475041951 66.638674494418694 27.766821409640372
81.848619280083199 67.144750523451393 28.003091662364927
81.553950185485732 67.628913059379101 28.224490168319878
81.196273093812124 68.085235962983035 28.431749674082813
80.771800820402305 68.507727651760192 28.625892086562093
80.276835596414216 68.890381199126537 28.808028084502244
79.707687364730532 69.227188746469977 28.979275854226827
79.060665353990657 69.512142513005372 29.140752885316278
