#spline3d 5 121 5 121
119.53347804354408 92.146122436412099 1.7326223187064602
119.09928126227953 91.79745420691853 1.9007841467592466
118.66205252928985 91.44807731007063 2.0511845771436232
118.23083324720005 91.091720396219529 2.1982494003096602
117.81566568247892 90.721031441810169 2.3567361198860701
117.41474466447148 90.341086125858226 2.5364680918090139
116.97590524315984 90.006532010734603 2.7067377294537915
116.4918409856863 89.709694716990811 2.8250716046297066
116.02911926014356 89.375133895674665 2.9211904853334807
115.57106610375615 89.032754412915281 3.017383362253053
115.09404711380103 88.723444763840149 3.1217072657573604
114.59106454428913 88.471661627180097 3.2629322919460071
114.11453570541605 88.179682753084236 3.422270668045444
113.66185005733441 87.831506420086185 3.5172908212871237
113.20469242683379 87.470032869555027 3.5241484403533674
112.7307549112673 87.140615639648004 3.5639283114001388
112.25795139395046 86.836832793527051 3.7074610221597046
111.78115318569077 86.532241291656206 3.8283314853942696
111.2974898126172 86.218936761830747 3.8934755747484284
110.80827203301797 85.916914314703661 3.9614391520250449
110.29299526014928 85.654567840601359 3.9922245926409428
109.7849653310879 85.381077052682144 4.0412776381935851
109.29873382642573 85.093453815403649 4.1737151963437897
108.8098672094729 84.821213141888293 4.3247706787947973
108.33084663780853 84.511840058299285 4.4228640057911308
107.83816370430341 84.219412755318629 4.507906871105174
107.33412070246769 83.960490432179228 4.6267859492594345
106.84909444640108 83.690396833477052 4.7962155726807829
106.37940130381797 83.431789750877186 5.0157292679680294
105.93647086672961 83.172751623192013 5.283564126493224
105.52393876662296 82.870241313811604 5.5576141977687668
105.13590372616972 82.578262986585656 5.873077595765368
104.78101380679119 82.336019300381722 6.2646936287970894
104.44917678229919 82.141338233690348 6.699830340951511
104.13648852366094 81.986817090646241 7.1615381948534527
103.84585518036842 81.865466563833564 7.6482634023862834
103.58688427177761 81.764481238429923 8.1564063202613948
103.36141758984766 81.658550959209705 8.6783858658507622
103.16062502832882 81.503219273227558 9.2011673629447248
103.02060111624181 81.356928861274994 9.7460893026205966
102.9945132464432 81.243311762156694 10.314168195878018
103.0070579384645 81.089224104219753 10.874790018492316
102.9735861012707 80.936027046277815 11.432385708963087
102.92683192084539 80.915782403452212 12.010076088408715
102.9130006324864 80.936309192290395 12.591301488174238
102.87361818055129 80.93136757590392 13.16698144087278
102.79706737541274 80.948721145400725 13.741802068562929
102.68050604289883 80.98463994537002 14.307511738452273
102.49454785794535 81.005165230547647 14.856308408148971
102.29433039865576 81.033089853371976 15.399446509629733
102.05238343263854 81.046392625356035 15.924029369230139
101.76713448466973 81.056373867091338 16.431035453685162
101.48581300116909 80.999496246922988 16.933022700142939
101.22028470500487 80.875500735279829 17.431203497531971
100.98535671825644 80.740702418466427 17.949179446812028
100.75455368491248 80.516715504882669 18.436991655701608
100.50005570346221 80.116087136911119 18.785845039097207
100.22072453010961 79.644451818954494 18.994521717048578
99.948751184463902 79.154388643865119 19.146996129104341
99.727087973826301 78.626164217974605 19.242026413995877
99.565311583840312 78.069634230886479 19.23034186744318
99.425564472749514 77.506425745330631 19.173841655505374
99.350524043732605 76.931960341049063 19.171628908799825
99.399189564652218 76.350830378730137 19.182622828967713
99.550931397861504 75.786795363427288 19.167281085736128
99.770663772556958 75.250836043655269 19.111751331173398
100.07726929662311 74.77417355897758 18.991776868646951
100.39953861902055 74.320020101295427 18.817234729464886
100.71934951356836 73.85648345601399 18.699640171999366
101.06141517611947 73.386733844373069 18.683241121877316
101.39642116418293 72.913662904066314 18.639887457531248
101.71919028728341 72.436144944059365 18.665552108666351
102.08579936129929 71.994686830515462 18.763235060427018
102.45164081448834 71.555064955689204 18.858534238322857
102.71575429585161 71.050697593908481 18.962005832422609
102.92809811859733 70.529521630845309 19.109288642794642
103.12259193162085 70.018239725201184 19.305885788163188
103.26175275726145 69.519735261221086 19.568396605040171
103.31142372087619 69.058503553496877 19.921433258463832
103.27658097064787 68.645489289867456 20.343172123751398
103.08467999404517 68.316472633530182 20.780275306741675
102.72497616017145 68.074766217420674 21.184484661236311
102.2997708322908 67.886508953715264 21.543546181018975
101.80348906804815 67.840746254284113 21.832060616170118
101.28288610924915 67.886942500648672 22.094758130862786
100.78339758475774 67.981802910555118 22.372045696082264
100.28695410588107 68.14067405951549 22.623824965067961
99.805731265936899 68.375992749073674 22.850084345970334
99.359124588647333 68.662797905378653 23.082298188237445
98.946759860743057 68.953333586484987 23.366855166083042
98.561412970737194 69.262245594834184 23.674552895500103
98.242149348902558 69.645832082960908 23.96782224463011
98.003383584493861 70.079842781349683 24.27632714934731
97.790663087889229 70.547293170273818 24.542852966333232
97.617701664574696 71.07329471387871 24.721909647645223
97.550993842366864 71.618246170214803 24.905486422345945
97.549261161607191 72.163766769477888 25.122465785221213
97.624063271691597 72.6695532649873 25.394317791542438
97.844614094378926 73.15751055338464 25.617896823972647
98.093731030392718 73.656893473650271 25.782340382046012
98.357967566404355 74.129700087412019 25.983861431162751
98.655326308505209 74.5911131114988 26.170502953820616
99.019706086830439 75.008334252147861 26.345957376568659
99.428786470516656 75.361240295203558 26.561272860587966
99.870825452048038 75.648976213100838 26.801047005324072
100.34889181519607 75.885870777806417 27.033055846475989
100.84347104632162 76.071229688311803 27.2747170889321
101.34285387089248 76.163278519267692 27.544672519685303
101.8548348675892 76.2240441906158 27.822299665342459
102.34056705386169 76.296730029474702 28.145879211834018
102.66836136559084 76.267327693928138 28.618582440685866
102.93915170177776 76.199254216653486 29.136441340119195
103.25739288462444 76.173648448757845 29.617720212218725
103.546803683848 76.100022346206643 30.112411941599255
103.79874760459647 75.959956766092077 30.618457903256942
104.01026248024057 75.777719278013777 31.126342455230432
104.16065944061779 75.604992300289112 31.658440435920067
104.25279049904117 75.451248721992428 32.210234181525905
104.32704602756706 75.225520029538387 32.737180147433023
104.42548673570855 74.872576926994441 33.209292450029686
104.59003898405103 74.334149600469345 33.595349923076469
