#fname degree numKnot L1 L2 L3 L4 MSE traceH AIC AIC0 GCV GCV2 cv_avr cv_stdev cv_error ts_avr ts_stdev ts_error sigma0 sigma_opt
00000006.nii_R_ICA_labeled_d5_cp120_lmd1d0.000_lmd2d0.000_lmd3d0.000_lmd4d0.000 5 120 0 0 0 0 3.19727238799496e-005 120 -236.992464013783 2125.98410884774 -0.0137322183362634 0.0106806142615428 0.237643012390726 0.300100678383513 0.796361460433252 -0.292567038478653 3.8441962228721 3.87018870400412 1 4.96509945001474e-005 
00000006.nii_R_ICA_labeled_d5_cp121_lmd1d0.000_lmd2d0.000_lmd3d0.000_lmd4d0.000 5 121 0 0 0 0 3.17773664108173e-005 121 -232.979263869543 2131.98405903158 -0.0133099178744927 0.010727396495869 0.239902459330841 0.308944780773701 0.797652661223547 -0.236114021221422 4.18159297330003 4.19986482327381 1 4.91167616723568e-005 
00000006.nii_R_ICA_labeled_d5_cp120_lmd1d0.000_lmd2d0.000_lmd3d0.000_lmd4d0.000 5 120 0 0 0 0.0001 3.43039696603299e-005 112.329183632758 -271.044436398088 2079.95980511196 -0.0182164798062562 0.0104683256417223 0.211709294299498 0.126597789122251 0.774009598501928 -0.270743448034526 2.97091295453115 3.00129493388312 1 4.96509945001474e-005 
00000006.nii_R_ICA_labeled_d5_cp121_lmd1d0.000_lmd2d0.000_lmd3d0.000_lmd4d0.000 5 121 0 0 0 0.0001 3.4109139374452e-005 113.243094064087 -267.41480965268 2085.44321801821 -0.0175768899696072 0.0105058533865787 0.212585333048425 0.125584151916999 0.772980040396094 -0.316981039598679 3.61614788265583 3.64684826323223 1 4.91167616723568e-005 
00000006.nii_R_ICA_labeled_d5_cp120_lmd1d0.000_lmd2d0.000_lmd3d0.000_lmd4d0.000 5 120 0 0 0 0.0002 3.54980227998603e-005 108.550885602343 -287.581748209349 2057.29032141302 -0.0215037283368466 0.0103742214113336 0.208303829476259 0.123889388723756 0.776932923720355 -0.27145611622913 3.36944845408892 3.39635658243146 1 4.96509945001474e-005 
00000006.nii_R_ICA_labeled_d5_cp121_lmd1d0.000_lmd2d0.000_lmd3d0.000_lmd4d0.000 5 121 0 0 0 0.0002 3.52769473294408e-005 109.418385141283 -284.300142541177 2062.49526227242 -0.0206750936133244 0.0104034922096314 0.209090923935891 0.123026075626513 0.77601857733653 -0.264872323656573 2.7874000084256 2.81887902697164 1 4.91167616723568e-005 
00000006.nii_R_ICA_labeled_d5_cp120_lmd1d0.000_lmd2d0.000_lmd3d0.000_lmd4d0.001 5 120 0 0 0 0.0005 3.90328253923841e-005 101.714107132825 -310.448207410597 2016.27055197057 -0.031772452462494 0.0103932886007431 0.203210831075945 0.12071765843412 0.781464940659718 -0.110437649735746 2.82828829772188 2.84073763781996 1 4.96509945001474e-005 
00000006.nii_R_ICA_labeled_d5_cp121_lmd1d0.000_lmd2d0.000_lmd3d0.000_lmd4d0.001 5 121 0 0 0 0.0005 3.87347607796639e-005 102.511641279992 -307.788639826304 2021.0556808471 -0.030209428717501 0.0104076799714057 0.203820193948373 0.120150995309945 0.780775495250974 -0.195251633711235 2.48499151424048 2.50958469913006 1 4.91167616723568e-005 
00000006.nii_R_ICA_labeled_d5_cp120_lmd1d0.000_lmd2d0.000_lmd3d0.000_lmd4d0.001 5 120 0 0 0 0.001 4.35695325991864e-005 95.6504377693962 -323.530381374893 1979.88969265034 -0.0526796543908915 0.0105628413335372 0.199679047250078 0.119119470910666 0.784710325151029 -0.127810959083984 2.44332015014839 2.45965884474548 1 4.96509945001474e-005 
00000006.nii_R_ICA_labeled_d5_cp121_lmd1d0.000_lmd2d0.000_lmd3d0.000_lmd4d0.001 5 121 0 0 0 0.001 4.31759302767365e-005 96.3942576361885 -321.435676038999 1984.3525114825 -0.0490177917599182 0.0105643340476634 0.200150012250953 0.118779360049469 0.784193233741141 -0.181989022797579 2.45255415322471 2.47562797844396 1 4.91167616723568e-005 
00000006.nii_R_ICA_labeled_d5_cp120_lmd1d0.000_lmd2d0.000_lmd3d0.000_lmd4d0.002 5 120 0 0 0 0.002 4.96509945001474e-005 89.3082471981546 -330.350056060031 1941.83809999567 -0.139021601552343 0.0108443434614496 0.196940388586667 0.117617805613774 0.787191585198123 -0.161207501361755 2.16339561665114 2.18641462608931 1 4.96509945001474e-005 
00000006.nii_R_ICA_labeled_d5_cp121_lmd1d0.000_lmd2d0.000_lmd3d0.000_lmd4d0.002 5 121 0 0 0 0.002 4.91167616723568e-005 89.9978376837597 -328.971119901204 1945.97550667993 -0.119193244366017 0.0108309214857522 0.197254631871457 0.117538486044278 0.786869018541424 -0.173842467442051 2.00477750281703 2.03160453359736 1 4.91167616723568e-005 
00000006.nii_R_ICA_labeled_d5_cp120_lmd1d0.000_lmd2d0.000_lmd3d0.000_lmd4d0.005 5 120 0 0 0 0.005 6.01667970939302e-005 80.989406786848 -326.255526506193 1891.9277390575 0.16439505795888 0.0113669235570829 0.19440351071318 0.115056903222099 0.789322718500235 -0.133714318229162 1.80831143718002 1.83124959611063 1 4.96509945001474e-005 
00000006.nii_R_ICA_labeled_d5_cp121_lmd1d0.000_lmd2d0.000_lmd3d0.000_lmd4d0.005 5 121 0 0 0 0.005 5.93302582458706e-005 81.6072570988633 -326.28908752622 1895.63462761218 0.192977241711337 0.0113278472202922 0.19458345814484 0.115207474289461 0.789166660767745 -0.115229390559283 1.87835042646968 1.89772096794491 1 4.91167616723568e-005 
00000006.nii_R_ICA_labeled_d5_cp120_lmd1d0.000_lmd2d0.000_lmd3d0.000_lmd4d0.010 5 120 0 0 0 0.01 7.11421784317986e-005 74.9503115090076 -306.122199215076 1855.6959661127 0.0713394743945203 0.0119456940045518 0.19286505207656 0.1127008062159 0.790505434211388 -0.174409114813278 1.72505681754229 1.7562683218243 1 4.96509945001474e-005 
00000006.nii_R_ICA_labeled_d5_cp121_lmd1d0.000_lmd2d0.000_lmd3d0.000_lmd4d0.010 5 121 0 0 0 0.01 6.991914874226e-005 75.5166440893464 -307.858313183724 1859.09364972216 0.0749471187953056 0.0118799350236312 0.193010742064727 0.112918946360538 0.79039236769473 -0.197339172567151 2.23664489285765 2.26426158604927 1 4.91167616723568e-005 
00000006.nii_R_ICA_labeled_d5_cp120_lmd1d0.000_lmd2d0.000_lmd3d0.000_lmd4d0.020 5 120 0 0 0 0.02 8.73179724713304e-005 69.2230927240717 -257.409079687904 1821.33677823056 0.0503441339212683 0.0128262669092085 0.191507547379004 0.10996996054257 0.791465040789145 -0.158728989526976 1.71663374792617 1.7451066834467 1 4.96509945001474e-005 
00000006.nii_R_ICA_labeled_d5_cp121_lmd1d0.000_lmd2d0.000_lmd3d0.000_lmd4d0.020 5 121 0 0 0 0.02 8.54558796894196e-005 69.7417575910733 -261.845425288591 1824.44829259891 0.0514974103263853 0.0127242916694229 0.191613131333117 0.110254888610995 0.791400125930391 -0.156349018214753 1.71490991577054 1.74298399351465 1 4.91167616723568e-005 
00000006.nii_R_ICA_labeled_d5_cp120_lmd1d0.000_lmd2d0.000_lmd3d0.000_lmd4d0.050 5 120 0 0 0 0.05 0.00012309519959624 62.1961294325606 -115.824430816596 1779.18412167441 0.0413552753546967 0.0146738809292646 0.189771187355122 0.106570284540525 0.792720401603926 -0.226918738316507 1.66934610109579 1.71252701785444 1 4.96509945001474e-005 
00000006.nii_R_ICA_labeled_d5_cp121_lmd1d0.000_lmd2d0.000_lmd3d0.000_lmd4d0.050 5 121 0 0 0 0.05 0.000119906842216761 62.6578498370387 -125.489453045047 1781.95363107015 0.0416596812039676 0.0145173616767539 0.189880874749921 0.106791958395977 0.79264154556499 -0.216966211553157 1.51784536646323 1.56281138889215 1 4.91167616723568e-005 
00000006.nii_R_ICA_labeled_d5_cp120_lmd1d0.000_lmd2d0.000_lmd3d0.000_lmd4d0.100 5 120 0 0 0 0.1 0.000165321844182085 57.3079353196926 71.7160659861606 1749.86572479157 0.039466508665963 0.0165850224557722 0.188231801607742 0.104821626005227 0.794013099608691 -0.219726146187383 1.21813950438034 1.27453944091575 1 4.96509945001474e-005 
00000006.nii_R_ICA_labeled_d5_cp121_lmd1d0.000_lmd2d0.000_lmd3d0.000_lmd4d0.100 5 121 0 0 0 0.1 0.00016088692655444 57.7307818152351 57.7048668799525 1752.40167286083 0.0395372643647163 0.0163961255330823 0.188374237447379 0.104967409780371 0.79389117284732 -0.219326173517177 1.24232944243554 1.29756294604112 1 4.91167616723568e-005 
00000006.nii_R_ICA_labeled_d5_cp120_lmd1d0.000_lmd2d0.000_lmd3d0.000_lmd4d0.200 5 120 0 0 0 0.2 0.000223404415624843 52.783597412344 342.873342776173 1722.7345084032 0.0394355369369536 0.0188481911155112 0.186202979607759 0.103328403775589 0.795828956759715 -0.223082147880638 1.06702488344475 1.13210289264702 1 4.96509945001474e-005 
00000006.nii_R_ICA_labeled_d5_cp121_lmd1d0.000_lmd2d0.000_lmd3d0.000_lmd4d0.200 5 121 0 0 0 0.2 0.000217417295005014 53.1708414824049 323.834523934407 1725.05644610781 0.0393768356207228 0.0186295907702142 0.18640483072722 0.103475629632196 0.795647948312695 -0.222774573199388 1.0808839151544 1.14507304398517 1 4.91167616723568e-005 
00000006.nii_R_ICA_labeled_d5_cp120_lmd1d0.000_lmd2d0.000_lmd3d0.000_lmd4d0.500 5 120 0 0 0 0.5 0.000336162937998588 47.3367043193663 889.30270485492 1690.08190326854 0.0413785741445844 0.0225141395508877 0.182422652326042 0.100484570097906 0.799214905318779 -0.218852283472211 0.959100289704496 1.02946867623025 1 4.96509945001474e-005 
00000006.nii_R_ICA_labeled_d5_cp121_lmd1d0.000_lmd2d0.000_lmd3d0.000_lmd4d0.500 5 121 0 0 0 0.5 0.000326778365374023 47.6816103781088 858.670138379988 1692.14894655497 0.041173963868932 0.0222345836576424 0.182706883535839 0.100705028162381 0.798960688104355 -0.219803316454757 0.966308338487538 1.03653104882113 1 4.91167616723568e-005 
00000006.nii_R_ICA_labeled_d5_cp120_lmd1d0.000_lmd2d0.000_lmd3d0.000_lmd4d1.000 5 120 0 0 0 1 0.000463055298794313 43.5951024003103 1518.55307092741 1667.6646493062 0.0441757203383676 0.0259562270945973 0.178987014364118 0.0980109448204017 0.802317463925205 -0.164247280332737 0.877920484633991 0.934240707087951 1 4.96509945001474e-005 
00000006.nii_R_ICA_labeled_d5_cp121_lmd1d0.000_lmd2d0.000_lmd3d0.000_lmd4d1.000 5 121 0 0 0 1 0.000450018321366726 43.9113315936234 1475.8746209024 1669.55870003684 0.043884581026394 0.0256265626889286 0.179294041275068 0.0982108211453942 0.80203718805021 -0.168904205415221 0.866564139936334 0.925198311841086 1 4.91167616723568e-005 
00000006.nii_R_ICA_labeled_d5_cp120_lmd1d0.000_lmd2d0.000_lmd3d0.000_lmd4d2.000 5 120 0 0 0 2 0.000633778164511682 40.1558444239886 2374.72434630038 1647.07263577903 0.0477179427008052 0.0298803219548392 0.175526222430048 0.0962664311080285 0.80554210706995 -0.146622718636594 0.853326033772117 0.905138782622956 1 4.96509945001474e-005 
00000006.nii_R_ICA_labeled_d5_cp121_lmd1d0.000_lmd2d0.000_lmd3d0.000_lmd4d2.000 5 121 0 0 0 2 0.000616753464639699 40.4459331885068 2320.72279973865 1648.80882706767 0.047379161762376 0.0295161173591953 0.175825203675611 0.0963763572855146 0.805258418224895 -0.146802249079336 0.860149947851804 0.91163437953002 1 4.91167616723568e-005 
00000006.nii_R_ICA_labeled_d5_cp120_lmd1d0.000_lmd2d0.000_lmd3d0.000_lmd4d5.000 5 120 0 0 0 5 0.00093561925096632 36.036264069768 3900.21704265808 1622.43212313075 0.05309993057002 0.0356219394133721 0.171299822255745 0.0952364740239124 0.809616575164394 -0.145979859882672 0.787334430990115 0.842982044254858 1 4.96509945001474e-005 
00000006.nii_R_ICA_labeled_d5_cp121_lmd1d0.000_lmd2d0.000_lmd3d0.000_lmd4d5.000 5 121 0 0 0 5 0.000912178232503278 36.2951439057128 3829.57788940942 1623.97942468671 0.0527092107644472 0.0352145064948046 0.171567727102466 0.0952820454888834 0.809355894583272 -0.146093148270868 0.789355788535247 0.844910669856137 1 4.91167616723568e-005 
00000006.nii_R_ICA_labeled_d5_cp120_lmd1d0.000_lmd2d0.000_lmd3d0.000_lmd4d10.000 5 120 0 0 0 10 0.0012423055406627 33.2156851564381 5458.38797886498 1605.58685465465 0.057854201294386 0.0405250503440401 0.168564287643048 0.0944089620775961 0.812236581268321 -0.104478204972288 0.538434813674622 0.5977932873272 1 4.96509945001474e-005 
00000006.nii_R_ICA_labeled_d5_cp121_lmd1d0.000_lmd2d0.000_lmd3d0.000_lmd4d10.000 5 121 0 0 0 10 0.00121173799861527 33.4531639512542 5367.75354825935 1607.00393270032 0.0574012402089256 0.0400662772371018 0.16878749311865 0.0945013763538887 0.812025638847538 -0.109519429514919 0.550389945862998 0.610751747762038 1 4.91167616723568e-005 
00000006.nii_R_ICA_labeled_d5_cp120_lmd1d0.000_lmd2d0.000_lmd3d0.000_lmd4d20.000 5 120 0 0 0 20 0.00164183185303151 30.6277833663843 7494.76729586892 1590.16132312398 0.0633441081207742 0.0460506156361118 0.166515192561326 0.0926689541976504 0.814071915445593 -0.0717202340815268 0.46602520914612 0.518346188072501 1 4.96509945001474e-005 
00000006.nii_R_ICA_labeled_d5_cp121_lmd1d0.000_lmd2d0.000_lmd3d0.000_lmd4d20.000 5 121 0 0 0 20 0.00160247599649523 30.845513892642 7380.70615617352 1591.45767053811 0.0628319087461912 0.0455395266235901 0.166669382153066 0.0928527435953255 0.813939674182959 -0.0711968877478619 0.484054198454555 0.534391687943252 1 4.91167616723568e-005 
00000006.nii_R_ICA_labeled_d5_cp120_lmd1d0.000_lmd2d0.000_lmd3d0.000_lmd4d50.000 5 120 0 0 0 50 0.0023198371743873 27.5324226509819 10958.3279405218 1571.76205018851 0.0712401439665016 0.0539944883327526 0.164649374319759 0.089598684124496 0.81558263096749 -0.0790592262415269 0.359877004529634 0.429417820970667 1 4.96509945001474e-005 
00000006.nii_R_ICA_labeled_d5_cp121_lmd1d0.000_lmd2d0.000_lmd3d0.000_lmd4d50.000 5 121 0 0 0 50 0.00226998319585653 27.7263136475493 10827.494991239 1572.91268340339 0.0707090675153059 0.0534567246231804 0.164755435227441 0.0897936935705645 0.815498661353936 -0.07858258662204 0.363964978857332 0.432591727988342 1 4.91167616723568e-005 
00000006.nii_R_ICA_labeled_d5_cp120_lmd1d0.000_lmd2d0.000_lmd3d0.000_lmd4d100.000 5 120 0 0 0 100 0.00292479212042877 25.4150640791331 14052.580916407 1559.21216226866 0.0771489378187337 0.0600681551407636 0.163549797271016 0.0875811004935012 0.816456672255548 -0.0842730150159306 0.327676102263237 0.405869455922317 1 4.96509945001474e-005 
00000006.nii_R_ICA_labeled_d5_cp121_lmd1d0.000_lmd2d0.000_lmd3d0.000_lmd4d100.000 5 121 0 0 0 100 0.00286918560701258 25.5926353639737 13925.5782821005 1560.26341031678 0.076640434879937 0.0595404546144339 0.163634651079319 0.0877343473434786 0.816388762775623 -0.0838095852469365 0.330142315393493 0.407591181432875 1 4.91167616723568e-005 
00000006.nii_R_ICA_labeled_d5_cp120_lmd1d0.000_lmd2d0.000_lmd3d0.000_lmd4d200.000 5 120 0 0 0 200 0.0035950059811011 23.4730970311559 17483.0461591451 1547.73126451527 0.082833055076259 0.0660371811258888 0.162698233568884 0.0860996282992473 0.817145902500491 -0.0897301408029033 0.303664196466403 0.39014616812391 1 4.96509945001474e-005 
00000006.nii_R_ICA_labeled_d5_cp121_lmd1d0.000_lmd2d0.000_lmd3d0.000_lmd4d200.000 5 121 0 0 0 200 0.00353344490514636 23.6358713850848 17362.47957234 1548.69221256447 0.0823386071619055 0.0655153879311908 0.16275899332701 0.0862087313441417 0.817096984823627 -0.0892389892453561 0.305641965657386 0.391380533955447 1 4.91167616723568e-005 
00000006.nii_R_ICA_labeled_d5_cp120_lmd1d0.000_lmd2d0.000_lmd3d0.000_lmd4d500.000 5 120 0 0 0 500 0.00466613072318984 21.1505284846436 22970.2454579032 1534.06899004542 0.0909368841554743 0.0744873010439845 0.162021400075605 0.0847208885642211 0.817674967884256 -0.097450686265803 0.276591192916194 0.374628787350029 1 4.96509945001474e-005 
00000006.nii_R_ICA_labeled_d5_cp121_lmd1d0.000_lmd2d0.000_lmd3d0.000_lmd4d500.000 5 121 0 0 0 500 0.00458263438887324 21.295795852649 22795.5270223557 1534.91930268821 0.0903250969002771 0.0738637342904173 0.162049017425665 0.0848037182411183 0.817656085763381 -0.0969557759190488 0.278143598814339 0.375443797487276 1 4.91167616723568e-005 
00000006.nii_R_ICA_labeled_d5_cp120_lmd1d0.000_lmd2d0.000_lmd3d0.000_lmd4d1000.000 5 120 0 0 0 1000 0.00588351584668054 19.5617637011945 29213.0187820117 1524.84683455122 0.0996335956699168 0.0830771612875119 0.161798021696864 0.0838468217228163 0.817807067251111 -0.102301412993168 0.260567528336837 0.366352712048226 1 4.96509945001474e-005 
00000006.nii_R_ICA_labeled_d5_cp121_lmd1d0.000_lmd2d0.000_lmd3d0.000_lmd4d1000.000 5 121 0 0 0 1000 0.00575143624349802 19.695052972697 28854.0032524284 1525.61288988142 0.098709965276719 0.0821858928369471 0.161810795190963 0.0839174332680037 0.817801603747761 -0.101976885027353 0.261759512398507 0.366973940002336 1 4.91167616723568e-005 
