#spline3d 5 120 5 120
117.51662749654312 84.664142203515269 1.8236993237070573
117.24092018352047 84.107967609718798 2.0053273319666713
116.83292515730967 83.710193531294038 2.1482340361785863
116.35688420218743 83.390268612370036 2.258198912275033
115.88118095789667 83.062345776067673 2.3411579429571305
115.43553248945815 82.689608728433114 2.4000961029608678
114.97791157180728 82.334474629179653 2.4694146093846596
114.51327238422323 81.998922842827582 2.5824136453867452
114.0447624222265 81.66795293053822 2.6937449245544305
113.56365606618267 81.342460704268689 2.7570142219934506
113.1021866534326 80.985122912427812 2.7777901321503213
112.66590569611384 80.597017775209181 2.7988256374140468
112.23242181933145 80.207342429783608 2.8329960976839255
111.80094619008852 79.817226698141454 2.8815884999241907
111.38601649918688 79.410881379979358 2.9425034133289918
110.98437238780966 78.989550005290354 2.9888286959469355
110.58306824334981 78.565713625739093 3.0038492984078125
110.17627905952975 78.146724518889883 3.0070215232690849
109.75792905607275 77.739792846434014 3.0086314348210332
109.32636540968427 77.346648305559299 3.0047356833725498
108.87692531489769 76.972426725383727 3.0145250557934968
108.42298474674118 76.607678449463506 3.0717374385653997
108.01389691934264 76.207334314445546 3.180774995222746
107.64282981630951 75.769804367000305 3.2939801855144437
107.2676067544819 75.329844453856978 3.3786824567406573
106.90358158565151 74.895772014077423 3.5181650055849425
106.53705496151839 74.491975236403974 3.7299137518271692
106.15309529652295 74.131240328919375 3.9853592166475202
105.78301708981132 73.779942675578241 4.272140825242408
105.44396135016079 73.451001573313746 4.6137138253209011
105.12928051747222 73.158005774765655 5.0121713498892015
104.83280366149265 72.885929426745633 5.4383720773327804
104.60371518614934 72.631216520868932 5.9107481572020486
104.44835234945486 72.39340591098582 6.4233267709871145
104.31641001366242 72.192525210814637 6.9570228967511909
104.20794686123385 72.034899694003684 7.5087979107208733
104.12205139578228 71.923279590910525 8.0756508907523248
104.05104652397893 71.844204138956727 8.6501240113660387
103.96796556653426 71.783259302352931 9.2257246077259687
103.8793264085877 71.756009202568777 9.8016992441333723
103.81853454441689 71.779570334443619 10.381228702545037
103.77388948728087 71.813823204594726 10.963903304877036
103.74677825800154 71.84513052604386 11.546949468974974
103.78147844293565 71.917888646004542 12.124384333251864
103.84324428630735 72.037344512446708 12.694472881723303
103.8690907636127 72.191766761118998 13.257248849474369
103.88250869088549 72.377295140737118 13.810709381868325
103.89552271141501 72.579455978073156 14.358407064042515
103.88989332390457 72.785525467165144 14.904320197577627
103.87713128702555 73.010757796617597 15.4429466272834
103.90236795704935 73.247307957615604 15.977374233294519
103.98382813445119 73.508548873649374 16.494349922384053
104.08773370636794 73.830797680733113 16.972188105950828
104.15965070190114 74.16371598175941 17.445141722928227
104.159608027741 74.404137032757561 17.982603302716537
104.14493943152016 74.548271007303271 18.559300565420859
104.14977790608026 74.529888126918934 19.136315786794469
104.15385815739396 74.433846841241035 19.71868018615805
104.16946513372571 74.334433570848688 20.298944561310741
104.18858065380712 74.093776837496009 20.826511756535488
104.17276507193897 73.726784409831765 21.289359817117113
104.07787836809503 73.325586059091336 21.708920432370459
103.94407478239316 72.903810431633971 22.10270821482079
103.8419281973955 72.410294088579661 22.378978583996087
103.77177529612818 71.8369303600509 22.502970912106694
103.69873934017893 71.26129327876437 22.605969317124632
103.62996596488365 70.687572032614113 22.674404342575134
103.54637416598423 70.108871610976337 22.644015516581412
103.46029903149572 69.539091420832605 22.537637736775594
103.40840491367821 68.976946192608438 22.388798967593615
103.41410412027896 68.41663181876757 22.202491368300485
103.52575591375225 67.872768911624775 22.022936824350726
103.78853096544235 67.361825796629049 21.91070233182597
104.06675777356251 66.85348761436758 21.814707376822714
104.32753609773816 66.347284787829793 21.692847373340072
104.60685448733 65.853379583600798 21.557317240475392
104.90321556297006 65.365853276370771 21.428821695595662
105.21605953423695 64.891346007908325 21.295904461526746
105.54609035540503 64.440799143203222 21.124125724321761
105.86162079481683 63.978013824828274 20.958105989700083
106.16133421335441 63.478651005166178 20.896522648835028
106.43917032437113 62.956676040022742 20.953964636850685
106.64877040488297 62.431997169781788 21.119811121696671
106.79200309086316 61.953436424671004 21.42167648733091
106.87847439877406 61.49461089441423 21.783764260776433
106.8685336810438 61.037936221719043 22.150910898524195
106.74797835303391 60.65418454399456 22.583761567418989
106.54252031354113 60.39022121621138 23.065399447453856
106.25543590623806 60.272858650201826 23.568627694123801
105.93143599527806 60.284977472698031 24.064743961391589
105.54815660195663 60.400577638983854 24.491902384700396
105.07931537537813 60.571120007093427 24.799303859596527
104.60283210996303 60.793152377938767 25.069782054064362
104.16501431490897 61.091697803147213 25.314108446447442
103.7884118952289 61.497275961142932 25.501427424427725
103.45399062736816 61.938936550296972 25.695212323803052
103.11750950756331 62.363801932686172 25.911009906192785
102.76171688226022 62.776327632595603 26.119508587681434
102.38577821951496 63.18306488123099 26.305526461882316
101.993014485221 63.582244605070215 26.474183427481744
101.60909357229652 63.988437308012799 26.638652322013272
101.26561337923468 64.425000495184207 26.814567808056577
100.91904548140995 64.863620172462703 26.997719069098146
100.58537513927763 65.285660116827927 27.224074354417741
100.37269567650237 65.730746289865692 27.535519742432111
100.23802700885355 66.231239273239012 27.820795657279238
100.18067986274545 66.773256126156525 28.036392037557963
100.23758608675476 67.326296169994961 28.226775401866
100.38802318122139 67.872390357458585 28.380276660557691
100.61545996770924 68.399188828819106 28.494423588742659
100.89831352945279 68.899801958233937 28.603790603920817
101.19630213746315 69.369303375253054 28.784071157627096
101.50677481581413 69.797134720613826 29.03732275785822
101.8243394988592 70.182935872637088 29.341572991208228
102.14924733881799 70.525643243390036 29.686421310881546
102.531109751976 70.809997480948425 30.029835791512276
102.99358202785814 71.013491673284534 30.33000569852863
103.51684797593025 71.103323259901899 30.586612273203684
104.0687332530232 71.070728903466588 30.811880545256152
104.61791579115243 70.905142729828299 31.017052141668074
