#spline3d 5 121 5 121
66.450755246771152 108.98834433222092 5.649853120458836
66.498290990333118 108.3092784536409 6.0324400431295473
66.72165984363609 107.88686699729303 6.4581684734426643
67.07381101303335 107.60385644447824 6.8696204966698531
67.50917815387281 107.33676739916719 7.2022656096807838
67.954416030288399 106.99747087412969 7.4529550162414901
68.379627874065349 106.62621745939687 7.6883108561445948
68.770530444044581 106.21568926308856 7.9117127082010299
69.17580609689557 105.79893603707237 8.0944823251309028
69.659545379373171 105.44774954551201 8.2406925146265184
70.123976951739195 105.05865853636804 8.2910438920821292
70.567376222385306 104.63620539242449 8.2375532247593064
71.044738674912978 104.25980105650746 8.2069821029261192
71.554531320796372 103.92109529641145 8.2292333587860078
72.062507584384363 103.5851989351718 8.185979390230731
72.570439008029112 103.27676850384701 8.0383062115608066
73.063830704012531 102.95817248754574 7.8714674860830698
73.580813614994241 102.6742808074934 7.7250027549899238
74.115690873240069 102.39766821284343 7.6081782634961366
74.634324113607192 102.13174190014121 7.4372143421249541
75.158179932514159 101.94130057908673 7.1838266211089934
75.683800733947891 101.71037670942476 6.9765887734194729
76.220052034107113 101.46747118187518 6.8160972895870611
76.775980563351538 101.24926150276978 6.6888162482514835
77.320082248510815 101.02377786267296 6.5326172433799359
77.846925362818965 100.79369404530692 6.3273675863465417
78.380189030215007 100.5510094178087 6.156931278203662
78.891371115688841 100.26673709352478 5.9844074259019822
79.374847077368798 99.969220586050824 5.7601263597557288
79.86293588381443 99.699579864970531 5.506356918698712
80.399930960269373 99.460264259854611 5.3411479878201868
80.96789079938128 99.234119124078759 5.2857532404861027
81.534592871963127 99.008374305151179 5.2612594553654644
82.096444684101144 98.778082241973195 5.243307513138423
82.663480703860913 98.551131017717992 5.2475373756983874
83.238983554840786 98.338705282567147 5.2871440562183958
83.778250562038735 98.099199174297809 5.4361965195088127
84.282277983385953 97.83268626472595 5.6618173794998015
84.826591538577631 97.622064426148114 5.8364614440013778
85.366979186213655 97.427200256456075 6.0470159619344441
85.849995820607688 97.222067096320501 6.3628400416728503
86.278955965896458 97.040666370144265 6.7611420144128749
86.663620835124945 96.835114224050969 7.1868790175934363
87.002951604681797 96.605358177547444 7.6389255829215852
87.303813036321003 96.391129004120458 8.1263932718617635
87.551979763821535 96.181866276803774 8.6452571464844219
87.709881536226121 95.926673849455753 9.1771629368933993
87.809316393734861 95.660977844658731 9.7196824304160891
87.874216963818427 95.47507502601033 10.300696765148798
87.850562724677204 95.345383604480389 10.896501291610189
87.775042834889916 95.213828942283627 11.487651273009998
87.7405814808576 95.0236027688033 12.067894615546647
87.696418173219698 94.792755785195098 12.633143300250003
87.538777197793863 94.530291774843221 13.159979400480236
87.34354476439664 94.278863987737836 13.685112577000449
87.236155872806577 94.028593656604968 14.228795423043767
87.212361706431309 93.770825533272657 14.78433353564983
87.201009244570443 93.533483859691003 15.346668082013013
87.257415596138529 93.261201101180248 15.887538959928429
87.319083161181112 92.960743193372878 16.416469588579147
87.35169797838978 92.639753361135732 16.935474306787551
87.376699667177235 92.24972326676 17.404680620701697
87.402863628388801 91.790829770836737 17.811133620082757
87.442499483682624 91.291325594812065 18.160112899909691
87.491950560917516 90.750938304250809 18.443527148413263
87.472065274462992 90.180690278724924 18.663474481612724
87.388617135998047 89.585324897374349 18.786548875175427
87.316130942143488 88.97870845934159 18.823763551311227
87.252775616259939 88.375172600777631 18.829077762482488
87.18273020975947 87.767200310655198 18.800155447306487
87.106463930822756 87.158210791545628 18.710871731323703
87.014691969446105 86.628446510045123 18.438134677360228
86.893832606530424 86.135285027478673 18.085567386297775
86.732014236921799 85.610722353963652 17.815389459299084
86.532747664585116 85.058737273165647 17.640627504158498
86.413681576919842 84.462730256236284 17.547714946647947
86.405536674383896 83.846239326885453 17.515000945639059
86.515810961187611 83.243501595350324 17.550952742874379
86.704077879413873 82.675449497333105 17.64853886630268
86.910424285682126 82.103848241535019 17.792035646768472
87.179776607126101 81.609734552792261 18.034488768127602
87.62142051327811 81.327243420692227 18.362032024314544
88.143434344048586 81.087027204658696 18.619057493529318
88.667623170013314 80.999878597130575 18.897920952937895
89.175741395044525 81.100762741036064 19.24490683020359
89.679636127534764 81.274739223286986 19.54738253625165
90.181543656691233 81.502458206238614 19.803426297444922
90.650549674188838 81.772565438340663 20.086409716253559
91.076861947242293 82.054692078048816 20.424240469381289
91.472116499642198 82.387459577073315 20.743503090150799
91.855859999372797 82.762932656311705 21.037956624153235
92.220661204221344 83.150215379857698 21.348525440306375
92.465827315820619 83.53577584196502 21.745070628792835
92.580102606241255 83.936026772900917 22.211944255325566
92.598800251019043 84.345735963791654 22.677051697055461
92.377229693466944 84.699488439122533 23.117573123421675
92.079044150013971 85.019798082177999 23.55624656105023
91.837760753653512 85.344735877682524 24.009724956928988
91.533039617268145 85.632612190133912 24.453959280386009
91.147887679659206 85.837454148775976 24.890849213053066
90.717214916691873 85.927283071441508 25.316295346841269
90.246230603531473 85.959213444257003 25.706164160618627
89.736172777821977 86.019002124583167 26.033075545811062
89.211792898960852 86.075385972238251 26.340131005325315
88.696408797926878 86.099988635622879 26.669755478412021
88.145366054089791 86.152374848590867 26.923297011831409
87.559915902192643 86.244496897588803 27.090240341439952
86.992487170165774 86.252596998906327 27.309597127704095
86.447709760986086 86.172814848914271 27.57935565549343
85.899630472845502 86.084488232930369 27.833565826117173
85.354151689783492 85.983539375185146 28.087541796974062
84.846994936146331 85.782359223617263 28.361297903919013
84.376438826301651 85.537680269519242 28.666711091885198
83.931389891912318 85.299305949760722 29.008551158160532
83.488726460948158 85.094325510339871 29.374649222327477
83.061933650167646 84.874190220245339 29.750298271507788
82.658889033374706 84.613599210996369 30.127682709333875
82.276089738768761 84.37651223373642 30.538829105748693
81.906132894307945 84.147421114309751 30.966525991493132
81.536615643907155 83.866987022105988 31.363193843491352
81.155928543867276 83.480874378252679 31.684935539863943
