#fname degree numKnot L1 L2 L3 L4 MSE traceH AIC AIC0 GCV GCV2 cv_avr cv_stdev cv_error ts_avr ts_stdev ts_error sigma0 sigma_opt
00004538.nii_L_ICA_labeled_d5_cp120_lmd1d0.000_lmd2d0.000_lmd3d0.000_lmd4d0.000 5 120 0 0 0 0 3.84284626062066e-005 120 -159.21884288557 2059.82171952882 -0.0128749904900121 0.0122469421734093 0.221299383410923 0.198982652367263 0.779810364795608 0.297161038262323 5.70423075760945 5.7059963998826 1 5.06603916681956e-005 
00004538.nii_L_ICA_labeled_d5_cp121_lmd1d0.000_lmd2d0.000_lmd3d0.000_lmd4d0.000 5 121 0 0 0 0 3.51213588366351e-005 121 -157.747729202648 2065.82091590261 -0.0120008133924113 0.0118040787466646 0.225246379772185 0.204203247267898 0.777349737505085 0.297306479870934 5.06358409837663 5.06557712499441 1 5.78637207220228e-005 
00004538.nii_L_ICA_labeled_d5_cp120_lmd1d0.000_lmd2d0.000_lmd3d0.000_lmd4d0.000 5 120 0 0 0 0.0001 3.92967640857789e-005 112.097375828888 -202.469652494487 2012.40618549941 -0.0163282511328181 0.0116368735612768 0.206401212431734 0.12491812875653 0.778975563756025 0.0606407885845843 3.3770252879805 3.37834953913317 1 5.06603916681956e-005 
00004538.nii_L_ICA_labeled_d5_cp121_lmd1d0.000_lmd2d0.000_lmd3d0.000_lmd4d0.000 5 121 0 0 0 0.0001 3.62820216673131e-005 113.006739533781 -200.833062269565 2017.86163514636 -0.015243662417143 0.0112598129497646 0.208079647954118 0.126645026751323 0.777598283878328 -0.000506308305044996 4.69164195308143 4.69422580020613 1 5.78637207220228e-005 
00004538.nii_L_ICA_labeled_d5_cp120_lmd1d0.000_lmd2d0.000_lmd3d0.000_lmd4d0.000 5 120 0 0 0 0.0002 4.03310187035436e-005 108.24396810046 -220.62914487633 1989.28599045272 -0.0188814025593712 0.0114519028595956 0.204033440471792 0.123043981837359 0.78101533301651 0.108616498887875 2.73421641883973 2.7346136107245 1 5.06603916681956e-005 
00004538.nii_L_ICA_labeled_d5_cp121_lmd1d0.000_lmd2d0.000_lmd3d0.000_lmd4d0.000 5 121 0 0 0 0.0002 3.77256054495404e-005 109.110510442167 -218.148074172943 1994.48461138754 -0.0176984158921394 0.0111475106759023 0.205015983467556 0.124267740942445 0.780239046412354 0.0750269524511066 2.99441428183764 2.99548799242043 1 5.78637207220228e-005 
00004538.nii_L_ICA_labeled_d5_cp120_lmd1d0.000_lmd2d0.000_lmd3d0.000_lmd4d0.001 5 120 0 0 0 0.0005 4.30952617452196e-005 101.353581923342 -248.712364703334 1947.94434510107 -0.0261251583043687 0.0112619978047159 0.200850054360753 0.120560678865502 0.783773302611188 0.120071193541272 2.28628142021146 2.2865516369984 1 5.06603916681956e-005 
00004538.nii_L_ICA_labeled_d5_cp121_lmd1d0.000_lmd2d0.000_lmd3d0.000_lmd4d0.001 5 121 0 0 0 0.0005 4.13155667231744e-005 102.153391070326 -244.814667081678 1952.74276751708 -0.0246128484506523 0.0110896218074662 0.201246472535258 0.121095192780368 0.783464043194105 0.0911972686023371 2.51482077000927 2.51563566755228 1 5.78637207220228e-005 
00004538.nii_L_ICA_labeled_d5_cp120_lmd1d0.000_lmd2d0.000_lmd3d0.000_lmd4d0.001 5 120 0 0 0 0.001 4.63503118970849e-005 95.2779213334027 -269.553002706844 1911.49117253862 -0.0386230320525677 0.0111992049857806 0.198689566397131 0.119185320265063 0.785698339632021 0.125425275452656 2.40796272335482 2.40814708586991 1 5.06603916681956e-005 
00004538.nii_L_ICA_labeled_d5_cp121_lmd1d0.000_lmd2d0.000_lmd3d0.000_lmd4d0.001 5 121 0 0 0 0.001 4.51727630406838e-005 96.0208778632967 -265.411363408632 1915.94862557361 -0.0362433248603077 0.0111119160634287 0.198905059261885 0.119398286620035 0.785517683794513 0.0787254920743536 2.72003208775737 2.72110757631092 1 5.78637207220228e-005 
00004538.nii_L_ICA_labeled_d5_cp120_lmd1d0.000_lmd2d0.000_lmd3d0.000_lmd4d0.002 5 120 0 0 0 0.002 5.06603916681956e-005 88.9291823622449 -286.971506666853 1873.39978606106 -0.0727094541325627 0.0112258738568858 0.196514235321747 0.118631776716364 0.787765016224498 0.13414015420955 2.25460210227959 2.25470067415694 1 5.06603916681956e-005 
00004538.nii_L_ICA_labeled_d5_cp121_lmd1d0.000_lmd2d0.000_lmd3d0.000_lmd4d0.002 5 121 0 0 0 0.002 4.98749079480964e-005 89.6136709893214 -284.107841080359 1877.50652695097 -0.0664106595125736 0.0111882116531807 0.19669255505261 0.118676255320174 0.787595431419091 0.156989857647498 2.2692893869047 2.26929007466313 1 5.78637207220228e-005 
00004538.nii_L_ICA_labeled_d5_cp120_lmd1d0.000_lmd2d0.000_lmd3d0.000_lmd4d0.005 5 120 0 0 0 0.005 5.85026413635152e-005 80.6068741508779 -299.288854893294 1823.46784245953 1.57594535822381 0.0114452786203021 0.193541908761 0.118348304004697 0.790661092039686 0.106957728126109 2.08152597688282 2.08208547811731 1 5.06603916681956e-005 
00004538.nii_L_ICA_labeled_d5_cp121_lmd1d0.000_lmd2d0.000_lmd3d0.000_lmd4d0.005 5 121 0 0 0 0.005 5.78637207220228e-005 81.2177675685632 -300.934062212943 1827.13304770793 -2.82940420569963 0.0114255897900069 0.193735489480906 0.118349430819138 0.79046986142184 0.0630017026614794 2.91857926628629 2.92003591056862 1 5.78637207220228e-005 
00004538.nii_L_ICA_labeled_d5_cp120_lmd1d0.000_lmd2d0.000_lmd3d0.000_lmd4d0.010 5 120 0 0 0 0.01 6.68902735129678e-005 74.5737873942871 -295.254867447778 1787.2713601146 0.103088783570235 0.0117998932037518 0.191214917247376 0.117723944282774 0.792869000017987 0.0391386878882354 2.11251572241275 2.11570278330369 1 5.06603916681956e-005 
00004538.nii_L_ICA_labeled_d5_cp121_lmd1d0.000_lmd2d0.000_lmd3d0.000_lmd4d0.010 5 121 0 0 0 0.01 6.6133035384276e-005 75.1336611592854 -302.711527271294 1790.63041869572 0.112286385683838 0.0117720441781757 0.191432601072694 0.117746045559971 0.79265701249159 0.048266924430871 1.95224940439398 1.95517706605365 1 5.78637207220228e-005 
00004538.nii_L_ICA_labeled_d5_cp120_lmd1d0.000_lmd2d0.000_lmd3d0.000_lmd4d0.020 5 120 0 0 0 0.02 7.86729059107623e-005 68.8598581705079 -273.021318102261 1752.9906479516 0.059179849217319 0.0123771306615157 0.188826493602753 0.116392624655989 0.795035033737569 0.11598987242103 1.75174971289942 1.75218900307191 1 5.06603916681956e-005 
00004538.nii_L_ICA_labeled_d5_cp121_lmd1d0.000_lmd2d0.000_lmd3d0.000_lmd4d0.020 5 121 0 0 0 0.02 7.76170908394345e-005 69.3729217847722 -289.048413668794 1756.06877307412 0.061375226149945 0.0123301255010112 0.189065418435584 0.116449823102015 0.794807062273984 0.115529795432792 1.81029565145695 1.81073076513449 1 5.78637207220228e-005 
00004538.nii_L_ICA_labeled_d5_cp120_lmd1d0.000_lmd2d0.000_lmd3d0.000_lmd4d0.050 5 120 0 0 0 0.05 0.000103438734960252 61.8578870381194 -196.240212965825 1710.98483925372 0.0430364801670759 0.0136435832292592 0.185545895443253 0.113648554330588 0.79788495124308 0.120391064884527 1.53065455565907 1.5310508284054 1 5.06603916681956e-005 
00004538.nii_L_ICA_labeled_d5_cp121_lmd1d0.000_lmd2d0.000_lmd3d0.000_lmd4d0.050 5 121 0 0 0 0.05 0.000101567721529821 62.3151496635982 -230.813832724438 1713.72796035033 0.0436891152962404 0.0135538410517559 0.185817087700795 0.113730478822586 0.797628202192839 0.120419736777025 1.51931423041371 1.51971280331521 1 5.78637207220228e-005 
00004538.nii_L_ICA_labeled_d5_cp120_lmd1d0.000_lmd2d0.000_lmd3d0.000_lmd4d0.100 5 120 0 0 0 0.1 0.000133999186989248 56.9915123331113 -78.8507701317284 1681.79401721352 0.0390545192882286 0.0151225348331443 0.182964900529107 0.111229957439246 0.800099897382915 0.0988095414795854 1.25634936899713 1.25761529337405 1 5.06603916681956e-005 
00004538.nii_L_ICA_labeled_d5_cp121_lmd1d0.000_lmd2d0.000_lmd3d0.000_lmd4d0.100 5 121 0 0 0 0.1 0.000131059622947568 57.4107511557247 -136.388318724983 1684.30873583514 0.0393102100253181 0.0149895265838257 0.183247967640009 0.111321084649313 0.799832257989385 0.121268131878833 1.52775708453747 1.52813436874904 1 5.78637207220228e-005 
00004538.nii_L_ICA_labeled_d5_cp120_lmd1d0.000_lmd2d0.000_lmd3d0.000_lmd4d0.200 5 120 0 0 0 0.2 0.000179415903597448 52.4896533388853 111.986019283919 1654.7938995103 0.0380551106670072 0.0170851255539429 0.180351132476866 0.108821535793594 0.802358172820057 0.0485689473215716 1.26198043450176 1.26647926336134 1 5.06603916681956e-005 
00004538.nii_L_ICA_labeled_d5_cp121_lmd1d0.000_lmd2d0.000_lmd3d0.000_lmd4d0.200 5 121 0 0 0 0.2 0.000175003503375614 52.8741068243788 20.9351320797557 1657.09954821001 0.0380979903416386 0.0169078496672471 0.180629911052969 0.108929029860041 0.802096562265126 0.052044233736601 1.28392295016839 1.28806211791778 1 5.78637207220228e-005 
00004538.nii_L_ICA_labeled_d5_cp120_lmd1d0.000_lmd2d0.000_lmd3d0.000_lmd4d0.500 5 120 0 0 0 0.5 0.000270450828823807 47.071814209366 516.141357251407 1622.30898622001 0.0392616493119698 0.0203963997358668 0.17683908664751 0.10564815808561 0.805415508014799 0.0477272985920593 1.01658715055029 1.02225475354887 1 5.06603916681956e-005 
00004538.nii_L_ICA_labeled_d5_cp121_lmd1d0.000_lmd2d0.000_lmd3d0.000_lmd4d0.500 5 121 0 0 0 0.5 0.000263217242872699 47.4147411096102 358.634526030446 1624.36478986009 0.0391285258487804 0.0201570662035494 0.177105538176418 0.105805930239646 0.805172076802353 0.0479749948180351 1.03770047572967 1.04322789100254 1 5.78637207220228e-005 
00004538.nii_L_ICA_labeled_d5_cp120_lmd1d0.000_lmd2d0.000_lmd3d0.000_lmd4d1.000 5 120 0 0 0 1 0.000374620396177255 43.3511673767457 993.482086681099 1600.01041842916 0.0416417731267755 0.0235578258983972 0.174064677032323 0.10304166590649 0.807829424865533 0.0465494374314447 0.883656880876165 0.890314240712644 1 5.06603916681956e-005 
00004538.nii_L_ICA_labeled_d5_cp121_lmd1d0.000_lmd2d0.000_lmd3d0.000_lmd4d1.000 5 121 0 0 0 1 0.000363929379272978 43.6657159768375 759.083263107132 1601.8951121126 0.0413890778252056 0.023255882868649 0.174327188690878 0.103246188570774 0.807595179703422 0.0466418473563748 0.896996075475377 0.903544048181647 1 5.78637207220228e-005 
00004538.nii_L_ICA_labeled_d5_cp120_lmd1d0.000_lmd2d0.000_lmd3d0.000_lmd4d2.000 5 120 0 0 0 2 0.000527803468287924 39.9317964486176 1707.73093688772 1579.53141634691 0.0453122296581676 0.0274916285034909 0.171115212997956 0.100391599216227 0.810422340605409 0.0463528499194978 0.796631611445241 0.804036476078535 1 5.06603916681956e-005 
00004538.nii_L_ICA_labeled_d5_cp121_lmd1d0.000_lmd2d0.000_lmd3d0.000_lmd4d2.000 5 121 0 0 0 2 0.00051192635577784 40.220311545104 1359.92747668318 1581.25864878749 0.0449412202100894 0.0271134989837685 0.171384450506975 0.10059898497841 0.810180902172184 0.0463558356312434 0.80431606766711 0.811650427904157 1 5.78637207220228e-005 
00004538.nii_L_ICA_labeled_d5_cp120_lmd1d0.000_lmd2d0.000_lmd3d0.000_lmd4d5.000 5 120 0 0 0 5 0.000838491067789048 35.8366239044766 3173.41854733662 1555.03587816875 0.0519335295991011 0.0339658520747049 0.166902543665645 0.097624529653113 0.814266346721641 0.045872300915058 0.705867946693625 0.71428786534886 1 5.06603916681956e-005 
00004538.nii_L_ICA_labeled_d5_cp121_lmd1d0.000_lmd2d0.000_lmd3d0.000_lmd4d5.000 5 121 0 0 0 5 0.000813352139767355 36.0939813258049 2601.0138723878 1556.57391393721 0.0514422283668567 0.0334944195797692 0.167191922299863 0.0977606151756961 0.813995388775046 0.0458476244044558 0.71164595496923 0.720002054886143 1 5.78637207220228e-005 
00004538.nii_L_ICA_labeled_d5_cp120_lmd1d0.000_lmd2d0.000_lmd3d0.000_lmd4d10.000 5 120 0 0 0 10 0.00117806845446971 33.0329118337585 4785.42902267024 1538.2961230494 0.0579598064909581 0.0397228418843733 0.163517196193395 0.0963403417231779 0.81747503850634 0.0470710242421851 0.643277418859608 0.652305686215682 1 5.06603916681956e-005 
00004538.nii_L_ICA_labeled_d5_cp121_lmd1d0.000_lmd2d0.000_lmd3d0.000_lmd4d10.000 5 121 0 0 0 10 0.00114399622373658 33.2689717076308 3972.61110133712 1539.70420274057 0.0573979687716964 0.0391882511663539 0.163818249827098 0.0964209220305269 0.817185587473087 0.0468836053347789 0.64850364854582 0.657491009401662 1 5.78637207220228e-005 
00004538.nii_L_ICA_labeled_d5_cp120_lmd1d0.000_lmd2d0.000_lmd3d0.000_lmd4d20.000 5 120 0 0 0 20 0.00163617187363221 30.4604021611053 6967.35421375324 1522.97238414434 0.064828757563048 0.0462467140562941 0.160116375449968 0.0955520741251632 0.820760115028501 0.050420788656173 0.592306522035177 0.601506890815243 1 5.06603916681956e-005 
00004538.nii_L_ICA_labeled_d5_cp121_lmd1d0.000_lmd2d0.000_lmd3d0.000_lmd4d20.000 5 121 0 0 0 20 0.00159005488355315 30.6769332329933 5830.29227101915 1524.26036414708 0.0641835858016999 0.0456367966442725 0.160411151636838 0.0956000785171772 0.820472935984574 0.0500137744235193 0.596256702876653 0.605467635055956 1 5.78637207220228e-005 
00004538.nii_L_ICA_labeled_d5_cp120_lmd1d0.000_lmd2d0.000_lmd3d0.000_lmd4d50.000 5 120 0 0 0 50 0.0025208409429664 27.3831155908974 11192.3354573358 1504.72363930694 0.0758501015598077 0.0565843366890683 0.156046277665344 0.0948174742885267 0.824717893578605 0.0593316648494396 0.557126768841667 0.565318850874338 1 5.06603916681956e-005 
00004538.nii_L_ICA_labeled_d5_cp121_lmd1d0.000_lmd2d0.000_lmd3d0.000_lmd4d50.000 5 121 0 0 0 50 0.00244855028508196 27.5762130965933 9416.95874800662 1505.86465771125 0.075024802905615 0.0558170823266178 0.156291743490447 0.0948597078369669 0.82447891399436 0.0585939440125074 0.558473279167035 0.566771203029428 1 5.78637207220228e-005 
00004538.nii_L_ICA_labeled_d5_cp120_lmd1d0.000_lmd2d0.000_lmd3d0.000_lmd4d100.000 5 120 0 0 0 100 0.00352706591261614 25.2778907996952 16006.2097784686 1492.33680322735 0.0863305006901819 0.0662842777581644 0.153497970969955 0.0943555108996689 0.827196532452825 0.0664968084937717 0.555084185909805 0.562130596539348 1 5.06603916681956e-005 
00004538.nii_L_ICA_labeled_d5_cp121_lmd1d0.000_lmd2d0.000_lmd3d0.000_lmd4d100.000 5 121 0 0 0 100 0.00342379773549185 25.4549057656095 13499.8045638633 1493.37379885579 0.085328352636591 0.065359847411103 0.15370881579059 0.0943826986932028 0.826990166590564 0.0659818553998652 0.554710896755567 0.561843552981832 1 5.78637207220228e-005 
00004538.nii_L_ICA_labeled_d5_cp120_lmd1d0.000_lmd2d0.000_lmd3d0.000_lmd4d200.000 5 120 0 0 0 200 0.00495046408136806 23.3470196559048 22822.162666039 1481.09746211961 0.0988521712599429 0.0778380827479712 0.151118067086571 0.0942888940289788 0.82955337290394 0.071014537123231 0.56145326287188 0.567733077951479 1 5.06603916681956e-005 
00004538.nii_L_ICA_labeled_d5_cp121_lmd1d0.000_lmd2d0.000_lmd3d0.000_lmd4d200.000 5 121 0 0 0 200 0.00480613173608933 23.5093180789899 19293.2738449074 1482.03617989822 0.0976754440262556 0.0767517031000116 0.151328626223776 0.0942730623114632 0.82934237887809 0.0706238446165225 0.56082287855144 0.567167818607641 1 5.78637207220228e-005 
00004538.nii_L_ICA_labeled_d5_cp120_lmd1d0.000_lmd2d0.000_lmd3d0.000_lmd4d500.000 5 120 0 0 0 500 0.0077022061108271 21.0378345710412 36007.4418523603 1467.91102492359 0.118553745334939 0.0960804190604955 0.147838611020215 0.0949131615385362 0.832882568695976 0.0770091651476123 0.582105689192828 0.587336745309795 1 5.06603916681956e-005 
00004538.nii_L_ICA_labeled_d5_cp121_lmd1d0.000_lmd2d0.000_lmd3d0.000_lmd4d500.000 5 121 0 0 0 500 0.00748206188281218 21.1826398062003 30516.9427687026 1468.72636128714 0.117130075596063 0.0947592007496886 0.148057044347449 0.0948557405493126 0.832659015395798 0.0766336317548366 0.579022653075971 0.584331700908518 1 5.78637207220228e-005 
00004538.nii_L_ICA_labeled_d5_cp120_lmd1d0.000_lmd2d0.000_lmd3d0.000_lmd4d1000.000 5 120 0 0 0 1000 0.0107297451846741 19.4583011342946 50519.9999285945 1459.16951629806 0.136335904006001 0.112601047475641 0.145518033219382 0.0956414205495703 0.835271146083095 0.064971889951004 0.447026567636607 0.456046085818712 1 5.06603916681956e-005 
00004538.nii_L_ICA_labeled_d5_cp121_lmd1d0.000_lmd2d0.000_lmd3d0.000_lmd4d1000.000 5 121 0 0 0 1000 0.0104227880406394 19.5911758854983 42857.0397983974 1459.89217421928 0.13466235043101 0.11104471757425 0.145702338391961 0.0955792756964608 0.835080938301995 0.0661922409964294 0.462692125538979 0.471179897918428 1 5.78637207220228e-005 
