#spline3d 5 121 5 121
74.694868741991797 109.69094348298708 3.2611397751434748
74.400790810882839 109.71521075201487 3.8769473714408877
74.16596481780546 109.58978916376418 4.4643396609496708
73.962071100002902 109.37645064418122 5.0332605182520815
73.754596966644812 109.13990329465766 5.5922435673656858
73.5519169575132 108.91190868824066 6.1552912743291746
73.378380237342697 108.71402277982058 6.7412547277025556
73.275235168903933 108.50003620445092 7.3371190785295965
73.180367341042924 108.23222275545326 7.9129679531304946
73.099090564661722 107.90978469636767 8.4617716855209455
73.138330536907318 107.60720092782827 9.0307761959123507
73.202188539184831 107.24232801722977 9.5552671260300581
73.243845485620668 106.78043906561169 10.001566866617761
73.340528888741773 106.3512871138042 10.468934964262504
73.470047193303202 105.89999449366422 10.909177192416001
73.684669511096644 105.38934892264443 11.238910494111604
73.946036100564015 104.87567055910178 11.522188618392727
74.256033892132493 104.37372025658793 11.771880863439661
74.586750475038372 103.89204273913123 12.038494271876107
74.94653411765205 103.41109304623022 12.258110807824183
75.348975871243084 102.93570057764747 12.432214508541039
75.810584942385816 102.49883793830701 12.522478026354959
76.291054402858734 102.07080446552229 12.489213569537378
76.767986958785642 101.64305596114764 12.475827739724895
77.270601640452711 101.24565516135664 12.48186235364386
77.796424280343828 100.87820978987037 12.476826888830178
78.327832333756959 100.5206914897757 12.424513349256511
78.890642326169143 100.21205390605834 12.454346330792402
79.472024423503839 99.951315562761607 12.537375729802115
80.077007866831309 99.739494364437704 12.560999090539582
80.666321168340914 99.488394963477703 12.584249339828945
81.245518356575417 99.216370475388928 12.611815843526298
81.830624224021307 98.9499230081787 12.647928121619822
82.401368918699887 98.694732502026184 12.791238630833995
82.939851625973873 98.41362426319489 13.002133731506163
83.473278956536745 98.092147380893621 13.158978368008
83.969770937642963 97.732929602857823 13.343780357472346
84.440970312114032 97.34178861045396 13.539649352043035
84.934053828520192 97.007670220192622 13.782032183559014
85.40994856844668 96.729369842755929 14.111800060556948
85.899378680203171 96.472253236476647 14.438406125014602
86.383282693281629 96.157788643041897 14.718097746261229
86.793395621426185 95.76500128433743 15.02350389131972
87.179601015783703 95.39827369873808 15.378745783824439
87.57085557985441 95.074285797819542 15.773863588551773
87.9158528575703 94.754467476574774 16.210909944425037
88.143874418672482 94.39928056317892 16.697481715309095
88.352513900785453 94.046946776189415 17.190864825380459
88.550979904018334 93.728897990061384 17.711030624830869
88.733285605827533 93.353103383526289 18.197776093335914
88.887001903798918 92.938379673484661 18.664272803938989
88.960145786584334 92.574295756394648 19.188641657691463
89.030645726173717 92.220981777533808 19.719013626273924
89.073677024071259 91.84286669391696 20.234380984661886
89.09613958817333 91.432893997650311 20.729632913635704
89.221137970600878 90.983119812387514 21.171734751628811
89.326078751170698 90.582203995723503 21.657419492964653
89.413207363260483 90.20728410821927 22.176723356099586
89.442843171015923 89.867311083626973 22.716203270812251
89.386292090686112 89.569639117635319 23.285861809109207
89.404509150963662 89.186120627387453 23.806820471644361
89.425837349170706 88.693983082495976 24.226878630290265
89.2680793343864 88.160389633534805 24.555742674873425
89.14578645137054 87.607459140746641 24.858149228094305
89.047208796153981 87.026388827437074 25.106033087862773
88.915380807141233 86.412580290665076 25.268495272766604
88.696196624652174 85.811961445601526 25.330621127247223
88.49946484219258 85.20075289653947 25.281529899765474
88.336346337916652 84.585522039668518 25.202847471501027
88.121582692908206 83.990670404934022 25.098452506413544
87.866315864582518 83.405134355838911 25.026983441245886
87.639423049336656 82.818946978059529 24.908412145868311
87.435840131894452 82.234921356494397 24.730887930931136
87.258694057620175 81.642548109708727 24.565282997286129
87.148535102942546 81.032808031905901 24.388612152946322
86.933186531197791 80.454200202354357 24.218207673007541
86.691166323968957 79.878169769914209 24.070969267728408
86.524288262683925 79.269032936878276 23.94787813264907
86.395919411846123 78.644784964443375 23.876886190542113
86.296488851529077 78.010932819194423 23.87365277709354
86.150460275745871 77.386696839555484 23.931533674496897
86.028165744965932 76.766388774059692 24.069250195649605
86.047229456763858 76.17158284924534 24.313403526795049
86.151531240653185 75.596629236651111 24.593340316046699
86.322302641092065 75.079490636021944 24.926949505556017
86.602594948037748 74.607450087432127 25.270019269612902
86.942616524568564 74.19060423604644 25.63428240869548
87.342201743873019 73.978072010383784 26.100687374232024
87.750737934513253 73.91450078053235 26.598184770928288
88.150724497371385 73.929997638653418 27.100922287173891
88.555829504798098 74.070128293006874 27.580914252318809
88.971777876329824 74.318499104428398 28.007971803596973
89.421163382050977 74.552585410074414 28.394948332099432
89.955831790455633 74.731050889447801 28.735889377496754
90.308206718162182 75.147706072325548 29.084626875014955
90.498376990969149 75.658449830465116 29.452018091677669
90.643408046375527 76.135869722240784 29.845099684044701
90.753745230762135 76.618720355432473 30.251629173303993
90.848761715822036 77.113735113356782 30.652841655038682
90.832313244934198 77.624455773302429 31.045422227807286
90.816990836258867 78.222080121204058 31.288434582854148
90.797052608405181 78.832650584681247 31.500139095187219
90.611815182639546 79.377327784234581 31.790436640404973
90.407453555335309 79.87715364732675 32.139119719554337
90.204250078239312 80.398625371804812 32.457363046494777
89.86265814790157 80.856890709123135 32.743617655563014
89.506104582785952 81.264560725847829 33.098921478973985
89.170717176597734 81.725682539416454 33.386565318672915
88.733998857774466 82.160579472065535 33.572347486268164
88.31297117054271 82.640488333123486 33.723800843606895
87.757756172333274 82.921182586136155 33.873309293834886
87.14495856588124 83.05714561035775 34.057588496039251
86.572450798129722 83.204221742989773 34.288628335736426
85.976002009156375 83.352431747233354 34.492883538667748
85.351812218997694 83.415904280301802 34.623670557642619
84.709818670737988 83.342677482210121 34.671087081559222
84.077275198921981 83.238299924622027 34.709499827935879
83.474995936214043 83.016113444166933 34.752992415450422
82.908073806237454 82.741122461963258 34.892623770132495
82.357621380221673 82.488730334895138 35.113657335742872
81.807182130481351 82.334718257874783 35.414484825261184
