#spline3d 5 120 5 120
128.97231151531329 107.01558773131001 2.7586145701925791
129.39829356940618 106.81312680756794 3.3220046122860971
129.75630017971116 106.59825879876232 3.9333054946771608
130.04711677528152 106.36716667711342 4.5814318055495526
130.2715267141314 106.11603251996141 5.2552986291657016
130.4303256151596 105.84104358872018 5.9438180521544668
130.52441291177593 105.53843691198006 6.6358784831797708
130.55501636087868 105.20468272745869 7.3203191677495338
130.52379694619862 104.8367154010225 7.985972919977506
130.43295095175355 104.43240013858762 8.6218298982535995
130.28506938506916 103.99083721096864 9.2173033457717608
130.08298446554275 103.51292224798968 9.7627357521938016
129.8295054601416 103.00155192868206 10.249891529567408
129.52722943737362 102.46191227681231 10.672629519330288
129.17850688733594 101.90123125181893 11.027279911915143
128.78557859932053 101.32837540641569 11.312912999761886
128.35087994548303 100.75301508461445 11.531146913676322
127.87733893969559 100.18471153038678 11.685613847118891
127.36860452946375 99.631904791903608 11.781180082511105
126.82902387016907 99.101264614785038 11.823115661034697
126.26346417661591 98.597096450763587 11.816489729897656
125.67692859240421 98.121452345803405 11.766010349751891
125.07406296153928 97.674146177589591 11.676357193791008
124.45879304758722 97.253440776471095 11.552818706687166
123.83383214932233 96.856541405186093 11.402285790310117
123.20068361872201 96.480397331103759 11.233553399193044
122.55949885971387 96.12235183497242 11.057737274885215
121.90963268666106 95.780388426128212 10.887444514610028
121.25027770852799 95.45307118436881 10.7359308559507
120.58129085511929 95.138922441975311 10.615849506242862
119.90416005752743 94.835577172180862 10.537932890703727
119.22216192928651 94.53932621835105 10.510607351913789
118.54060024514162 94.244713570225457 10.539332226183026
117.86606118193994 93.945128916142963 10.627053552412182
117.20574586454136 93.633591625615225 10.774110571702714
116.56655956988602 93.303924028477354 10.978816515690761
115.95444888754939 92.951981120261379 11.237695694467876
115.37420863934506 92.576479289087601 11.546290692977919
114.82962997681339 92.179742379243635 11.900046179638293
114.32407455541548 91.767748651975509 12.295411081061438
113.86102310031205 91.349787479329137 12.730602350589036
113.44438712889875 90.937334507929762 13.205687560035127
113.07837200100685 90.542407723730491 13.721819696757757
112.76692401664705 90.17543533577286 14.279909081868658
112.51309407750607 89.843672886168548 14.879475163747124
112.31814297874566 89.54960807186275 15.517686075693303
112.18118476559231 89.291247685313166 16.189530236127471
112.09851838769757 89.062364441978531 16.88817109144636
112.06404514807406 88.854432181404448 17.606084826968591
112.06931730323539 88.65838469833767 18.336185397500028
112.10453609941526 88.4664502395689 19.072611945734568
112.15902114315246 88.274200151937706 19.811611486141434
112.22180475413577 88.080800103207977 20.551251986840242
112.28165482109962 87.889745968811951 21.291346136182252
112.32691704922588 87.707278776705465 22.03240561026707
112.34507314912491 87.541032527007744 22.774664829572817
112.32274956481504 87.39773537848879 23.517097531693931
112.24610400141036 87.280690581672275 24.256325241239438
112.10204283592725 87.188201898401786 24.986321095413793
111.88019218424128 87.111906620970942 25.698021062788829
111.57484926123523 87.037268664278074 26.379865157183314
111.18718642172361 86.944505506009008 27.01830550160291
110.72625298229579 86.811398794328696 27.598809114282869
110.20913931889058 86.61635319954965 28.106744365975487
109.65988913112024 86.341914663789439 28.528349404815692
109.10723691062248 85.977239787810774 28.851535731259034
108.58175996017449 85.520308885418928 29.067003523270525
108.11296000687879 84.977931244474547 29.168980854329774
107.72612523163261 84.365794638750529 29.156485846737223
107.44080945090144 83.706040901181581 29.033328990751496
107.26882734611307 83.025206766173852 28.808739466413538
107.2152376025534 82.350881649043572 28.496134895859814
107.27815894907877 81.70834190691329 28.1125966186837
107.45122090045021 81.118448418120863 27.676930608773311
107.72440473655401 80.594490776078771 27.20810162165521
108.08605388886134 80.142565053889172 26.723625260075991
108.52370188324196 79.759979728355759 26.237718717666088
109.02488235446536 79.437331060501691 25.761043241089922
109.57730427854544 79.158527087278529 25.300220903895209
110.16859793133381 78.903103754568136 24.859343987332341
110.78563319692324 78.647345565479085 24.441393368911548
111.41381698301302 78.366659552859815 24.050247868341938
112.03623839528436 78.038006038699265 23.692359016915173
112.63350165265507 77.642684322472761 23.377418052949064
113.1838445972726 77.16941733569432 23.118361298997904
113.66422031979297 76.616538981624103 22.92999166172422
114.05180432895163 75.993505807943535 22.826943918483195
114.32617426389034 75.320956894844258 22.82074493011508
114.47132203585345 74.629096442327196 22.917236288482506
114.47808680605843 73.954979064274752 23.114030588243132
114.34505409621711 73.338477965810327 23.400379358357874
114.08007920997379 72.817654188585976 23.757536703995637
113.6989810133726 72.425146992255293 24.162128086068172
113.22527773704905 72.183464401537236 24.589857627414933
112.68709460104725 72.104512369681188 25.019231469210602
112.11473291998705 72.186751347259431 25.435551846640109
111.53739513291887 72.41844593804143 25.831014833849466
110.97975913457766 72.777970204234819 26.205856632087755
110.46073212323333 73.238548552169306 26.565547992629536
109.99183464615902 73.77107390820612 26.919403293416888
109.57872174596338 74.347511364245435 27.278060993880338
109.22217860464043 74.943352715162092 27.652013086709687
108.92069479638126 75.538688353155734 28.050433088476169
108.67224165420475 76.11912063346648 28.480281146872279
108.47576464094033 76.675323236861473 28.945876109507083
108.33182248734053 77.202794231489037 29.448403826047787
108.24241021714992 77.70093451727341 29.985834575770042
108.21031139458756 78.172170344564833 30.553046683661329
108.2382151914357 78.620798166161293 31.14237538805644
108.32807585298475 79.051810767557782 31.744518945199406
108.48067915915253 79.46975464261044 32.349540211840491
108.69565910777334 79.878005655249055 32.947744999600353
108.97155793825806 80.278253220206665 33.530327914734833
109.3061718021613 80.670731816791246 34.089451479838516
109.69674550948271 81.054502536912054 34.61817179286178
110.14025377502246 81.428081748253135 35.110011989638814
110.63353801020881 81.789767560337467 35.558709320908498
111.17341306534966 82.13783230515034 35.958035232192273
111.7566911130025 82.47054668057396 36.301763888312102
112.38018479302207 82.786181698572435 36.583668975010177
