#spline3d 211
117.93499756 78.08460236 3.48005009
117.78454523 77.85959746 3.60942120
117.63409290 77.63459256 3.73879232
117.46490434 77.41706384 3.85671073
117.29043214 77.20164343 3.97139947
117.09426036 76.99475045 4.05768956
116.87774110 76.79585357 4.11735054
116.66047264 76.59697774 4.17322651
116.43713059 76.39827267 4.19841839
116.21378853 76.19956760 4.22361026
115.99044647 76.00086253 4.24880214
115.76760576 75.80039451 4.25877589
115.54488270 75.59951280 4.26517856
115.31991540 75.40126518 4.26736639
115.08869698 75.21035461 4.25781409
114.85737320 75.01961925 4.24782349
114.62174139 74.83604708 4.21991320
114.38133101 74.66083036 4.18443262
114.13317275 74.49916102 4.13667770
113.88424698 74.33853803 4.08940276
113.63480166 74.17862336 4.04245275
113.38535633 74.01870869 3.99550273
113.13436029 73.86041635 3.95162880
112.88126868 73.70431635 3.91191176
112.62817706 73.54821636 3.87219473
112.36253254 73.41164519 3.84562108
112.09442582 73.27940968 3.82089904
111.82267354 73.15446653 3.79766325
111.55000595 73.03162143 3.77415700
111.27579283 72.91231892 3.75019409
111.00230942 72.79042893 3.73477950
110.72984513 72.66492530 3.73130349
110.46549337 72.52424336 3.74116789
110.20506699 72.37621717 3.75748725
109.92657256 72.27047268 3.78011204
109.64181125 72.17939351 3.80492386
109.35704995 72.08831434 3.82973568
109.07259168 71.99771722 3.85901351
108.78841063 71.90756109 3.89237707
108.50305106 71.82687241 3.93638853
108.21698604 71.75185087 3.98677375
107.93125372 71.68495552 4.04856665
107.64698611 71.62166718 4.11980315
107.36694893 71.56141901 4.20896255
107.08882370 71.50381059 4.30455241
106.81769654 71.45586412 4.42367898
106.54656937 71.40791765 4.54280554
106.28148467 71.36037376 4.67495263
106.01659714 71.31284301 4.80752458
105.75170961 71.26531226 4.94009654
105.51541233 71.21622889 5.11761692
105.28153954 71.16701387 5.29894898
105.05642577 71.11489857 5.48792714
104.88590511 71.04470652 5.72456183
104.71538445 70.97451447 5.96119652
104.54018114 70.94488090 6.20279586
104.36482512 70.91657003 6.44455710
104.19683414 70.93000074 6.69169952
104.03093780 70.95530287 6.94037236
103.86504146 70.98060500 7.18904520
103.73017472 70.99504759 7.45456800
103.62031977 71.00073671 7.73367293
103.51046483 71.00642583 8.01277786
103.40214369 71.00427848 8.29218743
103.29844012 70.97853909 8.57251413
103.19473656 70.95279970 8.85284083
103.11113027 70.94969660 9.13957263
103.04401039 70.96516275 9.43155874
102.97689051 70.98062890 9.72354485
102.90848288 71.00596324 10.01416583
102.83729156 71.05262953 10.30183584
102.76876843 71.09794925 10.58999294
102.76314669 71.11152413 10.88963297
102.75752496 71.12509901 11.18927299
102.75472123 71.14644703 11.48840555
102.75421971 71.17414541 11.78712352
102.75552889 71.21252555 12.08449622
102.75827513 71.25938335 12.38080124
102.75658315 71.30740549 12.67691489
102.75329160 71.35584728 12.97295957
102.75000005 71.40428907 13.26900425
102.76032182 71.44843632 13.56540836
102.77657998 71.49071084 13.86196922
102.79283814 71.53298537 14.15853007
102.84243287 71.55803562 14.45315610
102.89481287 71.58413481 14.74734951
102.94818133 71.62076969 15.04028249
103.00154978 71.65740457 15.33321546
103.05491823 71.69403945 15.62614844
103.08597978 71.73269310 15.92189006
103.11363038 71.77165544 16.21806115
103.14377220 71.80894290 16.51403477
103.20162102 71.82760259 16.80781211
103.24901926 71.83094549 17.10337656
103.28485836 71.81734686 17.40091769
103.32370096 71.77704099 17.69515834
103.36372861 71.72619762 17.98809676
103.38387863 71.62782218 18.27004531
103.40101170 71.52223247 18.55032586
103.41136498 71.36944047 18.80599191
103.41893496 71.19727043 19.05155293
103.42650494 71.02510040 19.29711395
103.41825745 70.83952374 19.53167924
103.39644107 70.64244632 19.75681192
103.37462469 70.44536889 19.98194460
103.35963145 70.23182674 20.19201829
103.36738856 70.01795932 20.40150410
103.38934754 69.80473067 20.61138839
103.41130652 69.59150202 20.82127268
103.42395898 69.36536180 21.01708940
103.42925969 69.12902199 21.20179333
103.41766294 68.85477540 21.31851508
103.40332183 68.57437230 21.42419573
103.38898073 68.29396920 21.52987638
103.36723991 67.99749980 21.56518502
103.34495621 67.69985167 21.59533071
103.32267251 67.40220353 21.62547641
103.30209401 67.10344298 21.64010610
103.28224405 66.80420716 21.64810666
103.26239409 66.50497134 21.65610722
103.24031678 66.20710159 21.64294115
103.21523783 65.91107282 21.60125035
103.19015889 65.61504404 21.55955955
103.16623764 65.32165276 21.50169619
103.18490599 65.02802565 21.45459288
103.23038763 64.73423964 21.41432889
103.27586928 64.44045363 21.37406491
103.31998245 64.14711944 21.32938677
103.36326879 63.85405823 21.28204161
103.40655514 63.56099703 21.23469646
103.45434932 63.26918790 21.18474439
103.51282659 62.98034603 21.12861419
103.57130387 62.69150417 21.07248400
103.63062189 62.40249982 21.01827995
103.69366077 62.11277631 20.97260043
103.75669965 61.82305280 20.92692091
103.81445422 61.53196673 20.88730850
103.84329560 61.23342536 20.88089237
103.87213697 60.93488399 20.87447624
103.89726807 60.63641564 20.87051867
103.87196229 60.33893987 20.89998235
103.84665652 60.04146410 20.92944604
103.80757885 59.74957145 20.97053697
103.70725502 59.48250798 21.06333641
103.60224406 59.21917266 21.15949483
103.45942313 58.98591145 21.28274924
103.29270884 58.78124040 21.41886689
103.09849608 58.60947331 21.56978865
102.90428333 58.43770621 21.72071041
102.68510498 58.32395077 21.88235340
102.44833305 58.25107691 22.05155179
102.21156112 58.17820306 22.22075017
101.96380111 58.18581901 22.38816683
101.71872530 58.23635168 22.54579488
101.47995003 58.35134668 22.68637281
101.24361206 58.47735182 22.82069763
101.01055201 58.61816448 22.94661263
100.77749196 58.75897714 23.07252764
100.55493016 58.91531222 23.19802596
100.34060874 59.08383128 23.32319721
100.12628732 59.25235034 23.44836846
99.91760699 59.41781668 23.58567874
99.71549335 59.57972940 23.73711986
99.51414617 59.74203114 23.88904780
99.34061893 59.91845296 24.05864559
99.16709168 60.09487478 24.22824337
99.00784552 60.28428243 24.39557544
98.87753778 60.50000387 24.55831636
98.77014647 60.72293239 24.72640247
98.68233633 60.95201908 24.89905585
98.61981438 61.18883560 25.06980829
98.58797316 61.43503028 25.23825445
98.55613194 61.68122496 25.40670062
98.53221313 61.93911435 25.55755728
98.51083470 62.20075370 25.70277376
98.48945626 62.46239306 25.84799025
98.49206968 62.74536166 25.94508444
98.49823122 63.03148461 26.03506190
98.51510290 63.31648392 26.12714338
98.53496490 63.60149456 26.21836505
98.57614792 63.88792268 26.29750449
98.61733094 64.17435080 26.37664394
98.66494948 64.45912188 26.45477873
98.78850187 64.72434128 26.52105928
98.91205425 64.98956068 26.58733984
99.04228489 65.25946912 26.58838100
99.17789341 65.52655120 26.58560773
99.35152477 65.77098851 26.57550841
99.52896216 66.01251710 26.57109031
99.71742479 66.24561975 26.58312947
99.90588741 66.47872240 26.59516863
100.08142844 66.71884800 26.62891028
100.24970651 66.96292106 26.67485044
100.41798458 67.20699412 26.72079060
100.61982300 67.39816377 26.80548912
100.85592692 67.53531845 26.92976036
101.09203083 67.67247314 27.05403160
101.34049259 67.79690604 27.16211295
101.61255884 67.89703929 27.23927031
101.88462509 67.99717254 27.31642767
102.16135894 68.08375258 27.39032005
102.44807362 68.14135149 27.45723085
102.73478830 68.19895040 27.52414165
103.02224077 68.24879868 27.59204865
103.31298461 68.26407059 27.66439983
103.60757607 68.26703811 27.71910493
103.90389298 68.26448781 27.76589678
104.20020988 68.26193750 27.81268862
104.48742502 68.21187876 27.86807807
104.76734934 68.12376418 27.93035448
105.04727365 68.03564959 27.99263089
