#spline3d 315
73.34369659 110.38899994 3.29971004
73.28008925 110.38592194 3.59287320
73.21648191 110.38284394 3.88603636
73.15287457 110.37976593 4.17919952
73.11726359 110.36061027 4.47587143
73.09096259 110.33610810 4.77371015
73.03934393 110.27720952 5.06299863
72.98534150 110.21507237 5.35148207
72.93133907 110.15293522 5.63996551
72.85818656 110.10017173 5.92550503
72.77131385 110.05412405 6.20893537
72.68792187 110.01857018 6.49466494
72.60836037 109.99456460 6.78292478
72.52879888 109.97055902 7.07118462
72.46793389 109.93315354 7.35944637
72.47072413 109.85012600 7.64771464
72.47351437 109.76709845 7.93598291
72.47798224 109.67504656 8.22098255
72.48742723 109.55622178 8.49628500
72.49320584 109.43211615 8.76907453
72.48742149 109.29135591 9.03393890
72.48163715 109.15059568 9.29880327
72.48721253 108.99949408 9.55762553
72.49896828 108.84276619 9.81316052
72.51072403 108.68603829 10.06869550
72.53434938 108.50907839 10.30816486
72.56944908 108.31256022 10.53210357
72.60744566 108.11394962 10.75346796
72.66154598 107.90370731 10.96052182
72.71564629 107.69346500 11.16757568
72.77952788 107.46771284 11.35128597
72.85679256 107.22073954 11.50305672
72.95859072 106.96404980 11.62007837
73.06107747 106.70708735 11.73612470
73.16356422 106.45012490 11.85217103
73.28218802 106.19299510 11.95107907
73.40168068 105.93585629 12.04906436
73.52117333 105.67871749 12.14704965
73.69453287 105.44989869 12.22771062
73.88245324 105.22873512 12.30368863
74.07037362 105.00757155 12.37966664
74.26839832 104.78569790 12.41492544
74.46823135 104.56369718 12.44289685
74.66806438 104.34169646 12.47086827
74.86553454 104.11690278 12.49142095
75.06124711 103.89003160 12.50645530
75.25695967 103.66316041 12.52148966
75.43643339 103.42352502 12.53166539
75.60651059 103.17650368 12.53902970
75.77690038 102.92970830 12.54602996
75.95883028 102.69125501 12.53958990
76.14076017 102.45280172 12.53314985
76.33846173 102.22803480 12.51874418
76.54204874 102.00837519 12.50136600
76.74563575 101.78871558 12.48398783
76.95483775 101.57540470 12.45986839
77.17127990 101.37028008 12.42705655
77.38772204 101.16515546 12.39424470
77.59032463 100.95463561 12.32741163
77.79125122 100.74346237 12.25645851
77.99217780 100.53228914 12.18550539
78.21100869 100.33655002 12.12470451
78.43260933 100.14319852 12.06547416
78.65420997 99.94984702 12.00624381
78.85617321 99.73594186 11.94814741
79.05618917 99.51999854 11.89016346
79.25596410 99.30411182 11.83131247
79.44995843 99.08958272 11.75166640
79.64395277 98.87505361 11.67202032
79.84916051 98.66954545 11.59694080
80.05531819 98.46480148 11.52224814
80.26571183 98.26232902 11.45462774
80.48578052 98.06504474 11.40316056
80.70572157 97.86737501 11.35270182
80.92493778 97.66751654 11.30796949
81.14415400 97.46765807 11.26323717
81.36337021 97.26779960 11.21850484
81.59234530 97.08128228 11.16634559
81.82313227 96.89724194 11.11280742
82.05531342 96.71052588 11.07788695
82.28753222 96.52373756 11.04346925
82.52329939 96.33990139 11.02419785
82.76255797 96.15896997 11.01982966
83.00181655 95.97803856 11.01546148
83.23829082 95.79378931 11.02340041
83.47363478 95.60819318 11.03633548
83.70897874 95.42259705 11.04927055
83.94069458 95.23602646 11.08137381
84.16795457 95.04825911 11.13701836
84.39521456 94.86049176 11.19266291
84.61556668 94.68117759 11.27916925
84.82426393 94.51612550 11.41774518
85.03296119 94.35107341 11.55632111
85.24303686 94.20418667 11.71125510
85.45377496 94.06602952 11.87405017
85.66427003 93.92831495 12.03749344
85.87009047 93.79911346 12.21340469
86.07591091 93.66991196 12.38931594
86.26311399 93.55387643 12.59279516
86.44905300 93.43873482 12.79814616
86.63499202 93.32359321 13.00349715
86.78766987 93.22470909 13.24005927
86.92687392 93.13241071 13.48926473
87.06222365 93.03654605 13.73887385
87.17175435 92.91679180 13.99118697
87.28128505 92.79703755 14.24350010
87.39081575 92.67728330 14.49581322
87.48968676 92.58484903 14.76325043
87.58701023 92.49638099 15.03288329
87.64805506 92.38838574 15.30544095
87.70223247 92.27669404 15.57855227
87.75640987 92.16500234 15.85166358
87.80203134 92.05426229 16.12662571
87.84202745 91.94414793 16.40280472
87.88202356 91.83403357 16.67898374
87.92870999 91.76561393 16.96677108
87.97650365 91.70409472 17.25647959
88.02428118 91.64258504 17.54619247
88.06411590 91.58577195 17.83805812
88.10395063 91.52895885 18.12992378
88.12431064 91.48166620 18.42494106
88.13193942 91.44059736 18.72201864
88.13956819 91.39952852 19.01909622
88.14647420 91.37660883 19.31777294
88.15290327 91.36566557 19.61750489
88.15174955 91.36221812 19.91739105
88.14692915 91.36239529 20.21735177
88.14734376 91.36545158 20.51724324
88.15588612 91.37297791 20.81702720
88.16442848 91.38050425 21.11681116
88.18827084 91.39789710 21.41502548
88.22115946 91.42112362 21.71231174
88.26916736 91.44700933 22.00723215
88.32010729 91.47341073 22.30169376
88.36413342 91.49191612 22.59754227
88.39628464 91.49685960 22.89577290
88.42114356 91.50331036 23.19458770
88.43945179 91.51111511 23.49392728
88.45755604 91.51778144 23.79328996
88.47413777 91.51595068 24.09282512
88.49071950 91.51411992 24.39236028
88.51761055 91.51418281 24.69107919
88.54855541 91.51499032 24.98947714
88.58585658 91.53017300 25.28602840
88.63420641 91.57034282 25.57936971
88.69129685 91.61033885 25.87029079
88.80216507 91.64926570 26.14632101
88.91303329 91.68819254 26.42235124
89.02390151 91.72711938 26.69838146
89.17621694 91.76452523 26.95310412
89.33838598 91.80156948 27.20276114
89.50055501 91.83861373 27.45241816
89.70680080 91.87662731 27.66471518
89.92555348 91.91491593 27.86641121
90.14430616 91.95320456 28.06810723
90.38737185 91.96370050 28.23796236
90.65046198 91.95130609 28.38159301
90.91355211 91.93891168 28.52522366
91.17913597 91.87113155 28.64666613
91.44480561 91.80144598 28.76734524
91.71159368 91.72245928 28.87592053
91.98218475 91.61184543 28.94333849
92.25277583 91.50123158 29.01075645
92.52336691 91.39061774 29.07817441
92.76656151 91.21616832 29.09008697
93.00855298 91.04003941 29.08756398
93.24994860 90.86550536 29.05198600
93.49134421 90.69097131 29.01640801
93.72126882 90.50570105 28.97155980
93.92368700 90.29468634 28.90448244
94.12610518 90.08367163 28.83740508
94.32841624 89.87258388 28.77028764
94.48916906 89.63315887 28.68762034
94.64992187 89.39373386 28.60495304
94.80725311 89.15404966 28.51814365
94.93357338 88.91201641 28.39379298
95.05989366 88.66998316 28.26944231
95.18167832 88.42829927 28.14201795
95.22515027 88.19264752 27.96152270
95.26862223 87.95699578 27.78102746
95.30228918 87.72475091 27.59574147
95.29108510 87.50809707 27.38853136
95.27988101 87.29144323 27.18132125
95.24668057 87.07273599 26.97890020
95.20959256 86.85366583 26.77732556
95.15481431 86.64833696 26.56685462
95.08355329 86.45581144 26.34809461
95.00757368 86.26025585 26.13370547
94.92949318 86.06335116 25.92126240
94.82434154 85.86409084 25.72660622
94.68460707 85.66182124 25.55467240
94.54487260 85.45955164 25.38273859
94.38511371 85.27090442 25.21316703
94.22080411 85.08535300 25.04413231
94.05649450 84.89980158 24.87509759
93.87453681 84.72012022 24.71947446
93.67957971 84.54476267 24.57373016
93.48462262 84.36940512 24.42798586
93.27797805 84.20486654 24.28723678
93.05393204 84.05643628 24.15392505
92.82988603 83.90800602 24.02061332
92.59670944 83.77903394 23.88311939
92.36181471 83.65372341 23.74483847
92.12691997 83.52841289 23.60655755
91.89280013 83.39244470 23.47737392
91.65872760 83.25582579 23.34874575
91.42465508 83.11920689 23.22011758
91.18957551 82.95986594 23.12623462
90.95418403 82.79348732 23.04311326
90.72053703 82.61422074 22.99689569
90.48818495 82.42538753 22.97807148
90.25583286 82.23655432 22.95924727
90.02786556 82.04223001 22.95488781
89.80413144 81.84260446 22.96449291
89.58039731 81.64297891 22.97409801
89.35952608 81.44047190 22.98667017
89.14411718 81.23246715 23.00490341
88.92870828 81.02446240 23.02313664
88.71527775 80.81480367 23.04350799
88.51508709 80.59407593 23.07818830
88.31489644 80.37334819 23.11286860
88.11470579 80.15262046 23.14754891
87.95086334 79.94196759 23.27756829
87.79350596 79.73311223 23.42459762
87.63614859 79.52425687 23.57162695
87.49221275 79.31517963 23.73104544
87.35449940 79.10599953 23.89620779
87.21678604 78.89681943 24.06137013
87.09570673 78.68171578 24.23076047
86.99365772 78.45983522 24.40498788
86.89160872 78.23795467 24.57921529
86.91709998 78.00708552 24.76797939
86.94580680 77.77598974 24.95710998
86.97451362 77.54489396 25.14624058
87.03948788 77.36331757 25.37428849
87.10997594 77.18926970 25.60825306
87.18046399 77.01522183 25.84221763
87.31845431 76.87146468 26.06614635
87.45824659 76.72851616 26.28980717
87.59803888 76.58556763 26.51346798
87.76853737 76.51010070 26.74805157
87.94016494 76.43711511 26.98303680
88.14163904 76.41107553 27.20251193
88.34948008 76.39854943 27.41751625
88.57262952 76.45002045 27.61130627
88.79577897 76.50149147 27.80509630
89.00729136 76.57423555 28.00445935
89.21458021 76.65470044 28.20584507
89.42686359 76.76335241 28.38485836
89.64325237 76.89517358 28.54548197
89.85857481 77.05135865 28.68024159
90.07298361 77.22841888 28.79284076
90.27972011 77.40771319 28.91555397
90.48389812 77.58775250 29.04163988
90.68732387 77.76787358 29.16865340
90.86850709 77.95041229 29.32309344
91.04969032 78.13295100 29.47753348
91.23087354 78.31548971 29.63197352
91.40415648 78.50583754 29.78594729
91.57534794 78.69825270 29.93979762
91.74653940 78.89066786 30.09364796
91.89467159 79.09864899 30.24944802
92.02717452 79.31718051 30.40656960
92.15967745 79.53571204 30.56369117
92.28414764 79.75815951 30.72129558
92.39003029 79.98966834 30.88001726
92.48273103 80.23138851 31.03127746
92.57155346 80.47611300 31.18034237
92.66037589 80.72083749 31.32940729
92.74005629 80.95966747 31.49180487
92.81237474 81.19375071 31.66493902
92.88469320 81.42783394 31.83807318
92.93568990 81.66851483 32.00762604
92.95645604 81.91855004 32.17210126
92.96555685 82.15881729 32.34833979
92.93903631 82.36925707 32.56049886
92.91251577 82.57969686 32.77265793
92.87592026 82.78410499 32.98847801
92.81938547 82.97657597 33.21154357
92.76285069 83.16904694 33.43460914
92.68794773 83.36201885 33.65118398
92.60112418 83.55531585 33.86354646
92.51430063 83.74861285 34.07590895
92.40951576 83.93413316 34.28536732
92.27126671 84.10516452 34.48941497
92.13301765 84.27619588 34.69346262
91.95986035 84.46479659 34.84730482
91.77998387 84.65677908 34.99148341
91.60010738 84.84876156 35.13566201
91.40223658 85.05666864 35.21730193
91.20052934 85.26797088 35.28560843
90.99276035 85.46653556 35.36605937
90.76869017 85.63084653 35.47916901
90.54461999 85.79515749 35.59227864
90.31365303 85.95221068 35.70037588
90.06600788 86.09171268 35.79635185
89.81836274 86.23121468 35.89232783
89.56399197 86.35963881 35.98282123
89.28876480 86.45371002 36.05631297
89.01353763 86.54778122 36.12980470
88.72833883 86.62543612 36.17570126
88.43851264 86.69547294 36.20879213
88.14417969 86.74301204 36.23403867
87.84597969 86.76866814 36.25057879
87.54598271 86.76763971 36.25042045
87.24598572 86.76661128 36.25026211
86.94871854 86.74623051 36.27413488
86.65329125 86.71280625 36.31420461
86.35786396 86.67938200 36.35427435
86.07123426 86.63844408 36.42798122
85.78971593 86.59314076 36.52123116
85.50819760 86.54783743 36.61448110
85.23891891 86.47310074 36.71628345
84.98694668 86.35674621 36.83017864
84.73497446 86.24039168 36.94407383
