#spline3d 266
71.05229950 94.97589874 5.09428978
71.27596297 94.77931774 5.13076661
71.50472177 94.58745012 5.15823597
71.73748568 94.39928736 5.17862515
71.97024959 94.21112460 5.19901432
72.21728387 94.04290321 5.21814926
72.47164321 93.88491783 5.23664040
72.72640869 93.72767720 5.25575669
72.98281356 93.57344276 5.27739645
73.23921842 93.41920832 5.29903620
73.49562328 93.26497387 5.32067595
73.74636320 93.10149895 5.34072397
73.99787174 92.93923406 5.35987140
74.26093927 92.79528287 5.36844947
74.52400680 92.65133168 5.37702753
74.78135991 92.49799916 5.39278963
75.03837988 92.34411974 5.40897053
75.29163106 92.18534880 5.43427826
75.54441363 92.02596965 5.46072081
75.79748510 91.86643694 5.48159133
76.05119212 91.70656641 5.49020364
76.30489915 91.54669588 5.49881595
76.55771693 91.38537104 5.50377549
76.80873512 91.22110305 5.50134280
77.05975331 91.05683507 5.49891011
77.32179178 90.91219194 5.51267907
77.58704933 90.77328133 5.53118062
77.85124810 90.63280108 5.55134920
78.10587136 90.47812503 5.58659430
78.36049461 90.32344898 5.62183939
78.61492613 90.16848671 5.65719864
78.86801510 90.01152034 5.69335723
79.12110408 89.85455396 5.72951582
79.37411910 89.69742637 5.76546518
79.62527655 89.53625000 5.79615943
79.87643400 89.37507363 5.82685368
80.12719138 89.21760347 5.87221382
80.37748332 89.06444512 5.93463625
80.62777526 88.91128676 5.99705868
80.88292701 88.76884147 6.06426320
81.14080843 88.63241350 6.13415375
81.39802121 88.49883316 6.21031884
81.65248768 88.37694916 6.31225586
81.90695415 88.25506516 6.41419289
82.15797229 88.13378126 6.52411852
82.40008330 88.01404744 6.65467895
82.64219431 87.89431362 6.78523939
82.88473473 87.77894091 6.91843526
83.12928010 87.68393084 7.06393636
83.37382547 87.58892076 7.20943746
83.61990062 87.49365236 7.35214410
83.86683683 87.39823855 7.49327782
84.11368121 87.31111991 7.63896320
84.36026515 87.24752664 7.79755726
84.60684909 87.18393337 7.95615132
84.82073213 87.12398801 8.15292774
85.00965069 87.06682753 8.37885330
85.19856924 87.00966704 8.60477886
85.38339113 86.95860494 8.83507284
85.55710061 86.92408495 9.07721634
85.73081009 86.88956497 9.31935984
85.90108599 86.86365734 9.56455113
86.06356664 86.85730234 9.81666185
86.22604728 86.85094735 10.06877256
86.37228470 86.84468178 10.33032110
86.51080113 86.83845872 10.59635578
86.64931755 86.83223567 10.86239046
86.77010673 86.80303148 11.13499946
86.88606096 86.76755940 11.40940155
87.00572650 86.72610485 11.68124868
87.12941910 86.67815892 11.95032351
87.25311169 86.63021299 12.21939834
87.38023438 86.57912630 12.48604950
87.52320624 86.51352728 12.74150178
87.66617810 86.44792826 12.99695407
87.80914996 86.38232924 13.25240636
87.94693459 86.32746544 13.51313431
88.08391215 86.27427191 13.77468310
88.21416188 86.21934771 14.03870498
88.30594101 86.15452730 14.31686836
88.39772014 86.08970689 14.59503174
88.48300085 86.02579981 14.87530939
88.55631508 85.96357457 15.15948036
88.62700666 85.90895104 15.44569283
88.69383179 85.86553436 15.73491499
88.76470882 85.83860779 16.02481550
88.83852045 85.82362423 16.31520732
88.91233208 85.80864067 16.60559913
88.97908152 85.78665610 16.89717671
89.04276029 85.76162746 17.18926986
89.10643907 85.73659882 17.48136302
89.20416160 85.74872705 17.76446728
89.30390100 85.76305657 18.04703900
89.40364040 85.77738610 18.32961073
89.50200932 85.80435676 18.61166563
89.60002897 85.83454905 18.89358882
89.69804862 85.86474133 19.17551201
89.77656375 85.87156778 19.46452456
89.84987376 85.87215864 19.75542903
89.92318378 85.87274951 20.04633350
89.95779650 85.90953769 20.33850704
89.96371322 85.97316801 20.63162165
89.96962994 86.03679833 20.92473626
89.95560782 86.08885803 21.21899825
89.92275604 86.12999078 21.51434379
89.88990426 86.17112353 21.80968934
89.87192042 86.17075959 22.10911868
89.85407433 86.17001116 22.40858587
89.83622825 86.16926272 22.70805305
89.82002247 86.13146470 23.00456205
89.80427992 86.08320372 23.30023565
89.81454221 85.99241911 23.58432506
89.83419848 85.88627326 23.86422980
89.85385475 85.78012741 24.14413454
89.91795635 85.63760846 24.39622109
90.00423232 85.47694248 24.63442877
90.09050830 85.31627649 24.87263644
90.19321290 85.13098285 25.08350815
90.30250301 84.93581708 25.28342208
90.43026233 84.72646517 25.45320560
90.57104671 84.50710877 25.60174021
90.71183108 84.28775237 25.75027483
90.84901188 84.04856672 25.86195574
90.98313130 83.79253530 25.94232794
91.11725072 83.53650389 26.02270013
91.25719928 83.28012085 26.08321290
91.41102646 83.02290061 26.09644227
91.56485364 82.76568037 26.10967165
91.70921301 82.52543405 26.02353195
91.84985776 82.29184734 25.89840540
91.99050250 82.05826063 25.77327886
92.10329948 81.84269283 25.59958542
92.21096184 81.63044740 25.41693712
92.31862419 81.41820197 25.23428882
92.33752404 81.21409801 25.02305692
92.32119287 81.01317216 24.80093467
92.28359179 80.81319739 24.58048910
92.24599071 80.61322262 24.36004353
92.20664579 80.41341756 24.14001634
92.10391324 80.21978140 23.93519737
92.00118068 80.02614524 23.73037840
91.89844812 79.83250908 23.52555942
91.75511621 79.62176846 23.36798705
91.60968713 79.41014431 23.21285522
91.45046181 79.20401885 23.06657899
91.25603127 79.01192497 22.94290047
91.03789236 78.83869074 22.83254249
90.81484857 78.66935828 22.72494031
90.57046467 78.53064265 22.62234696
90.31841424 78.40292625 22.52155305
90.06454168 78.27383634 22.42758662
89.80873092 78.14328544 22.34088251
89.55292017 78.01273454 22.25417841
89.29926807 77.87537289 22.17558785
89.05699550 77.70210783 22.13976857
88.81472293 77.52884276 22.10394928
88.57611722 77.35012952 22.07201790
88.34437684 77.16121587 22.04736571
88.11263645 76.97230221 22.02271353
87.88371633 76.77916655 22.01269453
87.65707374 76.58262135 22.01449281
87.43043115 76.38607616 22.01629108
87.21245983 76.18492973 22.05599706
87.00051255 75.98004554 22.11127418
86.79283999 75.77222553 22.17196290
86.58516742 75.56440552 22.23265161
86.36754902 75.37061229 22.30308431
86.14673760 75.18132224 22.37664523
85.93720217 74.99784361 22.48058321
85.74459746 74.82309076 22.63013191
85.55199275 74.64833790 22.77968060
85.37640249 74.48155959 22.95213710
85.23205272 74.32942348 23.16665496
85.08770295 74.17728737 23.38117282
84.98346109 74.01860756 23.61033982
84.91010612 73.85488848 23.85078805
84.83707268 73.68707204 24.08839262
84.76465551 73.51140179 24.32054645
84.71809266 73.34221422 24.56041834
84.72756100 73.18707585 24.81701673
84.74445228 73.03639821 25.07521167
84.79451902 72.90565699 25.34054210
84.86797639 72.78924399 25.60460706
84.98244199 72.69795107 25.86645343
85.09690759 72.60665815 26.12829979
85.22860291 72.54896396 26.38908381
85.37623053 72.52233847 26.64888546
85.53113049 72.50665458 26.90388017
85.71343380 72.53220040 27.14076154
85.89573710 72.55774623 27.37764290
86.07732223 72.60946916 27.61026590
86.25866452 72.67004334 27.84144902
86.44336485 72.73305791 28.06887020
86.64886789 72.81119042 28.27298650
86.85437093 72.88932293 28.47710280
87.05987397 72.96745544 28.68121911
87.27712066 73.09531797 28.84226427
87.49573419 73.22896858 28.99829639
87.71434771 73.36261919 29.15432850
87.96821932 73.48947533 29.24988011
88.22442067 73.61588252 29.34143537
88.47974793 73.74700847 29.42736782
88.73139997 73.89797513 29.48965841
88.97690394 74.05700487 29.55142083
89.18527624 74.26473206 29.60999333
89.39364853 74.47245926 29.66856583
89.59864409 74.68258794 29.72789476
89.74594346 74.93374934 29.80014837
89.89324284 75.18491074 29.87240199
90.04054221 75.43607214 29.94465560
90.15240655 75.70977666 29.99158054
90.25881248 75.98695371 30.03460385
90.36521842 76.26413076 30.07762716
90.46563668 76.54579368 30.09123030
90.56347032 76.82939294 30.09213402
90.66130396 77.11299221 30.09303775
90.70527283 77.39316600 30.18645491
90.74528462 77.67308816 30.28666840
90.78529642 77.95301031 30.38688190
90.79784356 78.23151996 30.49602768
90.79847748 78.50941692 30.60904799
90.79911139 78.78731388 30.72206830
90.76819225 79.07070090 30.81189060
90.72379304 79.35643337 30.89180226
90.64757472 79.63138429 30.97406172
90.52012020 79.88897440 31.06010166
90.39266567 80.14656452 31.14614161
90.26282655 80.40409181 31.22869331
90.13213493 80.66159664 31.30999797
89.99688836 80.91468683 31.39590362
89.84134618 81.14810661 31.50231006
89.68580401 81.38152639 31.60871650
89.53026183 81.61494617 31.71512295
89.39495641 81.86101222 31.82035084
89.26219344 82.10866710 31.92543066
89.09913542 82.35430999 31.97641799
88.93236589 82.59970638 32.02077833
88.76559636 82.84510278 32.06513868
88.58223773 83.07859384 32.10491051
88.38831101 83.30450061 32.14175924
88.19438429 83.53040737 32.17860797
87.97170298 83.71700105 32.22842799
87.71378633 83.85542120 32.29414277
87.45586967 83.99384135 32.35985755
87.19074720 84.11689509 32.41853440
86.90161971 84.18875821 32.45376552
86.61249222 84.26062133 32.48899663
86.32336473 84.33248445 32.52422775
86.02450050 84.35095870 32.53620018
85.72508976 84.36643626 32.54686712
85.42567901 84.38191382 32.55753405
85.12596703 84.37649203 32.55869554
84.82617384 84.36543574 32.55729433
84.52638066 84.35437945 32.55589312
84.22741479 84.33797950 32.54247883
83.92926184 84.31632888 32.51726055
83.63110889 84.29467826 32.49204227
83.33181826 84.28307988 32.47757016
83.03210393 84.27522519 32.46710020
82.73238960 84.26737051 32.45663023
82.44471544 84.22829158 32.51456484
82.16194111 84.17650576 32.60033709
81.87916677 84.12471995 32.68610934
81.59799656 84.06698482 32.77310270
81.31852333 84.00295600 32.86138785
81.03905010 83.93892718 32.94967300
