#spline3d 237
75.13059998 103.25700378 17.96910095
75.39687180 103.14735717 17.88497639
75.66755228 103.04325232 17.80908088
75.94324950 102.94545360 17.74254946
76.21894673 102.84765489 17.67601804
76.50140039 102.75670740 17.63970238
76.78778256 102.67010648 17.61993095
77.06918281 102.58444078 17.56097956
77.35058305 102.49877507 17.50202816
77.62228835 102.40083414 17.42145488
77.89274467 102.30131181 17.33809609
78.15971293 102.20171451 17.24425193
78.42663471 102.10211621 17.15026803
78.69476965 101.99607933 17.06774444
78.96325084 101.88820483 16.98849168
79.23173203 101.78033034 16.90923892
79.49949498 101.67086423 16.82975581
79.76665280 101.56005714 16.75007863
80.03406816 101.44871653 16.67205365
80.30184970 101.33661735 16.59637791
80.56963124 101.22451816 16.52070217
80.83840138 101.10986531 16.45320131
81.10798241 100.99311783 16.39240588
81.38028438 100.87904299 16.33997647
81.65547500 100.76780557 16.29642881
81.92410311 100.63707634 16.27054810
82.19202542 100.50425079 16.24656747
82.45713536 100.36395274 16.24230819
82.72215233 100.22340764 16.23870092
82.98492579 100.07869534 16.23930119
83.24725085 99.93315017 16.24074238
83.49901387 99.77042403 16.24039844
83.74728702 99.60202100 16.23946466
83.98716039 99.42208847 16.23738548
84.22372174 99.23760986 16.23485468
84.46425906 99.05872023 16.23432210
84.71570726 98.89516791 16.23927303
84.96715546 98.73161558 16.24422397
85.21200261 98.56293149 16.28358415
85.45660638 98.39405818 16.32421306
85.70000107 98.22505695 16.36870477
85.92732279 98.05435521 16.46454689
86.15464451 97.88365346 16.56038900
86.37600435 97.71142298 16.66639409
86.59316439 97.53811558 16.77955843
86.79735172 97.36109805 16.90905829
86.99569633 97.18240953 17.04591545
87.19404093 97.00372100 17.18277261
87.38113984 96.81847560 17.32532834
87.54841136 96.62166972 17.47793126
87.71568287 96.42486384 17.63053419
87.86789493 96.23878859 17.80896068
88.01456233 96.05666421 17.99689503
88.16239930 95.88964112 18.19750658
88.31024381 95.72271550 18.39819995
88.42752461 95.53665469 18.59993133
88.52293967 95.33690426 18.80240531
88.60199478 95.13443603 19.00834369
88.66131850 94.92868991 19.21846040
88.71290745 94.73069038 19.43752274
88.75883036 94.53836554 19.66313813
88.80693154 94.35744439 19.89699224
88.85789227 94.19149343 20.14166173
88.90808250 94.04789655 20.39898303
88.95751841 93.92618462 20.66869061
89.00695432 93.80447268 20.93839820
89.03141624 93.68651185 21.21253914
89.04320295 93.57045485 21.48893017
89.06340325 93.44907414 21.76244035
89.08759752 93.32516624 22.03458298
89.11179179 93.20125834 22.30672561
89.12792340 93.08194410 22.58141742
89.13983685 92.96503312 22.85744289
89.15175030 92.84812214 23.13346836
89.12049905 92.74693028 23.41241190
89.06940384 92.65296490 23.69269695
89.01830864 92.55899952 23.97298200
88.97357669 92.48175680 24.25912322
88.93164340 92.41186893 24.54784007
88.89112674 92.34317739 24.83689974
88.88427973 92.30291911 25.13410751
88.87743272 92.26266083 25.43131528
88.87062673 92.22514630 25.72886913
88.86386443 92.19055401 26.02679159
88.87397277 92.17097025 26.32578499
88.88795267 92.15483074 26.62502416
88.90193258 92.13869123 26.92426333
88.93842750 92.15173803 27.22148099
88.97755607 92.16819886 27.51846219
89.03791389 92.19036449 27.81085282
89.11398906 92.21675375 28.09984476
89.19006422 92.24314301 28.38883671
89.28845992 92.27947024 28.66947043
89.39500085 92.31942404 28.94705407
89.50154179 92.35937784 29.22463770
89.62941022 92.38822503 29.49402320
89.76550462 92.41278842 29.76024670
89.90159903 92.43735181 30.02647020
90.05594984 92.46993998 30.28095285
90.22230856 92.50780634 30.52771312
90.42071842 92.51539451 30.75106910
90.62797713 92.51462332 30.96796350
90.84570446 92.48659677 31.16910544
91.07628512 92.42510619 31.35090654
91.30686578 92.36361560 31.53270765
91.53451225 92.28020811 31.70782569
91.75911329 92.17405270 31.87600727
91.98371433 92.06789729 32.04418886
92.19253259 91.93607626 32.21214544
92.38729877 91.78140401 32.37990168
92.59131067 91.62614675 32.53329337
92.81889770 91.46939780 32.65005769
93.03392820 91.28963143 32.74821189
93.22695443 91.06952889 32.81375336
93.41998066 90.84942636 32.87929484
93.59587787 90.61038270 32.91155363
93.76323514 90.36189566 32.92721883
93.92337082 90.10910239 32.92555464
94.07476176 89.85109465 32.90290598
94.22615270 89.59308690 32.88025733
94.37429129 89.33894242 32.83087023
94.51792112 89.09015364 32.74441537
94.66155095 88.84136485 32.65796050
94.75951917 88.58373125 32.54122956
94.85154089 88.32494579 32.42055578
94.94356261 88.06616033 32.29988199
95.02904738 87.82752644 32.14188213
95.11175497 87.59745386 31.96802445
95.17694499 87.36876222 31.78574082
95.23100121 87.14430125 31.59446992
95.28186422 86.93312955 31.38754086
95.33272723 86.72195784 31.18061180
95.37982054 86.51272075 30.97155142
95.37731897 86.32893575 30.73445105
95.37481741 86.14515074 30.49735069
95.35568949 85.96805167 30.25745502
95.30016699 85.80558790 30.01144053
95.24464448 85.64312413 29.76542603
95.17498786 85.48929315 29.51868558
95.07429975 85.35441546 29.27035126
94.97361164 85.21953778 29.02201695
94.86925570 85.08406305 28.77572500
94.74516247 84.94537556 28.54042340
94.62106923 84.80668807 28.30512181
94.48343379 84.64933419 28.09212616
94.33357653 84.47513394 27.89926159
94.16637412 84.29358261 27.73489929
93.96845414 84.09901284 27.62101342
93.77053416 83.90444306 27.50712754
93.57371935 83.70599362 27.39908056
93.38145388 83.49157389 27.31506884
93.18918841 83.27715416 27.23105711
92.99847245 83.06123812 27.14821276
92.84501073 82.80934732 27.09343489
92.69154902 82.55745651 27.03865702
92.53808730 82.30556570 26.98387915
92.36803013 82.06071965 26.95246025
92.19522648 81.81703948 26.92490716
92.02242284 81.57335931 26.89735406
91.84074050 81.33875240 26.91499638
91.65245180 81.11089662 26.96626719
91.46416309 80.88304084 27.01753800
91.31547856 80.65828570 27.14551201
91.17210413 80.43394629 27.28377034
91.04703497 80.22070842 27.44775969
90.95455300 80.02723359 27.65755558
90.85446209 79.85628171 27.88240185
90.75243566 79.69105908 28.11107653
90.65040923 79.52583645 28.33975121
90.55597113 79.38431279 28.58593018
90.46521073 79.25427487 28.84059264
90.37795735 79.12167762 29.09490024
90.31523376 78.97117922 29.34672584
90.26248340 78.82333984 29.60019211
90.31162123 78.70266552 29.87041972
90.36075906 78.58199120 30.14064734
90.40989688 78.46131688 30.41087495
90.49894484 78.39039736 30.68808902
90.58986775 78.32181528 30.96563130
90.67988823 78.26908440 31.24614004
90.76841837 78.24253191 31.53154791
90.84013304 78.30462647 31.81586101
90.91150184 78.36854440 32.10015160
90.96250994 78.42701348 32.38961646
91.00531420 78.48328707 32.68116617
91.04811846 78.53956066 32.97271588
91.08348407 78.58512664 33.26690122
91.11346057 78.62293526 33.56299601
91.14343708 78.66074387 33.85909080
91.14632703 78.70076586 34.15463114
91.11087813 78.74392071 34.44938671
91.07542923 78.78707556 34.74414228
91.02721867 78.84178010 35.03459188
90.96595219 78.90830067 35.32063621
90.90468570 78.97482124 35.60668055
90.82288056 79.04903421 35.88506210
90.72949713 79.12758363 36.15912389
90.63562782 79.20558430 36.43315497
90.53113459 79.27158618 36.70651452
90.42741272 79.33748675 36.98013867
90.35708040 79.39900160 37.26521655
90.28674808 79.46051644 37.55029443
90.19815312 79.51929152 37.83038031
90.09715460 79.57620581 38.10707574
89.99615608 79.63312010 38.38377118
89.88598138 79.69366845 38.65571024
89.75710184 79.76162450 38.91795387
89.62822230 79.82958055 39.18019750
89.49720278 79.90370303 39.43935688
89.35896080 79.99863717 39.68810691
89.20662322 80.10889699 39.92112403
89.04726611 80.22678890 40.14630624
88.89566933 80.35410139 40.37126481
88.75469002 80.49430287 40.59591738
88.61371070 80.63450435 40.82056996
88.47181535 80.76954628 41.04765044
88.32816075 80.89467932 41.27939372
88.18450614 81.01981236 41.51113701
88.02865709 81.14508603 41.73281126
87.82999949 81.27085339 41.91913820
87.63134188 81.39662074 42.10546515
87.43268428 81.52238810 42.29179210
87.26151419 81.70874959 42.45172957
87.09244128 81.89973415 42.60965364
86.92553649 82.09763858 42.76043867
86.76367543 82.31164073 42.89461609
86.60181438 82.52564289 43.02879352
86.42853959 82.73824335 43.14922897
86.24557531 82.94965387 43.25799843
86.09123455 83.19303309 43.33592772
85.94584103 83.44640520 43.40421687
85.79965794 83.69904116 43.47323183
85.63358818 83.93313609 43.56052728
85.46751842 84.16723101 43.64782272
85.30144866 84.40132593 43.73511817
85.12859145 84.61274151 43.85807289
84.95460177 84.82037309 43.98697728
