#spline3d 261
75.40750122 110.18599701 3.63845992
75.40053181 110.24827178 3.93184242
75.39356239 110.31054656 4.22522492
75.37720007 110.34097345 4.52184701
75.35390216 110.34788435 4.82086116
75.33060426 110.35479524 5.11987532
75.31378104 110.36496421 5.41922783
75.29715887 110.37523434 5.71859084
75.28053669 110.38550447 6.01795385
75.25568112 110.39874940 6.31658738
75.22818205 110.41294946 6.61498668
75.20068299 110.42714951 6.91338599
75.18944377 110.41081862 7.21243030
75.18064225 110.38991047 7.51157132
75.16992334 110.36709283 7.81043626
75.14775578 110.33287364 8.10765282
75.12558822 110.29865445 8.40486938
75.10342066 110.26443527 8.70208594
75.06785475 110.22266903 8.99698201
75.03079443 110.18006102 9.29161926
74.99373412 110.13745302 9.58625651
74.94151936 110.08991067 9.87763956
74.88304632 110.04033060 10.16767873
74.82457327 109.99075054 10.45771791
74.75450663 109.94786086 10.74602331
74.67609614 109.90978621 11.03308094
74.59768565 109.87171156 11.32013856
74.50595119 109.82048592 11.60052579
74.40262314 109.75781722 11.87510890
74.29929510 109.69514852 12.14969201
74.20859077 109.62402222 12.42615740
74.13299837 109.54277128 12.70487610
74.06990113 109.43494293 12.97665762
74.01402980 109.31174496 13.24442739
73.95815847 109.18854700 13.51219716
73.90514045 109.05902865 13.77739012
73.85664632 108.91948949 14.03849762
73.80815218 108.77995032 14.29960512
73.76807034 108.63349643 14.55715345
73.76731335 108.45471840 14.79806379
73.76655637 108.27594037 15.03897414
73.76579938 108.09716234 15.27988449
73.77034507 107.91920751 15.52135314
73.77568013 107.74137522 15.76290491
73.78101519 107.56354293 16.00445667
73.77809404 107.35312829 16.21417787
73.76849152 107.11634633 16.39814011
73.75888901 106.87956436 16.58210236
73.75879617 106.63749773 16.75819569
73.77953192 106.38385638 16.91705414
73.80026767 106.13021502 17.07591258
73.83453447 105.86448634 17.21056240
73.87003625 105.59765444 17.34300267
73.90553803 105.33082254 17.47544294
73.96774374 105.06093533 17.58988491
74.03491270 104.79048025 17.70098166
74.10133465 104.51634385 17.80222825
74.16650282 104.23602876 17.88694251
74.23167100 103.95571368 17.97165677
74.30720208 103.67741026 18.04672005
74.44391047 103.41098270 18.06480885
74.58061885 103.14455514 18.08289765
74.71732724 102.87812758 18.10098646
74.87930524 102.62703776 18.12540247
75.04462612 102.37797694 18.15065549
75.21764663 102.13444021 18.16378642
75.40957226 101.90446695 18.14715366
75.60149789 101.67449369 18.13052090
75.79474419 101.44684923 18.10400282
75.98963359 101.22210214 18.06518587
76.18452299 100.99735506 18.02636893
76.38506521 100.77947630 17.98094406
76.59703239 100.57547920 17.92216382
76.81214287 100.37487661 17.86375924
77.03819736 100.18609275 17.80666257
77.26425185 99.99730889 17.74956589
77.49765228 99.82629639 17.67144356
77.73264378 99.65913302 17.58876724
77.96900856 99.49419677 17.50560080
78.20751409 99.33273228 17.42167033
78.44465404 99.17158588 17.33380757
78.67579373 99.01183710 17.22866667
78.90693342 98.85208832 17.12352577
79.13895656 98.68868086 17.02696972
79.37238885 98.51943763 16.94410693
79.60582114 98.35019439 16.86124414
79.84083201 98.18049301 16.78688539
80.08514827 98.00809099 16.76265603
80.32946453 97.83568897 16.73842667
80.57581813 97.66704495 16.71021652
80.82654222 97.50646255 16.67346683
81.07726631 97.34588016 16.63671715
81.32700551 97.18553174 16.59481248
81.57094328 97.02656155 16.52254273
81.81488105 96.86759136 16.45027299
82.05881882 96.70862117 16.37800325
82.31825070 96.56441822 16.33758801
82.58049531 96.42289604 16.30295548
82.84534012 96.28576794 16.27624474
83.12013298 96.16545116 16.27984193
83.39492584 96.04513437 16.28343912
83.66883273 95.92484293 16.29793302
83.94055238 95.80461406 16.33932849
84.21227203 95.68438520 16.38072396
84.49504472 95.59229336 16.41624405
84.78128077 95.50901798 16.44992315
85.06646012 95.42381778 16.48549343
85.33294847 95.30457126 16.55451517
85.59877308 95.18552989 16.62562780
85.84966382 95.07110466 16.74378422
86.10055456 94.95667942 16.86194063
86.35144530 94.84225419 16.98009704
86.56287911 94.72579432 17.15585292
86.76749784 94.60898302 17.34155749
86.96333823 94.50145875 17.53926431
87.13070642 94.42405659 17.77589993
87.29204449 94.35978403 18.02025555
87.45047951 94.30183240 18.26832776
87.60072809 94.22666483 18.51632883
87.74488152 94.13867930 18.76427692
87.88903496 94.05069377 19.01222502
88.00752043 93.94665973 19.26591993
88.10500532 93.82949538 19.52431668
88.18142517 93.71727885 19.79107158
88.24183473 93.60882285 20.06417901
88.30224429 93.50036686 20.33728644
88.35333467 93.39912615 20.61427333
88.37911380 93.31748242 20.90179699
88.40489293 93.23583869 21.18932064
88.42856364 93.15632191 21.47753325
88.44100281 93.08813538 21.76941588
88.45344197 93.01994886 22.06129852
88.42924706 92.92981103 22.34593947
88.39979961 92.83652584 22.62954212
88.35791077 92.71759231 22.90149742
88.31418087 92.59486336 23.17172918
88.27141707 92.47449796 23.44310796
88.23321107 92.36528314 23.71989816
88.19500507 92.25606833 23.99668837
88.16409887 92.16553581 24.28027026
88.14019451 92.09292304 24.57036664
88.11682834 92.02525527 24.86159833
88.09468484 91.96882187 25.15540932
88.07512327 91.91075472 25.44885610
88.09224256 91.82947722 25.73712862
88.10936186 91.74819972 26.02540115
88.12648116 91.66692222 26.31367367
88.14672929 91.56237383 26.59377650
88.16800038 91.45021717 26.87120829
88.18656343 91.32491469 27.14207508
88.19801879 91.16510913 27.39571104
88.18701341 90.97880971 27.62927488
88.16736345 90.78231346 27.85511345
88.14121455 90.55930534 28.04954362
88.10838370 90.30903871 28.21168087
88.07555285 90.05877208 28.37381811
88.01293237 89.80147009 28.50735906
87.91566265 89.53598506 28.60763881
87.81839293 89.27050002 28.70791855
87.73887542 88.98942277 28.77499286
87.66121157 88.70671739 28.83859992
87.59333330 88.41843565 28.86715349
87.53607260 88.12410342 28.85767334
87.47881191 87.82977119 28.84819319
87.41212535 87.53926134 28.82484901
87.32592402 87.25666514 28.77280149
87.23972268 86.97406894 28.72075397
87.15252562 86.69346106 28.66348904
87.05366429 86.43614500 28.54510563
86.95480295 86.17882893 28.42672222
86.85594162 85.92151286 28.30833880
86.75811690 85.66608911 28.18511405
86.66046526 85.41098130 28.06108095
86.56281363 85.15587349 27.93704786
86.48972295 84.90072335 27.79941270
86.43572536 84.64554030 27.65120364
86.38172777 84.39035725 27.50299457
86.28085645 84.13931552 27.37757757
86.16157579 83.88990027 27.26111200
86.04229512 83.64048502 27.14464642
85.92552089 83.39110158 27.02562107
85.80965766 83.14172972 26.90566533
85.69379444 82.89235785 26.78570959
85.58443969 82.63742805 26.67177647
85.47933826 82.37886615 26.56177915
85.37423682 82.12030424 26.45178182
85.31036851 81.83603134 26.38054435
85.24687159 81.55152686 26.30965598
85.18337466 81.26702239 26.23876761
85.17369983 80.96979946 26.21566406
85.17441143 80.67012217 26.20178188
85.17512303 80.37044487 26.18789970
85.19276658 80.07872109 26.23369260
85.22118576 79.79205901 26.31746326
85.25693965 79.50981340 26.40938776
85.32465796 79.24681466 26.53684646
85.39237628 78.98381592 26.66430516
85.46594232 78.72526188 26.79645537
85.56060264 78.48274105 26.94552911
85.65526295 78.24022021 27.09460285
85.83367620 78.13159229 27.29578000
86.02994548 78.05151020 27.50806555
86.23719889 78.01149568 27.71485022
86.46124358 78.03273196 27.91322577
86.68528828 78.05396824 28.11160132
86.90837207 78.09863975 28.30617456
87.13081055 78.15904923 28.49819435
87.35369134 78.22083766 28.68895708
87.59048889 78.32601444 28.84016630
87.82728645 78.43119122 28.99137552
88.05788247 78.54143842 29.14841626
88.28791841 78.65214355 29.30598367
88.51382370 78.77877811 29.45677364
88.73720816 78.91513397 29.60342753
88.95894497 79.05446154 29.74969337
89.17683535 79.20072649 29.89505332
89.38349325 79.35487526 30.04678163
89.56519113 79.52654288 30.21266124
89.70575245 79.75362070 30.34190197
89.83300881 79.99862005 30.45929245
89.96026517 80.24361939 30.57668293
90.06403771 80.50243910 30.68516331
90.15422762 80.76925225 30.78849024
90.24441753 81.03606540 30.89181718
90.32459468 81.30863041 30.98720471
90.39553415 81.58650204 31.07526742
90.46647361 81.86437367 31.16333013
90.51726848 82.14678122 31.25033345
90.56353230 82.43020901 31.33709849
90.59882294 82.71416671 31.42584140
90.61232768 82.99917649 31.51851113
90.61806654 83.27229184 31.63518693
90.60621404 83.51846383 31.80624148
90.59436154 83.76463582 31.97729603
90.56822836 84.00815278 32.15029301
90.53619578 84.25057295 32.32409241
90.50416319 84.49299312 32.49789181
90.43606778 84.72408637 32.67141687
90.32133669 84.94053190 32.84458715
90.20660559 85.15697742 33.01775743
90.06264081 85.35383824 33.19120232
89.90836806 85.54379337 33.36474404
89.76290190 85.72785201 33.54943081
89.64918206 85.89065481 33.77429362
89.53943695 86.04482127 34.00558309
89.45064259 86.15346572 34.27074735
89.36184824 86.26211016 34.53591161
89.27305388 86.37075461 34.80107587
89.15678692 86.46479004 35.06109212
89.03967389 86.55837556 35.32094982
88.91593226 86.62303045 35.58444728
88.78421058 86.65285637 35.85232656
88.65248890 86.68268229 36.12020584
88.50910014 86.66210860 36.37755174
88.35403481 86.59109427 36.62435569
88.19896948 86.52007994 36.87115964
88.04274653 86.43652376 37.11227570
87.88363812 86.32170600 37.33921422
87.72452971 86.20688823 37.56615275
87.58770743 86.03707735 37.77205419
87.45115835 85.86659233 37.97769774
