#spline3d 236
130.95300293 107.28199768 3.58595991
131.02855642 107.18866630 3.86087975
131.10410992 107.09533491 4.13579959
131.16458831 106.98967608 4.40975549
131.22004068 106.87990728 4.68339000
131.27395560 106.77074503 4.95753276
131.31628342 106.66615404 5.23550594
131.35861124 106.56156304 5.51347911
131.40093906 106.45697205 5.79145229
131.44144608 106.32516021 6.05760481
131.48164894 106.18880123 6.32178273
131.52180984 106.05083060 6.58512108
131.56191823 105.91084258 6.84740849
131.60202661 105.77085455 7.10969591
131.66468472 105.63010321 7.36693006
131.73129020 105.48921825 7.62327962
131.80051352 105.34586786 7.87755009
131.86985146 105.20134259 8.13109945
131.92083675 105.04584678 8.38253837
131.97082801 104.89031663 8.63413073
132.00854509 104.73436233 8.88761769
132.04439508 104.57672925 9.14022588
132.06556085 104.40589286 9.38592272
132.08672662 104.23505648 9.63161956
132.10634107 104.05512015 9.87048398
132.12381479 103.86262634 10.09992000
132.14128850 103.67013253 10.32935603
132.15615402 103.47828035 10.55942380
132.15709328 103.28985414 10.79286474
132.15641420 103.10110978 11.02584292
132.10264933 102.90192924 11.24364193
132.04888446 102.70274869 11.46144093
131.98571096 102.50540107 11.67775722
131.89550942 102.31331882 11.88981413
131.80530788 102.12123658 12.10187105
131.70986462 101.93270441 12.31472922
131.60544165 101.74784008 12.52610206
131.45586187 101.56721336 12.71318445
131.30628208 101.38658663 12.90026684
131.14813256 101.20981655 13.08307898
130.96418464 101.04465655 13.25303594
130.77907927 100.87851430 13.42068684
130.59003402 100.70902865 13.58048817
130.39960352 100.54027817 13.73929455
130.19311331 100.38005077 13.88656614
129.98633397 100.21992756 14.03352026
129.76874901 100.06369769 14.16860953
129.55179059 99.90568248 14.30242030
129.34144024 99.72883722 14.42274654
129.13108989 99.55199196 14.54307278
128.91579488 99.36524226 14.63062479
128.69592487 99.16932859 14.68785276
128.47605485 98.97341491 14.74508072
128.25474041 98.77199201 14.76338529
128.03331979 98.57016412 14.77882851
127.81189917 98.36833622 14.79427173
127.59856142 98.15786661 14.80606373
127.38788821 97.94454824 14.81665209
127.17742267 97.73103152 14.82725537
126.97319965 97.51155287 14.83830727
126.76897662 97.29207421 14.84935916
126.56475359 97.07259556 14.86041106
126.34862571 96.86473447 14.86248024
126.12988512 96.65942303 14.86257803
125.89803004 96.46942908 14.86701940
125.66230073 96.28396017 14.87274395
125.41751480 96.11275924 14.88737444
125.15893393 95.96329112 14.91557033
124.89342260 95.82921925 14.94491256
124.61176089 95.73102603 14.97692616
124.32953146 95.63473104 15.00923119
124.04300937 95.55278899 15.04373974
123.75721607 95.46860802 15.07678487
123.48507845 95.34247465 15.08240871
123.21294083 95.21634128 15.08803256
122.94080321 95.09020791 15.09365640
122.66283138 94.97922757 15.11208848
122.38383054 94.87091983 15.13277959
122.10482971 94.76261210 15.15347070
121.83132260 94.64080202 15.17213304
121.55801608 94.51849892 15.19072129
121.29087344 94.38573000 15.22054954
121.02637366 94.24847368 15.25519713
120.75817235 94.12073622 15.29220372
120.47711360 94.02606300 15.33740446
120.19605486 93.93138977 15.38260520
119.91571242 93.84306480 15.44151566
119.63579751 93.75852884 15.50860890
119.35588943 93.67726301 15.57927485
119.07599697 93.60348090 15.65811697
118.81911379 93.50630159 15.77641581
118.56723447 93.40403405 15.90329538
118.31313847 93.32607910 16.04215837
118.05881720 93.25059489 16.18223917
117.80764856 93.17584572 16.32772629
117.56920180 93.10406260 16.49502964
117.33075504 93.03227949 16.66233299
117.09996131 92.96475143 16.84083234
116.88099222 92.90379783 17.03663059
116.65762964 92.85377895 17.23005996
116.42842321 92.81830451 17.42033846
116.19921677 92.78283007 17.61061695
115.98518536 92.74274914 17.81685731
115.77530119 92.70224766 18.02680326
115.61763085 92.66223380 18.27887289
115.45996051 92.62221994 18.53094252
115.30429138 92.58012503 18.78377597
115.16443808 92.52158325 19.04264600
115.02458478 92.46304147 19.30151602
114.88473148 92.40449969 19.56038604
114.77995603 92.32680064 19.83040769
114.67668017 92.24828260 20.10090609
114.57693321 92.16849514 20.37217734
114.50046755 92.08033285 20.64854743
114.42400190 91.99217057 20.92491752
114.37291945 91.90017737 21.20447873
114.35117914 91.80375577 21.48772878
114.33133023 91.70784382 21.77123881
114.32564038 91.61574712 22.05669517
114.32373859 91.51390799 22.33848689
114.32857254 91.39474538 22.61376233
114.33138491 91.27033670 22.88590763
114.31216755 91.08876029 23.12394292
114.28889141 90.89406846 23.35047456
114.26261573 90.68968404 23.56850472
114.28286162 90.47641357 23.77463297
114.33464951 90.25711829 23.97269164
114.38643740 90.03782301 24.17075031
114.45778499 89.82494333 24.36876325
114.54678358 89.61785318 24.56673493
114.63578216 89.41076303 24.76470661
114.67288127 89.18058062 24.95067563
114.69373629 88.94317053 25.13288792
114.71459130 88.70576044 25.31510020
114.71635496 88.46086589 25.48771535
114.70964799 88.21265058 25.65607235
114.69412976 87.96194916 25.81935361
114.65874626 87.70564273 25.97119143
114.62336275 87.44933629 26.12302926
114.58757052 87.19265408 26.27402008
114.53797534 86.92328145 26.39640753
114.48838017 86.65390883 26.51879498
114.45807193 86.37842434 26.63168383
114.44497009 86.09748728 26.73609872
114.43186824 85.81655022 26.84051360
114.38873263 85.53396423 26.93051180
114.34060310 85.25110406 27.01811284
114.29247357 84.96824389 27.10571388
114.26430092 84.67842818 27.17630489
114.24237619 84.38643489 27.24157056
114.22155763 84.09351337 27.30217515
114.20496666 83.79704435 27.34496610
114.18837569 83.50057534 27.38775706
114.17204722 83.20406233 27.43008253
114.17596531 82.90415647 27.43650659
114.17988340 82.60425062 27.44293064
114.20509518 82.30624806 27.44669873
114.25530474 82.01047988 27.44734882
114.30053093 81.71505750 27.47021756
114.34424415 81.41974009 27.49983193
114.38442294 81.12381821 27.52736015
114.41262241 80.82584756 27.54781780
114.44050465 80.52781327 27.56329391
114.46636565 80.22937344 27.54702954
114.49222664 79.93093362 27.53076518
114.51419899 79.63289293 27.50867713
114.52029169 79.33648214 27.46280755
114.52638440 79.04007136 27.41693797
114.54676763 78.75238344 27.33541901
114.56875830 78.46567669 27.24989009
114.58678666 78.17663125 27.17172437
114.60386863 77.88702722 27.09531732
114.58285302 77.59693155 27.02410812
114.55327844 77.30672542 26.95406665
114.51990129 77.01494103 26.90167029
114.45385844 76.72629454 26.92999980
114.36173045 76.44750992 26.99157545
114.26960245 76.16872531 27.05315109
114.14498111 75.91460608 27.13996750
113.98709718 75.68573615 27.25262220
113.82921326 75.45686623 27.36527690
113.65891030 75.24387493 27.48509059
113.45396959 75.07517046 27.62487127
113.24452190 74.91394650 27.76473962
113.00105313 74.80918945 27.90526971
112.75758436 74.70443240 28.04579980
112.48116098 74.69523345 28.16070366
112.20382153 74.68869083 28.27489517
111.92648209 74.68214821 28.38908667
111.66456895 74.76233206 28.50523074
111.40560236 74.85908134 28.62174775
111.14663577 74.95583063 28.73826477
110.92415764 75.10758933 28.86821104
110.70639539 75.26645763 28.99989296
110.48863314 75.42532593 29.13157488
110.28089792 75.60486640 29.25159476
110.07627938 75.79083238 29.36798975
109.87830333 75.97212741 29.50173602
109.68122148 76.15279364 29.63781811
109.48749006 76.33643238 29.77345577
109.35119271 76.57102665 29.90147485
109.21489536 76.80562091 30.02949392
109.08114724 77.04185954 30.15633243
108.99913038 77.31146708 30.25921391
108.91711352 77.58107462 30.36209540
108.86078099 77.85544466 30.46701119
108.82465839 78.13356212 30.57352771
108.78853578 78.41167958 30.68004422
108.77827112 78.68047938 30.80567174
108.81090159 78.93382232 30.96300209
108.84353206 79.18716525 31.12033244
108.88084109 79.43303139 31.28532859
108.95016183 79.62773970 31.50277574
109.01948258 79.82244802 31.72022289
109.10845779 80.00068267 31.94301288
109.21692697 80.16257818 32.17110209
109.32539616 80.32447368 32.39919129
109.43896342 80.47986956 32.62917363
109.55698889 80.62958157 32.86081150
109.72301959 80.75049830 33.07525597
109.91461325 80.85608141 33.28054489
110.10620692 80.96166452 33.48583381
110.32532653 81.05413397 33.66740188
110.55309159 81.14248462 33.84151961
110.79371458 81.20968935 34.00476073
111.05080746 81.24980795 34.15406985
111.30790034 81.28992655 34.30337897
111.56033107 81.31026038 34.46172800
111.80531555 81.29899465 34.63451527
112.04623517 81.27795848 34.81009041
112.26378646 81.20075336 35.00169262
112.48133775 81.12354825 35.19329483
112.69888903 81.04634313 35.38489704
112.89582758 80.95867746 35.59321059
113.08932607 80.86926604 35.80431308
113.28282457 80.77985462 36.01541557
