#spline3d 235
122.63400269 86.64060211 2.62515998
122.41323766 86.53338106 2.79768956
122.18856434 86.42628899 2.96490935
121.95573660 86.31946605 3.12105056
121.72290885 86.21264311 3.27719177
121.47700025 86.11468590 3.41826172
121.23019674 86.01733523 3.55830060
120.97567867 85.92070032 3.68409770
120.71947759 85.82422156 3.80678785
120.46027027 85.72744472 3.92198950
120.19302220 85.62987056 4.01716181
119.91934871 85.53777611 4.09796034
119.64352439 85.44751591 4.17394744
119.37256824 85.34521678 4.24922846
119.11457585 85.21085831 4.32262924
118.85215183 85.07722473 4.37612790
118.58532497 84.94431135 4.40985375
118.31849811 84.81139797 4.44357961
118.05375764 84.67291845 4.46850379
117.79113783 84.52878139 4.48448175
117.52851801 84.38464433 4.50045971
117.26647714 84.23914912 4.51115391
117.00542311 84.09133876 4.51284135
116.74543380 83.94178033 4.51024846
116.48691516 83.78980730 4.50174319
116.22839653 83.63783427 4.49323792
115.97038341 83.48628357 4.47621261
115.71355937 83.33572628 4.43914648
115.45673533 83.18516899 4.40208036
115.19961553 83.03701467 4.35912491
114.94180618 82.89446294 4.30243839
114.68399683 82.75191120 4.24575186
114.42521305 82.61051842 4.19100134
114.15974740 82.47707275 4.14952622
113.89428176 82.34362707 4.10805110
113.63975350 82.18910678 4.07470417
113.38916376 82.02699758 4.04428416
113.13853587 81.86490965 4.01421703
112.88515493 81.70435754 4.00962044
112.63177398 81.54380543 4.00502385
112.37839304 81.38325332 4.00042725
112.11596722 81.23790006 4.00256181
111.85352730 81.09257051 4.00470686
111.59108737 80.94724096 4.00685191
111.32942890 80.80053050 4.00992596
111.06810143 80.65323513 4.01339350
110.80503312 80.50912846 4.01734557
110.54031642 80.36804117 4.02175643
110.27559972 80.22695388 4.02616729
110.01705273 80.07924705 4.05568028
109.76253638 79.92721571 4.10159236
109.50802003 79.77518437 4.14750444
109.25503755 79.62412410 4.20344520
109.00281092 79.47354234 4.26432773
108.75025299 79.33253231 4.34076392
108.49721043 79.20552427 4.43995275
108.24195055 79.07536296 4.52821318
107.98486668 78.94260772 4.60748382
107.72778281 78.80985248 4.68675445
107.47857409 78.69016261 4.80297055
107.22967682 78.57098946 4.92064779
106.98607356 78.45731689 5.05293546
106.74706729 78.34842067 5.19790985
106.50773205 78.24302698 5.34482489
106.26785158 78.14343852 5.49495643
106.02797112 78.04385006 5.64508797
105.80210125 77.95397805 5.81983550
105.58200114 77.86810740 6.00472020
105.36190103 77.78223675 6.18960490
105.16482442 77.70188905 6.40052478
104.97179699 77.62254679 6.61603262
104.78161570 77.57577971 6.84328511
104.59143441 77.52901263 7.07053761
104.41418314 77.48700038 7.30860775
104.24280989 77.44714970 7.55159563
104.07143664 77.40729901 7.79458350
103.90676158 77.37560548 8.04304612
103.74890291 77.35221306 8.29708007
103.59104424 77.32882064 8.55111403
103.46995138 77.31969843 8.82391208
103.36494405 77.31681963 9.10491968
103.25993672 77.31394083 9.38592728
103.16575635 77.31758877 9.67047339
103.08102595 77.32693335 9.95810797
102.99629556 77.33627794 10.24574256
102.93119464 77.33548892 10.53848488
102.86851273 77.33345110 10.83185664
102.80023782 77.35570181 11.12139116
102.72305174 77.41665066 11.40481192
102.64815853 77.47388409 11.68951623
102.57976211 77.52058997 11.97785747
102.51136569 77.56729584 12.26619870
102.44887505 77.60806833 12.55623782
102.41147418 77.62363382 12.85349008
102.37407332 77.63919930 13.15074234
102.33972048 77.66002360 13.44782343
102.31600697 77.69920407 13.74430704
102.29229347 77.73838455 14.04079066
102.26223569 77.77166890 14.33722760
102.22255123 77.79600659 14.63359375
102.18286678 77.82034427 14.92995989
102.13725154 77.84369739 15.22524636
102.06305279 77.86230535 15.51532938
101.98885404 77.88091331 15.80541240
101.91214258 77.90507238 16.09439536
101.83408716 77.93220055 16.38278992
101.75603173 77.95932872 16.67118448
101.66505083 77.96514333 16.95599395
101.56240330 77.95172013 17.23756750
101.45975576 77.93829693 17.51914105
101.33932997 77.90039944 17.79008702
101.20766518 77.84702986 18.05431448
101.07600038 77.79366028 18.31854194
100.94438241 77.71051968 18.57293227
100.81281445 77.59558360 18.81681652
100.68124649 77.48064752 19.06070078
100.54185769 77.36268898 19.29774078
100.37119191 77.23264306 19.50740932
100.20052614 77.10259714 19.71707785
100.03051407 76.96673121 19.92263400
99.86538706 76.78737332 20.09745895
99.70026004 76.60801542 20.27228390
99.52608822 76.42646480 20.43344587
99.32774775 76.23905500 20.55809895
99.12940727 76.05164520 20.68275203
98.94786410 75.83370605 20.77105536
98.77789366 75.59473328 20.83431504
98.60792321 75.35576052 20.89757472
98.45433149 75.10232677 20.91922476
98.31343682 74.83768262 20.90861827
98.17254216 74.57303846 20.89801179
98.06230831 74.29751503 20.86173099
97.96313089 74.01806848 20.81619191
97.87143561 73.73732069 20.76658649
97.81121192 73.45109959 20.69987711
97.75098823 73.16487848 20.63316773
97.72811198 72.88707860 20.52744532
97.71931912 72.61245429 20.40701145
97.71052627 72.33782998 20.28657757
97.72359965 72.06289728 20.16943356
97.75985657 71.78763763 20.05577761
97.79611349 71.51237797 19.94212166
97.85699794 71.24018258 19.83756220
97.96265290 70.97355770 19.74953928
98.06830786 70.70693283 19.66151636
98.20699310 70.46118561 19.56557472
98.36998532 70.23080224 19.46380569
98.53297753 70.00041887 19.36203665
98.70427740 69.77203905 19.27199068
98.89099671 69.54737793 19.20370334
99.07771602 69.32271681 19.13541600
99.26879446 69.09563296 19.09204022
99.46014533 68.86839769 19.05022140
99.65149621 68.64116242 19.00840257
99.83781268 68.41018251 18.96448434
100.02352177 68.17875082 18.92031283
100.20489422 67.94222317 18.89310387
100.38080962 67.69928299 18.88723987
100.57888452 67.47428929 18.88476579
100.78066260 67.25229470 18.88285821
100.97355764 67.02354464 18.88505156
101.13755573 66.77281867 18.90058545
101.30068489 66.52308069 18.92700036
101.46148427 66.27599173 18.98258957
101.62228366 66.02890276 19.03817879
101.78613856 65.79543265 19.12847259
101.95106390 65.56673363 19.23092444
102.11598924 65.33803461 19.33337629
102.25383442 65.12424828 19.48257897
102.36553742 64.92485813 19.67691316
102.47724042 64.72546797 19.87124735
102.51929918 64.53814568 20.09264400
102.51120992 64.35951298 20.33352722
102.50312066 64.18088028 20.57441045
102.47035166 64.01353949 20.81964273
102.41196429 63.85792007 21.06938946
102.33105808 63.71755849 21.31934132
102.21129688 63.60352343 21.56964710
102.08238267 63.50096808 21.81921103
101.92885647 63.42928107 22.06678012
101.77533028 63.35759406 22.31434921
101.62179737 63.28601288 22.56192702
101.46305494 63.29656605 22.81626878
101.30431250 63.30711922 23.07061054
101.17015523 63.36916591 23.32952453
101.04436654 63.44874058 23.58999487
100.91857786 63.52831525 23.85046521
100.82701125 63.66698429 24.09845416
100.74175202 63.81654485 24.34414270
100.65649278 63.96610541 24.58983124
100.57164079 64.11939193 24.83334285
100.48690950 64.27378272 25.07620928
100.40217821 64.42817351 25.31907570
100.33563956 64.58742775 25.56400657
100.28023873 64.74965947 25.81020133
100.22483789 64.91189119 26.05639609
100.17333031 65.08085108 26.29861623
100.12841748 65.26120772 26.53410382
100.08350464 65.44156436 26.76959141
100.06211926 65.61569815 27.01237257
100.05085034 65.78715619 27.25828987
100.03789322 65.96500866 27.49938775
100.02311218 66.14976959 27.73527879
100.02985289 66.34634251 27.96097700
100.04798041 66.54916498 28.18128234
100.06610881 66.75205005 28.40152702
100.08438820 66.96557644 28.61146162
100.10266758 67.17910283 28.82139621
100.12094697 67.39262922 29.03133081
100.18065657 67.59714610 29.24168009
100.24867514 67.79985609 29.45211254
100.32296888 68.00507391 29.65735284
100.41818922 68.21865489 29.84527827
100.51340957 68.43223586 30.03320371
100.62216076 68.64668017 30.21166778
100.74760565 68.86218961 30.37845889
100.87410990 69.07801884 30.54384048
101.02150648 69.30015509 30.68142364
101.16890307 69.52229133 30.81900681
101.33368494 69.71307036 30.98126195
101.49961055 69.90178647 31.14514020
101.66591060 70.01854182 31.36557130
101.83221612 70.13424623 31.58682832
102.00217630 70.24090652 31.80871414
102.19139869 70.29989898 32.03391412
102.38062107 70.35889144 32.25911409
102.57059180 70.39691863 32.48653731
102.76181303 70.39991256 32.71767561
102.95303427 70.40290649 32.94881391
103.14894448 70.38832404 33.17327036
103.35765990 70.32574195 33.37947921
103.56637532 70.26315987 33.58568807
103.77609515 70.19487065 33.78860036
103.98991255 70.10329903 33.97806423
104.20372994 70.01172740 34.16752811
