#spline3d 244
60.97029877 85.59729767 4.25900984
61.15873585 85.38361947 4.35299439
61.37294027 85.19536641 4.44088134
61.60536976 85.02509639 4.52445548
61.83779925 84.85482637 4.60802962
62.07503638 84.68940107 4.68641470
62.32592741 84.53773496 4.75006267
62.58516878 84.39917049 4.80822903
62.85088480 84.27076467 4.86214509
63.11110753 84.12729560 4.89882475
63.36780781 83.97416749 4.92445188
63.62632300 83.82363495 4.94187007
63.88967812 83.68002419 4.93739703
64.15585341 83.54239412 4.92742499
64.42619321 83.41359565 4.90933265
64.69653301 83.28479719 4.89124031
64.96640655 83.15514319 4.87241083
65.23517016 83.02345261 4.85182660
65.50393377 82.89176203 4.83124237
65.77369378 82.76137799 4.81616748
66.04245210 82.62920576 4.79966445
66.30755654 82.49062143 4.77699341
66.57266097 82.35203709 4.75432238
66.83366698 82.20678748 4.72790123
67.09030042 82.05442671 4.69747910
67.34693386 81.90206594 4.66705697
67.60522735 81.75159390 4.64205434
67.86433818 81.60205179 4.61972006
68.12840384 81.46039654 4.60695670
68.38942248 81.31340664 4.59863770
68.63940005 81.14755648 4.59640132
68.89097391 80.98430123 4.59380005
69.15129505 80.83526557 4.58919923
69.41161618 80.68622991 4.58459840
69.67298232 80.53900601 4.58111244
69.93446134 80.39197783 4.57774692
70.19127532 80.23724281 4.58133446
70.44482021 80.07710711 4.58979446
70.69836509 79.91697142 4.59825446
70.94940839 79.75499304 4.62111605
71.19794359 79.59116719 4.65841667
71.44647879 79.42734134 4.69571730
71.69279738 79.26594062 4.75204022
71.93849307 79.10522139 4.81370866
72.17942813 78.93554563 4.86874850
72.41611189 78.75787161 4.91786893
72.65400960 78.58270498 4.96988412
72.89309786 78.40999741 5.02473827
73.13197473 78.23763965 5.08123592
73.36799738 78.07000496 5.15992422
73.60059907 77.89499351 5.23163230
73.82946475 77.71192598 5.29571736
74.05841404 77.53293740 5.36856627
74.28757670 77.36435808 5.46378004
74.51673935 77.19577876 5.55899380
74.73261425 77.03419997 5.68835730
74.94318705 76.87541454 5.83134727
75.14425034 76.72104215 5.99140247
75.34235134 76.56804446 6.15677365
75.54045234 76.41504677 6.32214482
75.73705215 76.27324820 6.49829600
75.93234375 76.14120891 6.68384123
76.12763536 76.00916962 6.86938646
76.28867906 75.88445407 7.08954230
76.44912296 75.75986678 7.31030428
76.59989809 75.63225344 7.53575110
76.73860496 75.50086307 7.76704540
76.87731183 75.36947270 7.99833970
77.00652985 75.24700976 8.23903617
77.12211353 75.13737444 8.49324240
77.22103639 75.01631107 8.74851509
77.30392242 74.88424765 9.00481429
77.38068831 74.75816336 9.26566749
77.44667206 74.64261278 9.53454366
77.50533551 74.53783761 9.80887792
77.55219695 74.45043488 10.09201183
77.59905839 74.36303216 10.37514575
77.63555393 74.29026243 10.66369014
77.66866085 74.22227623 10.95400322
77.70176778 74.15429003 11.24431631
77.72598544 74.09335123 11.53703034
77.74896927 74.03339062 11.83007763
77.77851430 73.99315342 12.12542579
77.81182914 73.96579010 12.42229542
77.83105419 73.95077045 12.72130172
77.85027924 73.93575081 13.02030801
77.86950428 73.92073117 13.31931431
77.86940989 73.89296255 13.61782674
77.86502025 73.86235948 13.91622937
77.86063061 73.83175642 14.21463199
77.86526998 73.82401653 14.51390023
77.87523954 73.82977374 14.81367948
77.89114186 73.83440822 15.11310955
77.91796008 73.83697692 15.41189718
77.95818796 73.83798143 15.70885285
78.01271757 73.83731769 16.00385470
78.06724717 73.83665396 16.29885656
78.10289649 73.83653916 16.59539478
78.09679181 73.83763835 16.89533070
78.09068713 73.83873754 17.19526662
78.10246938 73.83512940 17.49289927
78.17928165 73.81440721 17.78215806
78.25609392 73.79368503 18.07141686
78.33340692 73.76115472 18.35892656
78.41178206 73.70357722 18.64272611
78.49015721 73.64599973 18.92652565
78.56921856 73.58753316 19.20979556
78.68795083 73.47766747 19.46244602
78.80668310 73.36780179 19.71509648
78.92541538 73.25793611 19.96774694
79.05624374 73.10523722 20.18820361
79.19094316 72.93883057 20.39835742
79.32564258 72.77242393 20.60851123
79.49127022 72.59346617 20.78157932
79.66421109 72.41154060 20.94587819
79.80758452 72.20160774 21.09839662
79.91624857 71.95879699 21.23708594
80.01133136 71.70114347 21.35540657
80.09690513 71.43309768 21.45946590
80.18247890 71.16505188 21.56352523
80.27228655 70.88598509 21.61236885
80.36431239 70.60114424 21.63228409
80.45633823 70.31630339 21.65219933
80.52328226 70.03124558 21.59626600
80.58577838 69.74614929 21.52688201
80.64683564 69.46116654 21.45675051
80.63261505 69.18212434 21.34751095
80.61839445 68.90308214 21.23827139
80.59158068 68.63513239 21.11034774
80.54241611 68.38686990 20.94926296
80.49325154 68.13860741 20.78817818
80.44768137 67.88856357 20.62885415
80.40533610 67.63692150 20.47110988
80.36299084 67.38527943 20.31336561
80.31888220 67.12868166 20.16507245
80.27144036 66.86271637 20.03464430
80.22399851 66.59675108 19.90421614
80.15893429 66.34540534 19.75417961
80.09229248 66.09536837 19.60238771
79.99564181 65.84872920 19.46181178
79.89708007 65.60230641 19.32195012
79.79623693 65.35567622 19.18419882
79.68863891 65.10843199 19.05269599
79.57500227 64.86169038 18.92648308
79.43564841 64.61708934 18.82279885
79.29347994 64.37314442 18.72260293
79.11847620 64.13685369 18.66310168
78.94347245 63.90056296 18.60360044
78.76781967 63.66270166 18.55983979
78.59047557 63.42074762 18.55709753
78.41313147 63.17879358 18.55435528
78.23624341 62.94377609 18.59120409
78.05995360 62.71785795 18.67998839
77.88366379 62.49193981 18.76877268
77.70805221 62.26541554 18.85732853
77.53633929 62.03540709 18.94457127
77.36462637 61.80539865 19.03181400
77.22037166 61.58985148 19.18033104
77.08003153 61.37636598 19.33758366
76.93969141 61.16288048 19.49483627
76.79377462 60.96703927 19.66857192
76.64631005 60.77609515 19.84688239
76.52180372 60.61356319 20.05824852
76.42951571 60.49090326 20.31600314
76.33722770 60.36824332 20.57375776
76.26611909 60.26243555 20.84232729
76.23536787 60.18873958 21.13150464
76.22028909 60.12535314 21.42198322
76.26624795 60.10211804 21.71752954
76.31220681 60.07888293 22.01307586
76.36098478 60.05929381 22.30795467
76.44657624 60.08731576 22.59411682
76.53216769 60.11533771 22.88027897
76.61775915 60.14335967 23.16644112
76.74577303 60.22749142 23.42127272
76.88519835 60.32671645 23.66767655
77.02462368 60.42594148 23.91408038
77.20248049 60.56196979 24.11269521
77.38346055 60.70098902 24.30742633
77.56444061 60.84000825 24.50215745
77.75089563 61.00675488 24.66539668
77.93974454 61.18562518 24.81486621
78.12768155 61.37873239 24.94543048
78.31506225 61.58052472 25.06446171
78.50244295 61.78231706 25.18349294
78.68455930 61.99397488 25.29221589
78.86180447 62.21476136 25.39140048
79.03904965 62.43554783 25.49058507
79.21197482 62.65882590 25.59143058
79.37333289 62.88877534 25.69672333
79.53469097 63.11872477 25.80201608
79.67668983 63.35660762 25.91638900
79.81247486 63.59703689 26.03367643
79.94836505 63.83678935 26.15220102
80.08450387 64.07494170 26.27365046
80.22064268 64.31309406 26.39509990
80.35943071 64.54144859 26.53118350
80.49883102 64.76753861 26.67064940
80.63823134 64.99362863 26.81011529
80.76066502 65.24100465 26.92642581
80.87928711 65.49316260 27.03753443
80.99549183 65.74987158 27.13904299
81.10573173 66.01781017 27.21686353
81.21597163 66.28574876 27.29468407
81.32621153 66.55368734 27.37250462
81.41549678 66.82918304 27.45074977
81.50375258 67.10444042 27.53082088
81.58616598 67.37673723 27.62601675
81.66857937 67.64903404 27.72121262
81.73571027 67.92152386 27.82453519
81.77391441 68.19437900 27.94324003
81.80114804 68.46428439 28.06812468
81.77502599 68.71984350 28.22306519
81.74890394 68.97540261 28.37800569
81.71262637 69.22331568 28.54201427
81.66285902 69.46107236 28.71806816
81.60307759 69.69823245 28.89136095
81.52936354 69.93456252 29.06081223
81.44822347 70.16310432 29.23568036
81.33610216 70.35915350 29.43314757
81.22398085 70.55520268 29.63061478
81.07907687 70.69364834 29.85213139
80.92911705 70.82321024 30.07735696
80.77006916 70.91618940 30.31319583
80.61144781 70.95682019 30.56108802
80.45567076 70.95802467 30.81746950
80.29989370 70.95922916 31.07385098
80.12418213 70.96658227 31.31604980
79.93560799 70.97790273 31.54909738
79.74703384 70.98922320 31.78214496
79.52789489 70.97658171 31.98311699
79.29154457 70.95044702 32.16602696
79.05519426 70.92431232 32.34893693
78.82331164 70.88302026 32.53370082
78.59827210 70.81851194 32.72130431
78.36949243 70.74507988 32.90079094
78.13949795 70.66874933 33.07764115
77.90950346 70.59241878 33.25449136
77.68370778 70.51226283 33.43498189
77.45925726 70.43088134 33.61663865
77.23480673 70.34949985 33.79829542
77.02615663 70.24779794 33.98782408
76.82189740 70.14044909 34.17954031
76.61763816 70.03310025 34.37125654
