#spline3d 252
64.53489685 83.63520050 3.94850993
64.42221713 83.79136371 4.17854545
64.30953740 83.94752691 4.40858097
64.19685768 84.10369012 4.63861649
64.08528934 84.23597949 4.88362335
63.97375406 84.36755890 5.12907545
63.86235809 84.48153409 5.38318136
63.75097325 84.59410236 5.63797888
63.63958841 84.70667063 5.89277640
63.54668271 84.80926850 6.15831969
63.46470286 84.90597133 6.43021646
63.38272301 85.00267417 6.70211322
63.31430994 85.08748567 6.98158002
63.24652435 85.17068445 7.26172615
63.17834239 85.25259723 7.54215709
63.11988233 85.33586458 7.82418204
63.07232494 85.42065103 8.10799460
63.02476755 85.50543747 8.39180716
63.01153250 85.60058097 8.67470766
63.01804142 85.70168238 8.95708349
63.02455035 85.80278379 9.23945932
63.04383792 85.88263785 9.52740138
63.06986688 85.95128286 9.81827989
63.09589583 86.01992787 10.10915841
63.12924263 86.06474311 10.40307641
63.16829557 86.09097685 10.69936447
63.20734851 86.11721060 10.99565254
63.23170435 86.12814432 11.29418027
63.25061967 86.13341434 11.59353708
63.26953500 86.13868435 11.89289388
63.30760184 86.13037859 12.18955884
63.36185217 86.11060099 12.48394914
63.41550644 86.08900176 12.77829876
63.46706297 86.06099153 13.07250529
63.53037750 86.00774778 13.36012212
63.59991257 85.94115430 13.64425269
63.66944765 85.87456081 13.92838326
63.75528640 85.80373494 14.20673150
63.84820380 85.73107147 14.48256919
63.95100199 85.65449600 14.75341735
64.06885378 85.57196049 15.01666382
64.18945257 85.48429934 15.27678499
64.31688100 85.38389461 15.52913589
64.44894396 85.28343590 15.77901383
64.58578987 85.18292150 16.02633963
64.74292616 85.06692054 16.25199449
64.91692675 84.93804797 16.45963761
65.09092734 84.80917540 16.66728074
65.26565134 84.67737573 16.87244101
65.44431675 84.54351724 17.07256627
65.63891175 84.40872225 17.25685732
65.83350674 84.27392727 17.44114836
66.04257439 84.12721473 17.59612155
66.26059881 83.97312672 17.73295063
66.47488340 83.81373732 17.86901697
66.67487664 83.63408928 18.00216856
66.87486989 83.45444124 18.13532014
67.07857748 83.27392525 18.26007922
67.29768660 83.08981032 18.35003875
67.51679572 82.90569539 18.43999827
67.73470555 82.72114109 18.53189027
67.95022524 82.53571116 18.62763363
68.16574494 82.35028123 18.72337700
68.39410546 82.17077623 18.79676373
68.62693609 81.99333379 18.86236775
68.86003892 81.81601871 18.92689427
69.10588277 81.64466486 18.94098630
69.35172661 81.47331101 18.95507833
69.59757045 81.30195715 18.96917036
69.84447259 81.13326970 18.94898611
70.08910003 80.96263110 18.91822774
70.32818225 80.78663768 18.87502879
70.56726447 80.61064426 18.83182985
70.80450412 80.43295888 18.78562965
71.04043635 80.25407295 18.73729990
71.27636859 80.07518703 18.68897014
71.51736095 79.90448326 18.63800767
71.76779914 79.74905325 18.58213065
72.01823733 79.59362325 18.52625363
72.27059624 79.43854566 18.47867288
72.52316829 79.28392502 18.43080621
72.77849508 79.13708480 18.37383069
73.03410993 78.99062799 18.31719692
73.29312886 78.84870181 18.26460167
73.55214778 78.70677563 18.21200641
73.81158276 78.56591061 18.15891913
74.07976049 78.44734405 18.09549257
74.34758213 78.32792556 18.03232775
74.60718621 78.18884743 17.97520287
74.86792605 78.04997697 17.92374713
75.13145684 77.91161682 17.88622230
75.39498763 77.77325666 17.84869747
75.65737027 77.63231938 17.81322590
75.91656123 77.48421810 17.78346210
76.17217581 77.32950104 17.76314486
76.42016473 77.16067767 17.76296977
76.66855772 76.99250240 17.76277760
76.92930713 76.84414690 17.76206322
77.19005655 76.69579139 17.76134884
77.45080597 76.54743589 17.76063446
77.70221973 76.40307257 17.83577168
77.95314786 76.25891693 17.91485466
78.20407599 76.11476129 17.99393765
78.44265365 75.97626716 18.10834914
78.67424921 75.84097365 18.24273295
78.87267897 75.69424750 18.41327420
79.07094314 75.54746427 18.58399597
79.25738768 75.40884591 18.77277855
79.43529364 75.27612591 18.97460839
79.60352332 75.14691662 19.18581088
79.75190075 75.02491006 19.41624268
79.90027818 74.90290349 19.64667448
80.03758871 74.78596696 19.88581625
80.16091717 74.67543597 20.13596229
80.28424563 74.56490498 20.38610833
80.39700387 74.46098768 20.64343394
80.49595261 74.36571086 20.91013933
80.59490134 74.27043404 21.17684472
80.67206123 74.16891276 21.44837785
80.75382965 74.07534061 21.72097977
80.84915995 74.00358885 21.99623123
80.93271450 73.92757167 22.27280344
80.96077257 73.83145248 22.55560013
80.98883063 73.73533330 22.83839682
81.01652121 73.63904846 23.12114518
81.00866979 73.52674163 23.39922043
81.00039730 73.43002791 23.68179324
80.99095709 73.37655805 23.97683898
80.98151688 73.32308819 24.27188472
80.95701193 73.26170750 24.56415347
80.92182423 73.19471707 24.85445299
80.83436196 73.13174434 25.13274327
80.72992893 73.07007595 25.40713479
80.62549590 73.00840755 25.68152632
80.52058661 72.93779835 25.95354328
80.41559371 72.86561970 26.22514342
80.30932127 72.79197264 26.49575753
80.18956743 72.70285428 26.75598297
80.06981359 72.61373593 27.01620840
79.94903844 72.52000601 27.27400337
79.82210798 72.39848279 27.51715033
79.69517752 72.27695957 27.76029729
79.57247284 72.13918057 27.99407124
79.46473172 71.94383950 28.19465519
79.35699060 71.74849844 28.39523913
79.25382849 71.54692205 28.59123378
79.16826015 71.32138791 28.76959512
79.08316029 71.10159233 28.95487833
78.99874357 70.89016505 29.15025544
78.91432685 70.67873778 29.34563256
78.83607353 70.46273036 29.53819629
78.77038155 70.23738834 29.72502619
78.70468958 70.01204631 29.91185609
78.63950490 69.78440104 30.09558297
78.58009501 69.53053652 30.24398639
78.52068513 69.27667200 30.39238981
78.46210154 69.02154989 30.53873736
78.41158220 68.75415430 30.66502061
78.36106285 68.48675871 30.79130386
78.32731885 68.21587011 30.91417074
78.31470534 67.94058167 31.03273431
78.30209183 67.66529322 31.15129787
78.30986207 67.39529511 31.27778336
78.35959855 67.13618878 31.42057857
78.42292744 66.88113782 31.56397257
78.51165853 66.63366575 31.70848565
78.60038962 66.38619368 31.85299872
78.69424162 66.14213849 31.99877831
78.83694712 65.93068023 32.15664045
78.97965261 65.71922198 32.31450260
79.13430166 65.51644265 32.47224978
79.28921818 65.32685704 32.64435136
79.43860552 65.15082734 32.83591528
79.58799285 64.97479765 33.02747920
79.75167608 64.82899564 33.23131601
79.91986656 64.69272393 33.43902228
80.09267450 64.56228325 33.64593903
80.29090262 64.46394376 33.84850927
80.48913074 64.36560427 34.05107951
80.70069673 64.31262079 34.25402240
80.91970042 64.28492949 34.45717310
81.13870411 64.25723818 34.66032379
81.36895714 64.24736532 34.85135872
81.60666593 64.24930206 35.03436364
81.84437472 64.25123880 35.21736856
82.08536625 64.28416439 35.38809494
82.33130760 64.36381607 35.54030732
82.57724895 64.44346775 35.69251970
82.80347522 64.58209980 35.82988085
83.02616003 64.73132658 35.96457425
83.22711269 64.89323902 36.11637814
83.41967190 65.06005096 36.27479049
83.60072567 65.23655812 36.43478308
83.75830418 65.43284704 36.59799995
83.91588270 65.62913596 36.76121681
84.06900827 65.81285663 36.94151429
84.21936468 65.98876141 37.13243382
84.36972108 66.16466618 37.32335334
84.51106084 66.34003750 37.52076078
84.63066128 66.51412261 37.73381071
84.75026173 66.68820773 37.94686064
84.86314839 66.86315361 38.16266702
84.96621504 67.03935848 38.38250516
85.06928170 67.21556336 38.60234329
85.15980832 67.39367721 38.82523341
85.21714343 67.57901009 39.05357910
85.24021436 67.78964172 39.26595099
85.26328529 68.00027336 39.47832289
85.27816630 68.25618183 39.62924271
85.29094502 68.52371245 39.76438836
85.30037390 68.79483533 39.89077129
85.29549088 69.08130580 39.97971633
85.28159986 69.36847446 40.06401972
85.24721835 69.65723128 40.13776472
85.19925624 69.94406179 40.20819623
85.11937436 70.22636471 40.27083969
85.00822783 70.49824544 40.31880480
84.86280578 70.75870029 40.35067801
84.71738373 71.01915514 40.38255121
84.53598102 71.25302936 40.42724512
84.34796376 71.48201710 40.47429594
84.15994649 71.71100483 40.52134676
83.93912498 71.90561092 40.56966271
83.70332102 72.08451415 40.61855649
83.46751707 72.26341737 40.66745026
83.21368015 72.41355819 40.72144459
82.95817062 72.56103123 40.77591201
82.69936102 72.70115468 40.83072471
82.42132767 72.79846495 40.88754877
82.14329432 72.89577522 40.94437283
81.85739856 72.93958588 41.01508408
81.56811105 72.96031757 41.09178607
81.27882355 72.98104925 41.16848805
81.00366819 72.94189139 41.27037347
80.73610821 72.87054568 41.38579381
80.47288744 72.79069550 41.50266426
80.24132427 72.64879933 41.63011421
80.00976111 72.50690316 41.75756416
79.77819795 72.36500699 41.88501412
79.55624570 72.19636577 41.99545064
79.33518215 72.02525151 42.10431398
79.11411860 71.85413726 42.21317732
78.89571861 71.66676729 42.29519922
78.67857141 71.47175162 42.36459650
78.46212148 71.27530115 42.43191954
78.24811732 71.07381799 42.49196693
78.04196943 70.86495198 42.55007860
77.86858818 70.62529385 42.60011682
77.69520694 70.38563571 42.65015503
77.54415284 70.13640729 42.71758850
77.40613187 69.88159235 42.79517619
77.26811090 69.62677741 42.87276388
