#spline3d 231
115.13200378 77.06919861 0.33679000
114.89256674 76.88867605 0.32776185
114.64904133 76.71394679 0.31800168
114.39989948 76.54717616 0.30723589
114.15075763 76.38040553 0.29647011
113.89941972 76.21722393 0.28368651
113.64429046 76.06023850 0.26741931
113.38913565 75.90329357 0.25116937
113.13170791 75.74994942 0.23645444
112.87428017 75.59660528 0.22173952
112.61719251 75.44242713 0.21026904
112.36020883 75.28799400 0.19979051
112.10260043 75.13460846 0.18944043
111.84346981 74.98377556 0.17940332
111.58032937 74.84065203 0.18954542
111.31577738 74.70024235 0.20679102
111.05614895 74.55049105 0.21425498
110.79917980 74.39569420 0.21643573
110.53956250 74.24644264 0.22423673
110.26994244 74.11813710 0.25326686
110.00231121 73.98657916 0.28463189
109.74287033 73.84162729 0.32561246
109.48342945 73.69667543 0.36659303
109.22398856 73.55172356 0.40757360
108.95632182 73.41727034 0.42330925
108.68835973 73.28319406 0.43813850
108.42039764 73.14911779 0.45296774
108.15060137 73.02086371 0.47972788
107.88034861 72.89405867 0.50945742
107.60905084 72.76897626 0.53653560
107.33599919 72.64678503 0.55916387
107.06294754 72.52459379 0.58179214
106.79079993 72.40056140 0.60504551
106.52079179 72.27217175 0.62977823
106.25078366 72.14378210 0.65451095
105.98136322 72.01794965 0.69410263
105.71197199 71.89224430 0.73443285
105.44283988 71.76734956 0.77742826
105.17770006 71.65494434 0.86148751
104.91256025 71.54253913 0.94554677
104.64742044 71.43013391 1.02960602
104.38865526 71.31674898 1.13020906
104.13117312 71.20316686 1.23414188
103.87369098 71.08958473 1.33807469
103.63133835 70.98226731 1.47596633
103.39679914 70.87818519 1.63139552
103.16225994 70.77410308 1.78682471
102.94371556 70.68668052 1.97278548
102.72532655 70.59941977 2.15904281
102.50693754 70.51215903 2.34530014
102.30096855 70.42847034 2.54656072
102.09712713 70.34539355 2.75039137
101.89328571 70.26231677 2.95422202
101.71113536 70.20260191 3.18498832
101.52901569 70.14292011 3.41579273
101.34689603 70.08323831 3.64659713
101.19349451 70.02454402 3.89720192
101.04528748 69.96602836 4.15138816
100.89708045 69.90751270 4.40557441
100.77666685 69.85000136 4.67354981
100.66727245 69.79288821 4.94699216
100.61284846 69.72198036 5.23324138
100.55959012 69.65078000 5.51976217
100.52021876 69.58346661 5.80870554
100.50881585 69.52398158 6.10252798
100.49741294 69.46449655 6.39635041
100.49570131 69.40925459 6.69067955
100.52127784 69.36596005 6.98643542
100.55416147 69.32802827 7.28108182
100.64518386 69.33276513 7.56690068
100.73620625 69.33750200 7.85271954
100.84022426 69.35230417 8.13294339
100.96302112 69.38165085 8.40508237
101.08581799 69.41099753 8.67722134
101.21075809 69.44153198 8.94819488
101.34469863 69.47705443 9.21427423
101.47863916 69.51257689 9.48035357
101.61257970 69.54809934 9.74643291
101.74193936 69.58470749 10.01461899
101.87095241 69.62139778 10.28296449
102.00147856 69.66234236 10.54979082
102.13800942 69.72016984 10.81058842
102.27454028 69.77799733 11.07138601
102.41139743 69.84116629 11.33076295
102.54829028 69.90491951 11.58998448
102.66480658 69.99450358 11.85025541
102.76895406 70.09976732 12.11116333
102.87310154 70.20503106 12.37207126
102.95640004 70.31301420 12.63911940
103.03594252 70.42148726 12.90727372
103.10479455 70.53817408 13.17421020
103.15097532 70.67227981 13.43856399
103.19715609 70.80638554 13.70291778
103.24350576 70.94103321 13.96693893
103.29550706 71.09381470 14.21982962
103.34750837 71.24659620 14.47272030
103.38865208 71.39745046 14.72777267
103.38693092 71.54069620 14.99135915
103.38520975 71.68394193 15.25494564
103.37325146 71.81610904 15.52291860
103.33725741 71.92226463 15.80119058
103.30126337 72.02842022 16.07946257
103.27292484 72.08132494 16.37228233
103.24619968 72.12300731 16.66816795
103.22941936 72.12755516 16.96233603
103.23388031 72.05278717 17.25283557
103.23834126 71.97801919 17.54333512
103.25569757 71.87072106 17.81913582
103.29203055 71.71555196 18.07330591
103.32836353 71.56038287 18.32747599
103.38840017 71.37904542 18.55663471
103.46108233 71.18374758 18.77245026
103.53030574 70.95976339 18.95892028
103.59898258 70.73124600 19.14075292
103.66743187 70.50110125 19.32019089
103.73183647 70.24203087 19.45706451
103.79380917 69.97431498 19.57294340
103.85083950 69.68902890 19.64615479
103.90640891 69.40209213 19.71133242
103.95499545 69.10726546 19.73811041
103.99703250 68.81120492 19.75598958
104.02519831 68.51253112 19.75502179
104.05287642 68.21383489 19.75343512
104.07095790 67.91469719 19.73967090
104.08912509 67.61588447 19.72330256
104.10869401 67.32238635 19.66434753
104.12826293 67.02888822 19.60539250
104.13187545 66.73873713 19.53065616
104.12886531 66.44997520 19.44936983
104.12585518 66.16121328 19.36808350
104.12462922 65.87492076 19.27906461
104.12138261 65.59435546 19.17388521
104.09311433 65.32282550 19.04949746
104.06484604 65.05129555 18.92510972
104.04331725 64.77762798 18.80411079
104.02199562 64.50389469 18.68321604
104.00149782 64.22916909 18.56470086
103.98773319 63.94633315 18.46563430
103.97396856 63.66349720 18.36656774
103.94765750 63.37968833 18.27635894
103.88836196 63.09332168 18.20943716
103.82714257 62.80739928 18.14338484
103.70888943 62.53464686 18.10310836
103.59063628 62.26189445 18.06283189
103.47238314 61.98914203 18.02255541
103.33685666 61.72183033 18.01382441
103.20001169 61.45493392 18.00750131
103.06316672 61.18803751 18.00117821
102.88626068 60.94751121 17.99204487
102.69602377 60.71575993 17.98197640
102.49918953 60.48996182 17.97885751
102.28877941 60.27641407 17.99003941
102.07086131 60.07436411 18.01606472
101.83439578 59.90071780 18.07875859
101.58477231 59.76256393 18.16734697
101.33043266 59.63713153 18.26521669
101.07215615 59.54239105 18.38456632
100.81367733 59.44922787 18.50501982
100.56319815 59.37994646 18.65183676
100.31816356 59.32691909 18.81659676
100.07133228 59.30723972 18.98237524
99.82256272 59.32353626 19.14925247
99.57379317 59.33983280 19.31612970
99.33052672 59.38362749 19.48099826
99.09924711 59.48731851 19.64149154
98.86796750 59.59100954 19.80198482
98.67842506 59.74140059 19.97569583
98.50192678 59.90638685 20.15353779
98.32542851 60.07137311 20.33137974
98.17126093 60.25091277 20.51543525
98.02071528 60.43281292 20.70049857
97.87016963 60.61471307 20.88556188
97.73556602 60.82531053 21.05141241
97.60122844 61.03638687 21.21694233
97.48445172 61.25101195 21.39074603
97.37179529 61.46646968 21.56649100
97.25913887 61.68192740 21.74223598
97.19070073 61.89054034 21.94452522
97.13657039 62.09693851 22.15540345
97.08303813 62.30322915 22.36644937
97.08670563 62.49923604 22.59353343
97.09937782 62.68758032 22.82582768
97.13387873 62.85734923 23.07075225
97.16837965 63.02711814 23.31567682
97.20312992 63.19667578 23.56068431
97.26813811 63.34059705 23.81575349
97.33314629 63.48451832 24.07082268
97.40783866 63.64303711 24.31371775
97.48880471 63.81101256 24.54872611
97.57568036 63.98252907 24.77829875
97.68797265 64.16927534 24.98449284
97.80026493 64.35602161 25.19068693
97.92067814 64.54148984 25.39231939
98.08210377 64.72050370 25.57091463
98.24352941 64.89951756 25.74950988
98.39109965 65.06239918 25.95294857
98.53471093 65.22067128 26.16348587
98.67832222 65.37894338 26.37402318
98.83280425 65.51153538 26.59367178
98.99119471 65.63489445 26.81659622
99.15515010 65.75306136 27.03822274
99.32255484 65.86800998 27.25904474
99.48995958 65.98295860 27.47986674
99.66444209 66.10211030 27.69230584
99.85063464 66.22821591 27.89087560
100.04411167 66.35797934 28.07952634
100.24372929 66.49082620 28.25981565
100.44334692 66.62367306 28.44010496
100.63997248 66.76433316 28.61763180
100.83516463 66.90873637 28.79383521
101.03071639 67.05318833 28.96957415
101.23545308 67.19888535 29.13344986
101.44018977 67.34458237 29.29732557
101.63636847 67.49520203 29.46696980
101.82933989 67.64766657 29.63877591
102.02868912 67.79837950 29.80441509
102.23661317 67.94673743 29.96176296
102.44453721 68.09509536 30.11911083
102.66178692 68.24873103 30.25710095
102.88202550 68.40405823 30.38888691
103.11248014 68.56796701 30.48022096
103.35240950 68.73983466 30.53403848
103.59420884 68.90432111 30.59776283
103.84100495 69.04908427 30.68795921
104.08780107 69.19384744 30.77815559
104.33189891 69.33189226 30.88407110
104.57472166 69.46676231 30.99741475
104.81873115 69.59620720 31.11368042
105.06832747 69.70011200 31.24370222
105.31792378 69.80401680 31.37372401
105.56752010 69.90792160 31.50374581
