#spline3d 259
62.24950027 92.04000092 4.69148016
62.17983577 91.92957606 4.96157867
62.12776242 91.78129995 5.21662676
62.07795002 91.62815890 5.46974046
62.02813763 91.47501786 5.72285415
62.02133057 91.29947801 5.96603627
62.01455684 91.12392081 6.20921069
62.01376024 90.94088384 6.44539949
62.04324664 90.71995087 6.64619584
62.07273305 90.49901790 6.84699220
62.10221945 90.27808493 7.04778855
62.18589582 90.04462327 7.21574641
62.27326217 89.81030850 7.38146817
62.36062852 89.57599372 7.54718994
62.46069311 89.34231467 7.70636960
62.56342641 89.10876922 7.86417435
62.67981634 88.88327317 8.02404044
62.79979027 88.65973103 8.18405933
62.94252123 88.44610606 8.33895373
63.08525219 88.23248108 8.49384812
63.22840621 88.02239912 8.65297415
63.37227048 87.81826521 8.81920430
63.51985329 87.61167353 8.97781918
63.68561048 87.39306947 9.09921438
63.85136766 87.17446541 9.22060958
64.00667995 86.93545639 9.31382475
64.16148800 86.69546232 9.40567952
64.31981531 86.45738673 9.49574207
64.50391881 86.23336276 9.57267783
64.68802230 86.00933879 9.64961359
64.89256594 85.79428617 9.69057045
65.09980952 85.58041858 9.72677484
65.31937371 85.37937726 9.73717205
65.55481454 85.19486417 9.71431349
65.79025537 85.01035108 9.69145493
66.02954681 84.83183683 9.66584004
66.28308506 84.67551760 9.63002707
66.53662332 84.51919837 9.59421411
66.78997488 84.36214786 9.57858714
67.04291288 84.20347745 9.60767481
67.29585089 84.04480705 9.63676247
67.55194416 83.89030490 9.65868590
67.81063268 83.73923119 9.67471666
68.06932120 83.58815749 9.69074741
68.32747757 83.43665761 9.71036059
68.58489630 83.28456698 9.73493954
68.84231503 83.13247635 9.75951849
69.09624574 82.97636668 9.79061692
69.34121645 82.80993295 9.83846251
69.58618717 82.64349922 9.88630811
69.83086716 82.47616096 9.93224608
70.07430819 82.30496801 9.97005462
70.31774922 82.13377505 10.00786316
70.56119026 81.96258210 10.04567170
70.80598958 81.79534913 10.09155767
71.05080078 81.62815079 10.13751430
71.29777015 81.46398440 10.18230625
71.55170483 81.30960332 10.22333933
71.80563951 81.15522224 10.26437242
72.05665346 80.99323736 10.29052890
72.30696802 80.82943171 10.31312311
72.55728259 80.66562607 10.33571731
72.80452112 80.49856354 10.36666132
73.05155913 80.33128872 10.39814962
73.29888040 80.17043687 10.45123259
73.54628042 80.01137079 10.51031947
73.79368044 79.85230471 10.56940635
74.03472539 79.69269372 10.64773185
74.27133290 79.53270225 10.73949069
74.50689399 79.37725213 10.84066696
74.74141639 79.22630981 10.95119111
74.97593878 79.07536749 11.06171526
75.21211614 78.92762914 11.17286848
75.45304765 78.78909460 11.28582880
75.69397915 78.65056006 11.39878912
75.93517521 78.51524990 11.51478720
76.17717591 78.38974694 11.64002491
76.41598852 78.26837810 11.77434779
76.64912896 78.15436453 11.92483468
76.88403668 78.04593647 12.07637629
77.12377288 77.95276886 12.23079954
77.36291792 77.85930753 12.38590760
77.59141568 77.76055578 12.55334996
77.81991345 77.66180404 12.72079231
78.04585052 77.57879608 12.89831792
78.26785524 77.51996534 13.09132806
78.48985995 77.46113460 13.28433819
78.70930249 77.40535660 13.48037650
78.89777675 77.38647619 13.71301535
79.07722791 77.36704592 13.95188027
79.22948173 77.34595828 14.20951174
79.38173555 77.32487064 14.46714322
79.53398937 77.30378301 14.72477469
79.62330965 77.31838873 15.01049665
79.71083982 77.33400974 15.29701762
79.79836998 77.34963075 15.58353860
79.84486707 77.39581980 15.87605620
79.88923061 77.44359825 16.16888559
79.93359416 77.49137670 16.46171499
79.94596473 77.54863074 16.75501102
79.94263809 77.61053395 17.04853601
79.92549228 77.68651847 17.33782906
79.90013997 77.77086518 17.62460897
79.87478766 77.85521188 17.91138887
79.83120087 77.95031295 18.19188282
79.77344267 78.05377205 18.46749146
79.71568448 78.15723116 18.74310011
79.65524971 78.26868627 19.01495089
79.59411395 78.38223551 19.28581750
79.53896995 78.49541762 19.55786601
79.50596991 78.60724285 19.83428249
79.47296987 78.71906808 20.11069897
79.44540263 78.83660947 20.38525113
79.42158087 78.95809170 20.65851799
79.42516155 79.08460338 20.92902741
79.45693760 79.21629005 21.19669960
79.49710141 79.30794909 21.47853257
79.53975145 79.38774346 21.76456297
79.61858948 79.43226901 22.04940154
79.70689975 79.46756290 22.33392815
79.80064554 79.47143837 22.61862227
79.89517295 79.47079583 22.90334048
79.99655883 79.45721226 23.18395786
80.12138053 79.39940831 23.45056243
80.24620223 79.34160437 23.71716700
80.36874506 79.23020424 23.96702705
80.49118484 79.11638063 24.21612996
80.62644890 78.95733130 24.42804985
80.76705688 78.77943624 24.62447546
80.90727711 78.59764421 24.81639405
81.04252193 78.36584796 24.95048075
81.17776676 78.13405171 25.08456745
81.31296786 77.89896228 25.21124196
81.44789837 77.64349360 25.29204736
81.58624098 77.38879365 25.36920453
81.72938889 77.13517633 25.44122382
81.87253680 76.88155901 25.51324311
81.97485387 76.60242018 25.54052071
82.06896166 76.31815012 25.55880275
82.16020848 76.03340648 25.57344001
82.20123595 75.74035011 25.52409998
82.24226343 75.44729374 25.47475996
82.28215342 75.15620905 25.41819570
82.31255214 74.88157613 25.30135215
82.34295086 74.60694321 25.18450859
82.34474132 74.33519922 25.05955789
82.32924542 74.06520083 24.92970851
82.31374952 73.79520244 24.79985912
82.27154800 73.54550565 24.64378767
82.20706701 73.31274570 24.46584019
82.13710848 73.08123441 24.28898520
82.02853630 72.85852548 24.11983175
81.91996411 72.63581655 23.95067830
81.80938889 72.41370518 23.78232658
81.65987552 72.20321018 23.62956005
81.51036214 71.99271518 23.47679353
81.34688952 71.78666412 23.33357827
81.16930673 71.58510503 23.20001751
80.99172394 71.38354593 23.06645676
80.81688945 71.16996569 22.95199926
80.64586102 70.93973763 22.86399740
80.47483258 70.70950957 22.77599555
80.29462532 70.48400025 22.69737789
80.09129406 70.27037875 22.64240165
79.88796280 70.05675725 22.58742541
79.68463154 69.84313574 22.53244917
79.48796887 69.61674628 22.53815692
79.29137343 69.39022808 22.54447652
79.10514277 69.16256199 22.59423707
78.92415858 68.93431485 22.66598666
78.74317439 68.70606770 22.73773626
78.58309972 68.47491337 22.84000761
78.43037589 68.24273701 22.95300904
78.32062451 68.00218577 23.09189685
78.22416214 67.75904464 23.23878989
78.12769977 67.51590351 23.38568292
78.04686699 67.28383300 23.55490068
77.98364116 67.06423372 23.74926758
77.92159680 66.84537097 23.94466224
77.88731075 66.64381304 24.16420416
77.85444871 66.44391126 24.38526561
77.83989285 66.26529995 24.62586123
77.82533699 66.08668863 24.86645684
77.82200450 65.91750951 25.11272308
77.85139048 65.77582719 25.37552036
77.88077646 65.63414487 25.63831764
77.92065358 65.50321489 25.90280977
78.02070700 65.43395946 26.17702340
78.12076042 65.36470404 26.45123703
78.22081384 65.29544861 26.72545066
78.36690633 65.26532172 26.98501242
78.51748528 65.23900787 27.24314638
78.68431126 65.23677757 27.49096421
78.86395807 65.25355205 27.73064141
79.06624032 65.30305173 27.94201981
79.28704339 65.37932790 28.13024352
79.50557408 65.46164923 28.31776431
79.70775444 65.58746707 28.50022738
79.90993480 65.71328490 28.68269045
80.11211516 65.83910273 28.86515352
80.30583931 65.97966137 29.04588827
80.49814273 66.12269660 29.22633266
80.70373754 66.25700134 29.39847207
80.91185326 66.38965022 29.56903633
81.11996897 66.52229911 29.73960060
81.28637965 66.69070723 29.91717766
81.41998284 66.88724554 30.10027137
81.55128014 67.08857970 30.27958812
81.67870772 67.29796219 30.45256645
81.80613529 67.50734468 30.62554478
81.93424352 67.70832010 30.80753206
82.06269917 67.90500436 30.99411770
82.19115482 68.10168863 31.18070335
82.29002001 68.30231776 31.37952524
82.37629352 68.50462556 31.58355405
82.46141345 68.70147517 31.79308422
82.54462165 68.88927933 32.01173138
82.62782986 69.07708350 32.23037854
82.68858427 69.25201186 32.46385245
82.71907395 69.40958537 32.71731085
82.74956363 69.56715887 32.97076924
82.75799520 69.70060417 33.23787664
82.75281248 69.81915749 33.51340822
82.74762975 69.93771082 33.78893979
82.74615398 70.05298532 34.06585565
82.74848854 70.16488953 34.34419438
82.75082311 70.27679374 34.62253311
82.75147658 70.38788517 34.90117945
82.74522095 70.49563614 35.18109003
82.73412807 70.60363166 35.46054236
82.69856635 70.71286417 35.73767663
82.66300463 70.82209669 36.01481091
82.60936613 70.94398337 36.28232346
82.53377288 71.08123889 36.53815017
82.45817964 71.21849441 36.79397688
82.35362600 71.38784803 37.01744644
82.24461524 71.56214168 37.23593609
82.13560447 71.73643534 37.45442574
81.99718317 71.90836014 37.65610986
81.84333549 72.07904243 37.84897917
81.68948781 72.24972472 38.04184848
81.54320079 72.31567257 38.28975953
81.39841496 72.36082523 38.54859920
81.25224206 72.40372763 38.80684764
81.08710333 72.41586152 39.05701186
80.92196459 72.42799541 39.30717608
80.75682586 72.44012929 39.55734029
80.56509831 72.44952293 39.78752635
80.36940612 72.45850796 40.01473347
80.16023461 72.45907926 40.22845882
79.93343089 72.44864460 40.42454873
79.71006019 72.43578111 40.62417060
79.49706834 72.41557470 40.83447043
79.28407649 72.39536829 41.04477027
79.07798884 72.36594652 41.26074530
78.87378796 72.32878303 41.47723461
78.67089719 72.28409080 41.69365367
78.46800641 72.23939858 41.91007274
78.26357830 72.18010982 42.12061813
