#spline3d 232
71.52220154 101.65000153 7.92915010
71.47758791 101.43497450 8.13353457
71.43297428 101.21994747 8.33791903
71.44148699 101.01483416 8.55270656
71.48020994 100.81535827 8.77340979
71.52414063 100.61978136 8.99540774
71.63159434 100.47176350 9.23319842
71.73904806 100.32374563 9.47098910
71.85615788 100.17141450 9.69981930
72.00931487 100.00298152 9.89519917
72.16247187 99.83454854 10.09057904
72.35196207 99.66262538 10.23666562
72.56099407 99.48411588 10.35530740
72.75821872 99.30182466 10.48899481
72.95544337 99.11953345 10.62268223
73.15856474 98.93284758 10.73806672
73.37042328 98.73965017 10.82633178
73.60027312 98.57025061 10.91042644
73.85789956 98.43759234 10.98808244
74.12446563 98.31776192 11.05330277
74.39841181 98.20852153 11.10825683
74.65697048 98.07735348 11.18081385
74.90537785 97.93171955 11.26498372
75.15378523 97.78608562 11.34915359
75.40124092 97.62638121 11.40339619
75.64842016 97.46258951 11.44894529
75.89559940 97.29879781 11.49449438
76.14846277 97.13909774 11.51158781
76.40307266 96.98065487 11.51993785
76.65793228 96.82340292 11.53746491
76.91282441 96.66630602 11.55618681
77.16713551 96.50832640 11.57350553
77.40858403 96.33080521 11.55976171
77.65003254 96.15328402 11.54601788
77.89148106 95.97576284 11.53227405
78.12364673 95.78609460 11.52217844
78.35494559 95.59529208 11.51242349
78.58779329 95.40639458 11.50258623
78.82137043 95.21839426 11.49271020
79.05783011 95.03457680 11.48191038
79.31389079 94.87920245 11.46482883
79.56995148 94.72382810 11.44774728
79.82585295 94.56826999 11.43023372
80.07564987 94.40566576 11.39615589
80.32544679 94.24306153 11.36207806
80.57100660 94.07297487 11.33495143
80.81535471 93.90074841 11.30981268
81.05854385 93.72690177 11.28531066
81.29220537 93.53973589 11.26604307
81.52586689 93.35257002 11.24677548
81.75952840 93.16540415 11.22750788
81.99280609 92.98189830 11.18406105
82.22607127 92.79851167 11.13982666
82.45747601 92.61229503 11.09843597
82.68298329 92.41710746 11.06605962
82.90849057 92.22191989 11.03368327
83.13829495 92.03157116 11.00809579
83.38287786 91.85786404 11.00585649
83.62746077 91.68415691 11.00361719
83.87860923 91.52064986 11.01592414
84.13046342 91.35823922 11.02979468
84.38194223 91.19592356 11.04935237
84.63307977 91.03369426 11.07408043
84.88266733 90.86950346 11.09991139
85.11562934 90.68427318 11.13757224
85.34514323 90.49525983 11.17433938
85.54331745 90.27186250 11.20298360
85.74378072 90.05086573 11.23315892
85.95526019 89.84142176 11.27070271
86.16673965 89.63197778 11.30824649
86.36939852 89.42542556 11.37851979
86.56194361 89.22218905 11.48632107
86.75448869 89.01895254 11.59412234
86.91570159 88.84200891 11.77000665
87.06814350 88.67242559 11.96494980
87.22058541 88.50284227 12.15989296
87.33406237 88.36344089 12.39930878
87.44426604 88.22657496 12.64246056
87.55446972 88.08970903 12.88561234
87.62463081 87.95119160 13.14051403
87.67377722 87.81180744 13.40158218
87.72292363 87.67242329 13.66265032
87.75705416 87.54586344 13.93170230
87.78141662 87.44437813 14.21226267
87.81434424 87.36797616 14.50049631
87.84727186 87.29157419 14.78872996
87.88340319 87.21960359 15.07770428
87.92043555 87.14887931 15.36688693
87.95746791 87.07815503 15.65606957
88.01874494 87.00048655 15.93884339
88.08902870 86.92023834 16.21923639
88.15931245 86.83999013 16.49962938
88.18550487 86.83578400 16.79464466
88.19913586 86.85324194 17.09382577
88.21276684 86.87069987 17.39300688
88.22472060 86.89903489 17.69135748
88.23610931 86.93103429 17.98942830
88.24712553 86.96264720 18.28753628
88.24427932 86.97987655 18.58702751
88.24143311 86.99710590 18.88651874
88.26371886 87.02168276 19.18457733
88.28821200 87.04690498 19.48251009
88.31270513 87.07212719 19.78044284
88.36443726 87.13184988 20.06760295
88.43340440 87.21340218 20.34794684
88.50237154 87.29495447 20.62829074
88.58902117 87.40063143 20.89348186
88.69136206 87.52771640 21.14522656
88.79370295 87.65480136 21.39697126
88.93673448 87.76651394 21.63225452
89.11182045 87.86611679 21.85457011
89.29237965 87.98002960 22.06532072
89.47302718 88.09417335 22.27588470
89.68984992 88.18420683 22.46248307
89.91340999 88.25914592 22.64564827
90.15675173 88.28485052 22.81921082
90.39935520 88.30946948 22.99373922
90.62050468 88.30253953 23.19633539
90.84165415 88.29560958 23.39893156
91.05648228 88.27739002 23.60548020
91.24178652 88.20644218 23.83048890
91.42709076 88.13549435 24.05549759
91.61239500 88.06454652 24.28050628
91.78702834 87.93259548 24.48561890
91.96160951 87.80034622 24.69063426
92.12860218 87.65427989 24.88926269
92.26084926 87.44494915 25.05864722
92.38186797 87.22801659 25.22416970
92.45222757 86.97678690 25.37226777
92.52258717 86.72555721 25.52036584
92.58044462 86.45327267 25.62465711
92.63017761 86.16730571 25.70048073
92.67677373 85.88040316 25.77264195
92.68329838 85.58154894 25.79801864
92.68982303 85.28269472 25.82339532
92.69776195 84.98432701 25.85283022
92.70929097 84.68719432 25.89256691
92.71999582 84.39233010 25.94516284
92.72986276 84.09977220 26.01083249
92.73972969 83.80721429 26.07650215
92.73781278 83.51351033 26.13145357
92.70287383 83.21659479 26.15636916
92.66793489 82.91967926 26.18128475
92.63977823 82.62158003 26.17565122
92.61377999 82.32310410 26.16029567
92.57306852 82.02693214 26.13878875
92.52318704 81.73219613 26.11344800
92.47330556 81.43746011 26.08810726
92.41054865 81.14607710 26.05462348
92.34585960 80.85519725 26.01991774
92.28117055 80.56431740 25.98521199
92.19248052 80.27921109 25.95645151
92.10299628 79.99429582 25.92788777
92.01351204 79.70938056 25.89932402
91.90318759 79.43212368 25.87318176
91.78142154 79.15907137 25.84836894
91.66096951 78.88542410 25.82637437
91.55689178 78.60436297 25.83949872
91.45281405 78.32330184 25.85262306
91.34873632 78.04224071 25.86574741
91.23912838 77.76982643 25.92522977
91.12893664 77.49832496 25.98960588
91.02454721 77.22923045 26.06818014
90.93259311 76.96529447 26.17718335
90.84206206 76.70727279 26.29812826
90.75629148 76.46903577 26.45902069
90.67125930 76.23170086 26.62122709
90.61747964 76.03254756 26.83904674
90.56369998 75.83339426 27.05686640
90.50992032 75.63424095 27.27468605
90.47276037 75.49260695 27.53278460
90.44180528 75.37244745 27.80592104
90.41085019 75.25228795 28.07905749
90.42535239 75.17482772 28.36167939
90.48456888 75.13936884 28.65363170
90.54378537 75.10390997 28.94558402
90.60980539 75.08484927 29.23586131
90.69758658 75.11823839 29.52078101
90.78471432 75.15806892 29.80470854
90.86868814 75.22898859 30.08384741
90.95266197 75.29990827 30.36298627
91.03662133 75.37086607 30.64211251
91.08828183 75.52695030 30.89304806
91.13994232 75.68303454 31.14398361
91.19124513 75.83925505 31.39488271
91.21215594 76.00705435 31.64268581
91.23306676 76.17485364 31.89048890
91.23162680 76.35557122 32.12971278
91.22682369 76.53823262 32.36764574
91.21026070 76.72405464 32.60200105
91.17372625 76.91524423 32.83028057
91.13719180 77.10643382 33.05856010
91.11950080 77.29467008 33.29108378
91.11101879 77.48146301 33.52568163
91.10253677 77.66825594 33.76027948
91.09277241 77.87225502 33.97997756
91.08295559 78.07695808 34.19906603
91.04313357 78.29495344 34.40073481
90.99848942 78.51508500 34.59960407
90.95069481 78.73365538 34.79941178
90.89830342 78.94994785 35.00058875
90.85115776 79.17367201 35.19459375
90.80741191 79.40221272 35.38395054
90.74102409 79.62563637 35.57199126
90.66143222 79.84607592 35.75926450
90.58876198 80.06814266 35.94714559
90.53047664 80.29359108 36.13628996
90.47219130 80.51903951 36.32543432
90.40518243 80.74010586 36.51677279
90.33567096 80.95991508 36.70874070
90.25476867 81.17399161 36.90223617
90.16107093 81.38162855 37.09744755
90.06737319 81.58926550 37.29265893
89.97109480 81.79369058 37.48977792
89.86419921 81.98490163 37.69474508
89.75730363 82.17611268 37.89971224
89.65040805 82.36732374 38.10467940
89.52475567 82.56268735 38.29441936
89.39772624 82.75835584 38.48304139
89.24284657 82.94172164 38.66289125
89.08677237 83.12455975 38.84236485
88.91009565 83.27575223 39.02873621
88.71676170 83.40135906 39.22068446
88.52342775 83.52696589 39.41263270
88.32718727 83.57730958 39.63052328
88.13026973 83.61012105 39.85445701
87.91958774 83.61802279 40.06651083
87.70046146 83.61064278 40.27127649
87.48133519 83.60326278 40.47604215
87.28274863 83.57550240 40.69534851
87.11740004 83.51476192 40.93818504
86.95205145 83.45402143 41.18102157
