#spline3d 252
70.65229797 111.83499908 4.38040018
70.66631852 111.76235065 4.67093894
70.66429625 111.69409661 4.96306443
70.66227399 111.62584256 5.25518992
70.66125721 111.56042837 5.54792593
70.66296318 111.50270411 5.84231513
70.66466914 111.44497985 6.13670433
70.66689300 111.37295763 6.42734414
70.66991313 111.27895164 6.71221910
70.67293326 111.18494565 6.99709406
70.68063960 111.09047023 7.28142912
70.72349895 110.99247339 7.56171415
70.76635830 110.89447656 7.84199917
70.80921766 110.79647972 8.12228420
70.85521894 110.66747072 8.38913740
70.90130184 110.53765617 8.65564171
70.94790410 110.40603406 8.92098236
71.00493209 110.23812611 9.16296329
71.06196009 110.07021816 9.40494423
71.11898809 109.90231021 9.64692516
71.17002046 109.70701575 9.86789849
71.21896882 109.50220208 10.08156985
71.26826117 109.29630101 10.29392992
71.32646492 109.06222869 10.47231857
71.38614706 108.82847573 10.65059494
71.45556986 108.59682688 10.82813156
71.52499265 108.36517804 11.00566818
71.60221233 108.12641003 11.16843671
71.69253195 107.87631281 11.30729004
71.80709956 107.63588689 11.44538313
71.92166717 107.39546097 11.58347622
72.03623478 107.15503505 11.72156931
72.16757981 106.92294739 11.85850130
72.30527821 106.69401731 11.99499359
72.44297661 106.46508723 12.13148589
72.59239532 106.23113367 12.24118547
72.75387153 105.99201211 12.32332152
72.91534774 105.75289055 12.40545757
73.09756582 105.52267232 12.46216771
73.29019135 105.29692143 12.50612016
73.48521640 105.07211713 12.54317358
73.68268592 104.84827716 12.57319877
73.88194163 104.62625145 12.60371987
74.09985192 104.42317357 12.63942009
74.31776220 104.22009568 12.67512032
74.53489384 104.01380729 12.68322462
74.75179036 103.80654945 12.68299608
74.97080312 103.60197375 12.67878746
75.20246452 103.41342894 12.65079025
75.43412591 103.22488413 12.62279304
75.66569848 103.03694498 12.59084203
75.89709260 102.85022264 12.55094776
76.12848672 102.66350030 12.51105348
76.36775624 102.48743533 12.47097826
76.61353549 102.32017966 12.43075346
76.86660546 102.16397632 12.39268111
77.12398940 102.01431275 12.35588240
77.38166682 101.86640490 12.31523940
77.64054734 101.72569482 12.25883630
77.90453766 101.59780021 12.19757024
78.17326582 101.48178820 12.13179518
78.43947394 101.36189291 12.06302614
78.70326593 101.23827441 11.99138654
78.96396754 101.12131752 11.90065764
79.22375266 101.00633623 11.80426754
79.48811188 100.89510148 11.71694926
79.75702110 100.78759352 11.63865498
80.02593032 100.68008555 11.56036069
80.30083694 100.59289198 11.47984080
80.58024299 100.52093884 11.39765120
80.85964904 100.44898570 11.31546159
81.13899494 100.37091130 11.23930035
81.41828392 100.28704425 11.16884385
81.69602400 100.19836518 11.09836799
81.97196666 100.10410209 11.02786966
82.24790933 100.00983899 10.95737133
82.52331234 99.91307184 10.88829631
82.79758836 99.81107538 10.82219359
83.07186439 99.70907893 10.75609087
83.34775164 99.60645278 10.69849841
83.62443670 99.50351483 10.64511981
83.90112176 99.40057688 10.59174122
84.17461794 99.28676703 10.54882316
84.44267876 99.15442628 10.52373487
84.71073958 99.02208554 10.49864657
84.97666498 98.88508162 10.47728102
85.23954546 98.74142844 10.46122379
85.50189302 98.59732498 10.45021627
85.75835529 98.44824882 10.49497545
86.01481756 98.29917266 10.53973464
86.27127983 98.15009651 10.58449383
86.50762836 97.98667555 10.66749305
86.73869746 97.81948939 10.76052946
86.96976657 97.65230323 10.85356587
87.19952016 97.50336767 10.97615144
87.42926901 97.35449787 11.09884350
87.65328759 97.20324118 11.22739371
87.84490005 97.03848597 11.38907330
88.03651250 96.87373076 11.55075288
88.22812496 96.70897554 11.71243247
88.39449272 96.55938994 11.91227709
88.56077151 96.40985780 12.11225623
88.70851007 96.25640020 12.32281558
88.84487275 96.10053403 12.53986671
88.97075166 95.95036229 12.76566417
89.06699439 95.81628794 13.01618631
89.16323711 95.68221358 13.26670845
89.25306512 95.54526547 13.51728487
89.29258328 95.38577887 13.76828704
89.33210144 95.22629226 14.01928922
89.35452103 95.05850509 14.26620869
89.35994818 94.88246889 14.50907081
89.34258918 94.69740338 14.74326824
89.30496213 94.50430641 14.96975852
89.26733508 94.31120944 15.19624879
89.22800157 94.11112872 15.41594471
89.18597447 93.90002439 15.62491597
89.14394736 93.68892006 15.83388722
89.09841246 93.48440129 16.04828010
89.04733101 93.29029568 16.27124568
88.96973942 93.09830109 16.48793704
88.88637787 92.90676596 16.70326281
88.78053147 92.71607910 16.90884534
88.66828041 92.52563388 17.11165257
88.55772866 92.34964596 17.32749335
88.44815414 92.18197208 17.55082941
88.34345549 92.01633115 17.77788094
88.24449819 91.85308402 18.00930745
88.14554090 91.68983690 18.24073396
88.06681403 91.50893021 18.46594352
87.99755270 91.31976085 18.68824425
87.92829137 91.13059150 18.91054498
87.86672061 90.94613036 19.13894559
87.80622447 90.76232712 19.36819857
87.74572833 90.57852388 19.59745154
87.67640461 90.39869010 19.82723343
87.60199048 90.22114530 20.05732031
87.52330962 90.04941527 20.29026801
87.44086232 89.88281822 20.52574109
87.35419054 89.71748975 20.76051464
87.25993108 89.55443981 20.99403173
87.18134977 89.36426135 21.21103443
87.10985154 89.16182676 21.42057626
87.03943844 88.93551417 21.60191456
86.96977220 88.69276748 21.76384171
86.90010596 88.45002079 21.92576885
86.82868137 88.19215245 22.06055394
86.75682993 87.93061321 22.18875008
86.68552295 87.66842752 22.31550078
86.63517076 87.38136141 22.38661983
86.58481856 87.09429530 22.45773888
86.54933501 86.81063230 22.54801105
86.49617057 86.52367564 22.60837048
86.42760674 86.23375092 22.64361919
86.35904290 85.94382620 22.67886790
86.27766920 85.65541840 22.66562866
86.19617395 85.36702499 22.65192934
86.11467870 85.07863159 22.63823002
86.07776307 84.78359633 22.61163013
86.05877955 84.48588938 22.57984100
86.03979604 84.18818244 22.54805187
86.04236007 83.89252273 22.49917398
86.05030428 83.59737420 22.44602920
86.05605210 83.30114830 22.40140255
86.05548635 83.00182553 22.38126131
86.05492059 82.70250276 22.36112007
86.05592937 82.40318339 22.34285624
86.07620216 82.10390564 22.34756193
86.09647495 81.80462789 22.35226762
86.13944617 81.50986972 22.36056164
86.23218057 81.22502010 22.37672258
86.32491497 80.94017047 22.39288352
86.41787050 80.65544566 22.40914007
86.59171836 80.41638032 22.46037244
86.76875396 80.17985975 22.51147326
86.96591831 79.95940792 22.56174333
87.16308267 79.73895610 22.61201341
87.38134054 79.54139011 22.66835201
87.60289010 79.34739550 22.72563762
87.85510065 79.21239749 22.80158606
88.12439796 79.11561519 22.89039520
88.39797048 79.04068743 22.98808781
88.67117479 78.97016663 23.08841881
88.93993837 78.95279658 23.22057050
89.20870194 78.93542653 23.35272218
89.47391837 78.92580015 23.49149311
89.72968778 78.93679728 23.64789290
89.98545718 78.94779440 23.80429269
90.23220477 78.96996594 23.97345003
90.47592409 79.00292529 24.14414068
90.71077249 79.06938552 24.31858105
90.94562088 79.13584574 24.49302142
91.17235814 79.20244491 24.67737867
91.39082293 79.26918579 24.87185004
91.60928771 79.33592666 25.06632141
91.81516980 79.39745014 25.27415429
91.99916650 79.44989889 25.50522716
92.18316321 79.50234763 25.73630003
92.35959496 79.55362263 25.97296000
92.51622409 79.60182516 26.22424517
92.67110079 79.65025215 26.47641194
92.78986823 79.70330423 26.74674411
92.90863567 79.75635631 27.01707629
93.02740311 79.80940840 27.28740846
93.12310980 79.84372878 27.56918423
93.21279253 79.87315604 27.85394930
93.30247526 79.90258330 28.13871438
93.34344086 79.98859328 28.41967157
93.36708701 80.09471902 28.69927503
93.39073316 80.20084476 28.97887849
93.37695301 80.32835100 29.24777078
93.33946840 80.46939889 29.50987901
93.27837648 80.62021746 29.76163996
93.21299280 80.77281231 30.01151979
93.10563599 80.93912361 30.23509869
92.98513790 81.10972937 30.45044307
92.86463980 81.28033513 30.66578746
92.72306493 81.44075223 30.87560482
92.57424067 81.59766491 31.08352115
92.42541641 81.75457760 31.29143747
92.26002524 81.92568968 31.47410100
92.09462117 82.09681282 31.65674486
91.92587820 82.26804207 31.83615764
91.75441751 82.43935770 32.01294044
91.57687336 82.60221316 32.19131830
91.39182065 82.75462659 32.37166490
91.20816066 82.90897952 32.55165474
91.03578599 83.07904833 32.72875377
90.86442743 83.24861802 32.90728297
90.69616556 83.41666658 33.09017074
90.52790369 83.58471515 33.27305851
90.34484274 83.76706220 33.42511848
90.16053206 83.95061671 33.57457513
89.97622138 84.13417122 33.72403179
89.74875531 84.28048933 33.85177610
89.51512991 84.42149289 33.97642152
89.28150451 84.56249646 34.10106695
89.04419778 84.70989840 34.20984346
88.80537641 84.85993289 34.31209086
88.56655503 85.00996739 34.41433826
88.32901671 85.15375303 34.52777264
88.08842546 85.29295048 34.63994548
87.83277825 85.41697070 34.73618774
87.57713103 85.54099091 34.83243000
87.31277586 85.60673736 34.95491425
87.04676556 85.66140768 35.08238634
86.78075526 85.71607800 35.20985843
86.51571081 85.73879718 35.34761040
86.25088857 85.75416565 35.48772736
85.98358546 85.76173107 35.62307033
85.71148236 85.75419918 35.74917659
85.43937926 85.74666728 35.87528285
