#spline3d 267
129.53799438 102.50599670 6.32520008
129.51883520 102.30592764 6.54792254
129.49967601 102.10585857 6.77064501
129.44430055 101.89842513 6.97353411
129.33249846 101.67951767 7.14552193
129.22069638 101.46061020 7.31750974
129.08932585 101.23141961 7.45616313
128.94586227 100.99587417 7.57421628
128.77889452 100.76124075 7.65073461
128.59940438 100.52709323 7.70512430
128.41991424 100.29294571 7.75951399
128.23355599 100.06496024 7.81671810
128.04565510 99.83835883 7.87455436
127.84702097 99.61893266 7.91675891
127.63231697 99.41024932 7.93555955
127.41761297 99.20156598 7.95436020
127.19444717 99.00272091 7.97874204
126.96860330 98.80698956 8.00489026
126.73632288 98.61777595 8.00912101
126.50146353 98.43117381 8.00457009
126.26660419 98.24457166 8.00001917
126.03268892 98.05680362 7.99486381
125.79886444 97.86892348 7.98965033
125.56374606 97.68312373 7.97962268
125.32431510 97.50425800 7.95354925
125.08592731 97.32442496 7.92554422
124.85606005 97.13669085 7.88176179
124.62647789 96.94983647 7.83395825
124.39844074 96.76774946 7.76436381
124.17040360 96.58566245 7.69476936
123.94326298 96.40475898 7.61944337
123.71630390 96.22409516 7.54295680
123.47457612 96.05841505 7.48071925
123.22725992 95.89840471 7.42387348
122.97994372 95.73839437 7.36702771
122.72687059 95.58954763 7.30581508
122.47211468 95.44396405 7.24332600
122.21735877 95.29838048 7.18083691
121.96694942 95.14221215 7.12797885
121.71873014 94.98071054 7.07997350
121.46758354 94.82987059 7.01824790
121.21301761 94.69148427 6.94049600
120.95241145 94.56264399 6.86673034
120.68998231 94.43668481 6.79416775
120.42755316 94.31072563 6.72160517
120.16235795 94.17882371 6.67399419
119.89713561 94.04686347 6.62662806
119.63191326 93.91490323 6.57926192
119.37264599 93.77005003 6.53711392
119.11394182 93.62397771 6.49545934
118.85341845 93.47638939 6.47911608
118.59267479 93.32861748 6.46583781
118.32046662 93.20743244 6.43486482
118.04569311 93.09219655 6.39993239
117.77091960 92.97696067 6.36499996
117.49491983 92.86187388 6.34353105
117.21812695 92.74688350 6.33076995
116.94348105 92.62667223 6.33143452
116.67032803 92.50295543 6.34025411
116.39840315 92.37677128 6.35184055
116.12647826 92.25058714 6.36342698
115.85370790 92.12708596 6.37683543
115.56860642 92.04271486 6.41681726
115.28350495 91.95834376 6.45679909
114.99840347 91.87397265 6.49678093
114.72250678 91.80123532 6.58880316
114.44699361 91.72898273 6.68299373
114.17607682 91.65926804 6.78993924
113.91256483 91.59364195 6.91743300
113.64905283 91.52801586 7.04492676
113.38499843 91.47059998 7.17424801
113.11899899 91.44262601 7.31012262
112.85299954 91.41465204 7.44599723
112.61481803 91.38357863 7.62332448
112.38618940 91.35144084 7.81488687
112.15756076 91.31930305 8.00644926
111.96715129 91.31763035 8.23793704
111.77822819 91.31714247 8.47097755
111.58930508 91.31665458 8.70401807
111.47919511 91.29691348 8.98034060
111.37963510 91.27459514 9.26245688
111.28007509 91.25227680 9.54457317
111.21039585 91.21858862 9.83397790
111.14779769 91.18220604 10.12510982
111.09574976 91.16038484 10.41900234
111.05779435 91.15801404 10.71658234
111.06184120 91.16435318 11.01541758
111.08050334 91.17372308 11.31468961
111.10510506 91.19706227 11.61213652
111.13924275 91.24282908 11.90665325
111.17974503 91.29342645 12.19914803
111.24332322 91.36153779 12.48431187
111.30350972 91.43032081 12.76979716
111.32307541 91.50714827 13.05913234
111.34822043 91.56903997 13.35144832
111.37524357 91.62590398 13.64476770
111.40190027 91.68436615 13.93775411
111.42455178 91.76029595 14.22710122
111.44720329 91.83622574 14.51644833
111.46985480 91.91215554 14.80579543
111.49897296 92.01132080 15.08709301
111.52999097 92.11731248 15.36602570
111.55699921 92.22616757 15.64396602
111.55699921 92.35430941 15.91522215
111.55699921 92.47450331 16.18963422
111.55699921 92.56734705 16.47490634
111.55699921 92.66019079 16.76017846
111.55959432 92.75442793 17.04490370
111.57500136 92.85554418 17.32692904
111.59040841 92.95666044 17.60895438
111.59657401 93.06382652 17.88871837
111.58750387 93.18096655 18.16475422
111.57843373 93.29810658 18.44079007
111.54240962 93.42524613 18.70852241
111.48058137 93.56195863 18.96830548
111.41875313 93.69867112 19.22808854
111.34937314 93.83989618 19.48328222
111.27091537 93.98654570 19.73295909
111.18626168 94.13012750 19.98226576
111.09331039 94.26960100 20.23107665
111.00420420 94.39989020 20.48558348
110.92418331 94.50847846 20.75354886
110.84416242 94.61706672 21.02151424
110.76414153 94.72565497 21.28947962
110.63723339 94.82503559 21.54242598
110.50964699 94.92428300 21.79515508
110.38206059 95.02353042 22.04788419
110.22923414 95.10027425 22.29374817
110.06992972 95.17124242 22.53785018
109.91062529 95.24221059 22.78195219
109.72535890 95.28089998 23.01446147
109.53801406 95.31437579 23.24621982
109.34783409 95.32610476 23.47793988
109.15765411 95.33783373 23.70965995
108.96956216 95.33189420 23.94206128
108.78526257 95.29386428 24.17569995
108.60096299 95.25583435 24.40933863
108.41810553 95.21039081 24.64177373
108.24687750 95.10516363 24.86450318
108.07564948 94.99993645 25.08723263
107.90455227 94.89137058 25.30786011
107.73566247 94.72646939 25.49302015
107.56677267 94.56156820 25.67818019
107.37494307 94.36847275 25.80326283
107.18185642 94.17383232 25.92505336
106.98876976 93.97919188 26.04684389
106.80238458 93.76066140 26.12866004
106.61845463 93.53337827 26.19583070
106.43452468 93.30609513 26.26300135
106.26198945 93.06428611 26.28240007
106.09546565 92.81481377 26.27659609
105.94944900 92.55711554 26.24774712
105.83237446 92.28780797 26.18637434
105.71529993 92.01850041 26.12500157
105.63025074 91.74570209 26.04496202
105.59004221 91.46801618 25.93878597
105.57452648 91.18786943 25.83526668
105.58122745 90.90550862 25.73413773
105.60661416 90.63357140 25.61253766
105.64518568 90.36898913 25.47649301
105.69467271 90.10778494 25.33938109
105.78753746 89.86000506 25.19802794
105.88996786 89.62674880 25.04168204
106.00428667 89.41154281 24.86670282
106.11860548 89.19633683 24.69172360
106.25724708 88.99665172 24.51722565
106.40917766 88.80544660 24.34299065
106.55997564 88.61534656 24.16658569
106.71023732 88.42576979 23.98915323
106.86565582 88.23827648 23.81553724
107.08329787 88.07592272 23.68797166
107.30093991 87.91356896 23.56040608
107.52342449 87.75614045 23.43580585
107.76232379 87.61540705 23.32125727
108.00122309 87.47467364 23.20670870
108.24009622 87.33384265 23.09224099
108.47343429 87.17236785 22.99488005
108.70677237 87.01089304 22.89751911
108.94284253 86.84557984 22.81922652
109.18466785 86.67218099 22.78110159
109.42649318 86.49878215 22.74297667
109.66045602 86.31572648 22.71643465
109.86594138 86.09769440 22.73184518
110.04169894 85.86087276 22.77683832
110.20337209 85.61514902 22.83584708
110.36468927 85.37980368 22.92618673
110.52586647 85.14853910 23.02884562
110.68704368 84.91727452 23.13150450
110.83180317 84.69126550 23.26072602
110.95582587 84.47189465 23.42349815
111.07984856 84.25252379 23.58627027
111.17374962 84.04101756 23.77120805
111.22133323 83.84160460 23.99022953
111.26891684 83.64219164 24.20925100
111.28221741 83.45417286 24.43861309
111.25023587 83.28120386 24.68163339
111.21825433 83.10823486 24.92465369
111.13159610 82.98056763 25.17993746
111.02309750 82.87291597 25.43682041
110.88541301 82.79450106 25.69156250
110.72998266 82.72389158 25.93517561
110.52099995 82.67683683 26.14520436
110.31201724 82.62978208 26.35523311
110.09940408 82.58653267 26.56138150
109.85042048 82.58140578 26.72865591
109.60143688 82.57627889 26.89593032
109.35129565 82.60407083 27.05840001
109.10088197 82.63961050 27.21973886
108.84595083 82.68457135 27.37116814
108.58975167 82.73217667 27.51981584
108.33694203 82.79227811 27.66894398
108.08890064 82.86995854 27.81874797
107.84167584 82.96034785 27.96057001
107.59660709 83.08429261 28.08131719
107.35509571 83.21720606 28.19667960
107.13393669 83.40143104 28.28123477
106.92091337 83.59528213 28.36389055
106.71845305 83.80163132 28.44408024
106.51599273 84.00798051 28.52426994
106.32997714 84.22772288 28.60834658
106.14546819 84.44869230 28.69277933
105.96095924 84.66966173 28.77721208
105.79392211 84.89809389 28.87582712
105.63284958 85.12907371 28.97928377
105.51036845 85.38297688 29.07628700
105.40893950 85.64938507 29.16976981
105.30751054 85.91579327 29.26325262
105.22145779 86.18103449 29.37102329
105.15723328 86.44461907 29.49907717
105.09300877 86.70820366 29.62713105
105.03977380 86.96975700 29.76296077
105.00469384 87.22795465 29.91163636
104.97898486 87.49041203 30.05400600
104.96526966 87.75832134 30.18830475
104.97803845 88.02566620 30.32161601
105.01311095 88.29253569 30.45409565
105.04818346 88.55940518 30.58657530
105.10208364 88.82860134 30.70642664
105.16554734 89.09897934 30.81986344
105.22901104 89.36935733 30.93330023
105.30322817 89.63702932 31.04581244
105.39347947 89.90066644 31.15694600
105.48373077 90.16430357 31.26807957
105.57664650 90.42960940 31.37239516
105.67418879 90.69781277 31.46487200
105.77173108 90.96601614 31.55734884
105.89167174 91.22211585 31.65600401
106.02121578 91.47302607 31.75730816
106.15075982 91.72393629 31.85861230
106.31341668 91.93029043 32.00335783
106.47613530 92.13656147 32.14818438
106.64658784 92.32561444 32.30549433
106.82396477 92.49925159 32.47398103
106.99536834 92.65866751 32.65890439
107.15489003 92.78979534 32.87652267
107.31441171 92.92092316 33.09414096
107.49828607 92.98980958 33.31963378
107.68537243 93.05048662 33.54616521
107.87245879 93.11116366 33.77269665
108.05972038 93.19487589 33.99095701
108.25455574 93.24968268 34.20775140
108.45859332 93.25543662 34.42760617
108.66263091 93.26119056 34.64746094
108.86282865 93.23428396 34.86917206
109.06288256 93.20615391 35.09095272
109.26041265 93.13916655 35.30500406
109.45685846 93.05548545 35.51573475
