#spline3d 212
127.44000244 96.77629852 5.38535023
127.23202173 96.64322667 5.55574949
127.02381563 96.51841385 5.73098983
126.81471777 96.42627819 5.92538407
126.60523594 96.31984108 6.11054546
126.39508693 96.18855342 6.27966361
126.18493792 96.05726576 6.44878176
125.97529199 95.89970939 6.59144862
125.76596123 95.72569704 6.71754514
125.55663047 95.55168468 6.84364166
125.34966581 95.37337933 6.96741938
125.14687823 95.18749519 7.08710355
124.94409066 95.00161105 7.20678771
124.71517017 94.83632551 7.29921446
124.46176604 94.69033858 7.36610405
124.20836192 94.54435166 7.43299364
123.93163242 94.43923339 7.47015696
123.64745044 94.34717272 7.49782271
123.36326846 94.25511205 7.52548846
123.07653303 94.17309457 7.55755090
122.78923548 94.09328795 7.59058120
122.50389629 94.01019666 7.63102733
122.22178648 93.91868058 7.67264483
121.95085474 93.79211692 7.69667955
121.67992300 93.66555327 7.72071428
121.40872790 93.53951921 7.74398522
121.12987516 93.42888431 7.74504789
120.85102242 93.31824941 7.74611055
120.57208693 93.20926988 7.73586493
120.29301617 93.10299669 7.70713175
120.01510064 93.00145135 7.66192858
119.73878417 92.90645019 7.59392808
119.46246770 92.81144902 7.52592757
119.17436537 92.74160456 7.48001964
118.88615679 92.67198688 7.43431087
118.59848685 92.60034459 7.38893251
118.31731720 92.50426936 7.34754161
118.03614755 92.40819414 7.30615071
117.74978241 92.32450600 7.30595940
117.46067464 92.24735685 7.32751684
117.17131196 92.17309431 7.35216169
116.87985990 92.12249244 7.40211312
116.58840783 92.07189056 7.45206455
116.29695577 92.02128868 7.50201598
116.01385488 91.94530556 7.56529477
115.73146793 91.86715261 7.62971290
115.44581037 91.80362767 7.69547247
115.15957393 91.74269182 7.76146947
114.87381896 91.69113649 7.83641427
114.58826256 91.64344975 7.91504918
114.30569660 91.61558109 8.00909004
114.02563904 91.60433605 8.11605357
113.75174425 91.58546612 8.23496695
113.49036233 91.55111458 8.37814334
113.22898042 91.51676304 8.52131973
112.97343897 91.48387691 8.67268604
112.75776214 91.46099307 8.87995334
112.54208531 91.43810924 9.08722063
112.32640847 91.41522540 9.29448793
112.16507414 91.38985426 9.54549496
112.00734118 91.36431830 9.79940070
111.86599056 91.32151084 10.06018864
111.72937040 91.27371619 10.32296383
111.58106721 91.21907842 10.57728266
111.41704590 91.15523405 10.82022445
111.25302458 91.09138968 11.06316624
111.11915094 91.05560687 11.32894360
110.98745036 91.02184674 11.59636695
110.85574977 90.98808661 11.86379030
110.73907697 90.96791826 12.13906552
110.62890014 90.95362514 12.41773483
110.51598157 90.92665618 12.69404858
110.40033968 90.88709657 12.96802263
110.31811984 90.85487216 13.25237124
110.27112099 90.83037776 13.54765283
110.22412214 90.80588336 13.84293443
110.18940083 90.77653029 14.13868835
110.18720541 90.73430554 14.43569356
110.18500999 90.69208078 14.73269877
110.18459554 90.64716005 15.02911735
110.20363988 90.57278325 15.31912633
110.21913740 90.49551377 15.60852163
110.22807118 90.41289106 15.89678122
110.23700495 90.33026836 16.18504080
110.24646647 90.24859048 16.47353455
110.26043759 90.17498607 16.76402918
110.27440870 90.10138165 17.05452380
110.28535589 90.03047389 17.34567672
110.28155128 89.97272143 17.64004105
110.27774668 89.91496898 17.93440538
110.27417213 89.85680781 18.22869099
110.27119371 89.79758762 18.52277263
110.26821528 89.73836744 18.81685427
110.26357814 89.67890556 19.11085183
110.25411615 89.61874064 19.40460483
110.24465416 89.55857572 19.69835782
110.23328306 89.49945666 19.99222111
110.21382628 89.44476709 20.28655153
110.19436950 89.39007752 20.58088196
110.17491273 89.33538795 20.87521238
110.17460567 89.21621602 21.14954788
110.17639060 89.08999976 21.42169906
110.17766048 88.96347128 21.69370157
110.17416598 88.83405478 21.96432893
110.17067148 88.70463828 22.23495629
110.15089423 88.54094563 22.48468724
110.12723093 88.36907259 22.72943103
110.10356762 88.19719955 22.97417482
110.07817481 87.98855414 23.18603916
110.05211760 87.76578230 23.38527258
110.01947374 87.52517594 23.55782570
109.97904415 87.26348833 23.69884144
109.94554516 86.99724530 23.83027081
109.94305968 86.71061733 23.91880242
109.94057419 86.42398936 24.00733403
109.94766807 86.13338232 24.07476472
109.97122399 85.83593727 24.10593366
109.99477992 85.53849223 24.13710261
110.01591337 85.23999445 24.14289163
110.03548942 84.94081988 24.13236395
110.05150902 84.64675574 24.08127772
110.06613514 84.35469396 24.01429998
110.08278732 84.06412589 23.94387286
110.13643381 83.80083177 23.81046243
110.19008030 83.53753766 23.67705200
110.24349771 83.27051807 23.55146768
110.29668432 82.99974531 23.43376765
110.34987094 82.72897256 23.31606762
110.40814660 82.45274288 23.21726510
110.47307066 82.16938418 23.14315058
110.53799472 81.88602548 23.06903605
110.64876235 81.62166143 22.98257871
110.76597542 81.35996795 22.89438602
110.87751609 81.09522826 22.80883637
110.97113940 80.82086653 22.73163525
111.06476272 80.54650481 22.65443413
111.15838604 80.27214308 22.57723301
111.21193246 79.97767046 22.55929071
111.26477426 79.68284425 22.54239030
111.29735505 79.38898825 22.57184936
111.31633008 79.09578377 22.63243993
111.33530512 78.80257929 22.69303049
111.32097186 78.52223591 22.78841910
111.27845611 78.25277443 22.91325070
111.22070632 77.99425037 23.04519275
111.07124828 77.80156914 23.21993946
110.92179024 77.60888790 23.39468618
110.76450330 77.43533308 23.57771180
110.58129289 77.32511053 23.78815094
110.39808248 77.21488798 23.99859009
110.20692653 77.18968168 24.22579652
110.00726945 77.17713181 24.44914941
109.80056183 77.16377544 24.66616042
109.59385420 77.15041906 24.88317143
109.38782848 77.17978585 25.09537214
109.18241576 77.24755714 25.30324880
108.97700303 77.31532844 25.51112547
108.77839078 77.39710014 25.71873426
108.60125040 77.52307683 25.92549728
108.42411002 77.64905353 26.13226031
108.29147363 77.80766057 26.34849460
108.16584837 77.97140817 26.56622099
108.04320873 78.13648481 26.78442428
107.94693561 78.31329838 27.00683920
107.85066248 78.49011194 27.22925411
107.79607444 78.68218389 27.44990191
107.77196970 78.88541391 27.66925746
107.74786495 79.08864394 27.88861301
107.74954733 79.30126766 28.09909940
107.76623426 79.51935721 28.30442517
107.76867167 79.73706397 28.51012194
107.75099829 79.95423052 28.71634233
107.73908295 80.16349737 28.93036985
107.73665979 80.35974151 29.15726748
107.73423663 80.55598566 29.38416512
107.73353150 80.76344743 29.60027769
107.73461191 80.98256758 29.80518143
107.75514614 81.19152471 30.01872917
107.78661244 81.39477075 30.23713438
107.81559660 81.60341075 30.45051635
107.84059681 81.82070829 30.65583577
107.84215490 82.05653993 30.84069904
107.84001682 82.29529389 31.02233695
107.83787875 82.53404784 31.20397486
107.83643693 82.77650084 31.38057371
107.83548286 83.02154505 31.55364265
107.84708413 83.27282389 31.71614679
107.87160051 83.53051600 31.86778341
107.89562898 83.78453382 32.02520620
107.91846466 84.02956879 32.19677498
107.94661064 84.27030893 32.37292247
107.99231204 84.49685072 32.56420677
108.04872255 84.71673593 32.75996219
108.11399068 84.93111540 32.95941571
108.17925881 85.14549486 33.15886924
108.28760436 85.34138871 33.35417508
108.42984574 85.52273699 33.54621728
108.57208712 85.70408527 33.73825949
108.75059095 85.84871600 33.92728013
108.94931066 85.97287713 34.11461628
109.15256122 86.08898225 34.30147639
109.37127418 86.17759458 34.48671193
109.58998714 86.26620691 34.67194746
109.80870010 86.35481924 34.85718300
110.03852171 86.36784792 35.04865674
110.26900523 86.37637299 35.24050217
110.49948874 86.38489806 35.43234761
110.72561434 86.35028978 35.62391664
110.94948844 86.29339687 35.81534289
111.17408000 86.23427763 36.00519218
111.40057163 86.16926230 36.19086517
111.62706326 86.10424697 36.37653816
