#spline3d 229
121.62599945 83.69429779 3.89823008
121.50425754 83.60785667 4.15843548
121.35477526 83.50296976 4.39545549
121.19728923 83.39276080 4.62578599
121.03980320 83.28255184 4.85611648
120.87242775 83.17420184 5.07995965
120.69539566 83.06766703 5.29746821
120.51836357 82.96113223 5.51497677
120.31549323 82.83866363 5.69866869
120.11134202 82.71540516 5.88068424
119.89651112 82.59065884 6.04873768
119.68016652 82.46570164 6.21481220
119.46180145 82.33420911 6.37197044
119.23819334 82.18575773 6.50599141
119.01458523 82.03730635 6.64001237
118.77910581 81.89037765 6.75069822
118.53137091 81.74502088 6.83729382
118.27773874 81.59688729 6.89253602
118.02022255 81.44692483 6.92712844
117.76382759 81.29372511 6.95404723
117.50849398 81.13746099 6.97370215
117.25316037 80.98119687 6.99335706
116.99159483 80.83651676 7.00524071
116.71641467 80.71714375 7.00014680
116.44086615 80.59857999 6.99659835
116.16496077 80.48080028 6.99454724
115.88704076 80.36797729 6.99777459
115.60836916 80.25700348 7.00297117
115.32969755 80.14602967 7.00816775
115.05131896 80.03460882 7.00208973
114.77086370 79.93119421 6.98166433
114.48728195 79.83942405 6.94761231
114.20500150 79.74398223 6.91423263
113.93057605 79.62637750 6.88491143
113.65615059 79.50877276 6.85559024
113.38172514 79.39116803 6.82626904
113.11510361 79.25539277 6.80478824
112.84876874 79.11895004 6.78359544
112.58322184 78.98063156 6.76824781
112.32008760 78.83656970 6.77079756
112.05695336 78.69250784 6.77334731
111.79288855 78.55044498 6.77978684
111.52666187 78.41302610 6.79526295
111.26842749 78.26160826 6.80633080
111.01778106 78.09689970 6.81321342
110.75938680 77.94612844 6.80601587
110.49331117 77.80917491 6.78485896
110.22577343 77.67487020 6.76654365
109.95395666 77.54831751 6.75654452
109.68213989 77.42176482 6.74654539
109.40754192 77.30097047 6.74811752
109.13527578 77.18038363 6.77048222
108.86754662 77.06006591 6.83248707
108.60016033 76.93697047 6.89014288
108.33313094 76.81098384 6.94327201
108.06610155 76.68499722 6.99640114
107.79866346 76.56201888 7.05390931
107.53056337 76.44391325 7.11851047
107.26246329 76.32580762 7.18311164
106.99300452 76.21111369 7.24739126
106.71301534 76.12286202 7.30917872
106.43302616 76.03461036 7.37096619
106.15788349 75.94020468 7.44309894
105.88794854 75.83918631 7.52634801
105.61801358 75.73816794 7.60959708
105.35181056 75.63560265 7.70095504
105.09788494 75.52794830 7.81898980
104.84395932 75.42029395 7.93702456
104.59215454 75.31330051 8.05922452
104.36070088 75.21264898 8.22139305
104.12924722 75.11199746 8.38356157
103.90102619 75.02097829 8.55472381
103.67867368 74.94744570 8.74221326
103.46397551 74.87560589 8.93871906
103.25620997 74.80529925 9.14339109
103.04844443 74.73499261 9.34806311
102.85224407 74.65007551 9.55802722
102.66250165 74.55699998 9.77094641
102.47373338 74.46348700 9.98439333
102.32760393 74.35082687 10.22093906
102.18147448 74.23816673 10.45748480
102.05703542 74.12711716 10.70474818
101.97110464 74.01892694 10.97103924
101.88517386 73.91073672 11.23733030
101.79796589 73.79921124 11.50164326
101.70342958 73.66854842 11.75460603
101.60889326 73.53788559 12.00756881
101.51829928 73.40430778 12.26014170
101.45324012 73.25184940 12.51018934
101.40865620 73.09981918 12.76254002
101.42280480 72.94901710 13.02149691
101.43695340 72.79821503 13.28045380
101.45864181 72.65233355 13.54112489
101.50715883 72.52396080 13.80789558
101.55567586 72.39558806 14.07466627
101.59476093 72.26218637 14.34018373
101.61943639 72.12110176 14.60378658
101.64411185 71.98001714 14.86738943
101.66375636 71.81675863 15.11819646
101.68298312 71.65165888 15.36794097
101.71267134 71.47814382 15.61052190
101.74984425 71.29860801 15.84797764
101.78701716 71.11907220 16.08543338
101.82769472 70.93695744 16.32031958
101.86948865 70.75402118 16.55438727
101.91128259 70.57108492 16.78845497
101.93265127 70.39600140 17.03063482
101.94508278 70.22435390 17.27636418
101.95729964 70.05398042 17.52298517
101.96937619 69.88443978 17.77018901
101.99515385 69.70268024 18.00720421
102.02473476 69.51752888 18.24139117
102.04190331 69.32676151 18.47202260
102.05143410 69.13253841 18.70046620
102.05881698 68.93568983 18.92669754
102.06466848 68.73523957 19.14965801
102.08089673 68.50702011 19.34369992
102.09712498 68.27880065 19.53774182
102.11335323 68.05058120 19.73178372
102.12732524 67.82337510 19.92718271
102.14085808 67.59636624 20.12284584
102.15439092 67.36935738 20.31850898
102.15764981 67.15923534 20.53176285
102.15560822 66.95782545 20.75409203
102.15174992 66.75424303 20.97430370
102.14113662 66.54258253 21.18664190
102.13052331 66.33092204 21.39898010
102.06613289 66.08916597 21.56130816
101.99271528 65.84235798 21.71524137
101.91929766 65.59554998 21.86917459
101.83036029 65.34186943 22.00018780
101.73051813 65.08335996 22.11509653
101.62842046 64.82202284 22.22043164
101.52237866 64.55574110 22.30902569
101.41751405 64.28731288 22.39058484
101.31896431 64.00737019 22.43440616
101.21156071 63.73296301 22.48945215
101.09906864 63.46173719 22.55094913
100.98657657 63.19051137 22.61244612
100.86766770 62.92221240 22.67439986
100.74388262 62.65613758 22.73670071
100.61681965 62.39180012 22.79899156
100.46581124 62.14015426 22.86120942
100.31480283 61.88850841 22.92342727
100.16172440 61.64404052 22.99959345
100.00036734 61.42827956 23.13154336
99.83901028 61.21251861 23.26349327
99.67744668 61.00100223 23.40005105
99.51320364 60.84454898 23.59638482
99.34896060 60.68809573 23.79271858
99.18917888 60.53872773 23.99780102
99.03244458 60.39419948 24.20885942
98.87571027 60.24967122 24.41991782
98.69956752 60.13598430 24.63253392
98.51112204 60.04184727 24.84613743
98.32267655 59.94771024 25.05974093
98.16284467 59.89221688 25.30427932
98.01680087 59.85534479 25.56372434
97.87075707 59.81847269 25.82316936
97.74759609 59.82476467 26.09521461
97.63147355 59.84433332 26.37113552
97.51535101 59.86390197 26.64705643
97.43608388 59.92111679 26.92581814
97.39302775 60.01531953 27.20737100
97.34997161 60.10952227 27.48892387
97.30941041 60.20481139 27.77044758
97.27531688 60.30291678 28.05189575
97.24122335 60.40102216 28.33334391
97.20779611 60.50269968 28.61322824
97.18327398 60.65211908 28.87221179
97.15875185 60.80153848 29.13119534
97.13422972 60.95095788 29.39017890
97.10071735 61.14824126 29.61350755
97.06700553 61.34658647 29.83604522
97.03452851 61.54679549 30.05670614
97.02678273 61.78433410 30.23977801
97.01903694 62.02187272 30.42284988
97.01103028 62.26187447 30.60219033
97.00078692 62.52299475 30.74953821
96.99054355 62.78411502 30.89688608
96.98863324 63.04767040 31.03974304
96.99777684 63.31445597 31.17664271
97.00692045 63.58124155 31.31354238
97.01150622 63.85896335 31.42328029
97.01190362 64.14673490 31.50805812
97.02096732 64.43562136 31.58782837
97.03851614 64.72559940 31.66269572
97.05606495 65.01557744 31.73756307
97.09003586 65.30517734 31.80072803
97.16390372 65.59385858 31.83546241
97.23777158 65.88253982 31.87019680
97.32872631 66.16631153 31.89338215
97.44489193 66.44283945 31.89952744
97.58510141 66.70732069 31.88391846
97.72826519 66.97032174 31.86563651
97.87329151 67.22875519 31.82352712
98.01959491 67.48405678 31.76508000
98.21361995 67.71250877 31.75610657
98.40837431 67.94055042 31.74788924
98.62429528 68.14491220 31.71241439
98.84533642 68.34249004 31.66825186
99.07508370 68.51903164 31.59047217
99.30483098 68.69557324 31.51269247
99.54945748 68.84651856 31.43283918
99.81092337 68.96849560 31.35063911
100.07238925 69.09047265 31.26843904
100.34479896 69.18450682 31.20823203
100.64349824 69.21141582 31.20085736
100.94219752 69.23832481 31.19348270
101.24082366 69.26198681 31.18761136
101.53814879 69.22789089 31.20848130
101.83547392 69.19379496 31.22935125
102.13207170 69.15556357 31.24921685
102.42188863 69.07877803 31.25971911
102.71170556 69.00199248 31.27022137
103.00152249 68.92520694 31.28072362
103.26786437 68.79004016 31.29768452
103.53124393 68.64750626 31.31546043
103.78622008 68.49571958 31.35667243
104.03822757 68.34066421 31.40616361
104.29023507 68.18560883 31.45565480
104.52199190 68.01501639 31.53025283
104.72812388 67.82476361 31.63662063
104.93425587 67.63451083 31.74298843
105.13357370 67.44391065 31.86019749
105.32433525 67.25287425 31.99101951
105.51509681 67.06183785 32.12184153
105.71022478 66.88347250 32.26276703
105.90924516 66.71640268 32.41269921
