#spline3d 247
72.50299835 113.71900177 2.97037005
72.43224754 113.60596061 3.23910044
72.36149674 113.49291945 3.50783082
72.29074593 113.37987829 3.77656121
72.21922408 113.27522541 4.04842656
72.14749578 113.17281861 4.32113134
72.07626266 113.06891065 4.59339044
72.00575373 112.96280733 4.86499774
71.95481886 112.84113943 5.13307878
71.92644214 112.70153412 5.39709600
71.89817013 112.56173015 5.66101682
71.87220116 112.41755735 5.92281795
71.84623219 112.27338454 6.18461908
71.82026322 112.12921173 6.44642022
71.80952150 111.98158458 6.70726788
71.80185259 111.83326036 6.96792314
71.81177603 111.66788727 7.21774918
71.82489898 111.49849762 7.46498408
71.83482439 111.32005186 7.70593764
71.84474980 111.14160609 7.94689120
71.86766661 110.96355146 8.18652521
71.91698954 110.78629181 8.42347709
71.96183391 110.61469762 8.66540248
72.00571808 110.44431809 8.90839418
72.10261968 110.25830704 9.12119771
72.20920715 110.06944024 9.32848608
72.31579463 109.88057343 9.53577445
72.42059616 109.67660973 9.72892855
72.52495419 109.46889704 9.91857270
72.63680485 109.25906897 10.10026310
72.77589014 109.04155187 10.25304281
72.91497542 108.82403476 10.40582253
73.06225929 108.58221624 10.50268875
73.21051409 108.33751978 10.59293330
73.36706678 108.09245987 10.66482193
73.52911789 107.84715912 10.72454742
73.68130436 107.59623096 10.78668923
73.83255944 107.34477147 10.84905918
73.98238567 107.08644615 10.86417822
74.13184145 106.82634076 10.86704670
74.28129724 106.56623537 10.86991517
74.41575523 106.29929510 10.85147012
74.54352311 106.02930596 10.82351767
74.67801916 105.76196365 10.82634887
74.81541457 105.49576193 10.84244560
74.95280997 105.22956020 10.85854232
75.11801458 104.98141419 10.84722552
75.29463742 104.74051473 10.82155082
75.45069519 104.48532272 10.79868054
75.60675295 104.23013072 10.77581025
75.74109127 103.96788644 10.72321128
75.86902220 103.70356170 10.66184213
76.01376454 103.44744933 10.60914728
76.18536217 103.20445575 10.57030914
76.35695980 102.96146217 10.53147099
76.54230414 102.72869106 10.49879165
76.74412205 102.50817020 10.47349281
76.94593997 102.28764934 10.44819396
77.15363846 102.07289144 10.42227919
77.36725897 101.86393710 10.39574416
77.58529816 101.65930145 10.37447941
77.81210574 101.46323580 10.36367297
78.03891331 101.26717014 10.35286653
78.26248551 101.07175917 10.31145038
78.48566612 100.87642742 10.26632952
78.71068820 100.68317821 10.22138770
78.93572382 100.48994433 10.17644720
79.16246617 100.29823344 10.13395849
79.39369071 100.11052224 10.09790872
79.62491526 99.92281104 10.06185894
79.85941448 99.73884240 10.03108423
80.10752626 99.57043132 10.02223754
80.35563804 99.40202023 10.01339086
80.60904829 99.24258984 10.02499654
80.86477435 99.08708467 10.04554138
81.11578145 98.92592933 10.07337887
81.35583481 98.75165871 10.11814423
81.59588818 98.57738808 10.16290959
81.83384762 98.40427609 10.21964687
82.06916097 98.23262824 10.29151298
82.30447433 98.06098040 10.36337908
82.54209042 97.89778168 10.44530361
82.78220814 97.74376187 10.53815535
83.02175589 97.59351020 10.63767789
83.25998403 97.45198272 10.75264504
83.49821217 97.31045523 10.86761219
83.73484269 97.16706210 10.98328979
83.95603165 97.00563680 11.10583421
84.17722060 96.84421150 11.22837863
84.39111433 96.68869545 11.36986092
84.60424376 96.53379849 11.51332729
84.81737319 96.37890153 11.65679366
85.02098574 96.24311543 11.82868540
85.22040133 96.11575724 12.01311276
85.39692907 95.98825163 12.21944393
85.57328338 95.86074489 12.42594106
85.72038473 95.71228074 12.64081785
85.86432132 95.56154929 12.85660120
85.99158847 95.38802394 13.06511672
86.11467104 95.20877658 13.27180779
86.24515656 95.05720830 13.49463078
86.37804141 94.91461094 13.72268220
86.48065620 94.79840529 13.97849907
86.57661287 94.68800469 14.24042315
86.67191157 94.56187178 14.49522334
86.76702157 94.43122682 14.74798040
86.86880079 94.30137129 14.99849641
86.97324787 94.17183155 15.24811595
87.07590515 94.04148989 15.49802649
87.17081308 93.90767614 15.74919701
87.27803817 93.77434269 15.99459162
87.41893699 93.64232233 16.22419555
87.55116768 93.51116990 16.45867283
87.65430055 93.38293099 16.70950930
87.76773123 93.25800813 16.95688055
87.90795237 93.14171220 17.19523674
88.05130409 93.02354200 17.43063495
88.20516870 92.89907778 17.65609990
88.35903332 92.77461356 17.88156485
88.52414128 92.63984202 18.09262987
88.68996170 92.50441734 18.30278242
88.87239536 92.38031630 18.50584295
89.02803018 92.22407842 18.70404875
89.15370869 92.03350267 18.89869028
89.27898133 91.82980750 19.07749612
89.40344507 91.59996550 19.22474159
89.52395975 91.35765618 19.35026174
89.63829086 91.09582517 19.44176372
89.75262197 90.83399415 19.53326569
89.86943432 90.56369547 19.56970824
89.98781485 90.28804512 19.57135241
90.10619538 90.01239477 19.57299659
90.21947696 89.74055088 19.52830435
90.32979633 89.47091835 19.45669316
90.40728483 89.19924983 19.35769602
90.47776756 88.92714686 19.25285498
90.51643372 88.64752395 19.15195792
90.55112033 88.36696045 19.05155417
90.58580694 88.08639695 18.95115041
90.57716556 87.81535248 18.82851756
90.54350878 87.54980383 18.69305074
90.50985200 87.28425517 18.55758392
90.44960565 87.02416973 18.42450712
90.35295742 86.77156357 18.29470232
90.25630919 86.51895740 18.16489753
90.15057174 86.27389378 18.02932978
90.02458008 86.04563778 17.88092002
89.89858842 85.81738177 17.73251025
89.76562775 85.58774917 17.59266541
89.63075818 85.35773951 17.45516662
89.49588862 85.12772985 17.31766783
89.36313172 84.88624603 17.20047362
89.23163480 84.63791916 17.09538884
89.10333978 84.38182020 17.00654247
88.97562362 84.12431618 16.92063171
88.85089026 83.86332394 16.84286516
88.73562581 83.59125842 16.79095230
88.62895041 83.31408542 16.75095798
88.52924322 83.03276880 16.72063300
88.42953603 82.75145218 16.69030803
88.31985198 82.47396461 16.71564572
88.20914982 82.19686779 16.74666364
88.10582446 81.91820006 16.78186158
88.04506334 81.63046812 16.84117830
87.98430221 81.34273617 16.90049503
87.92354109 81.05500423 16.95981175
87.91383067 80.78146662 17.07947059
87.91017472 80.50961241 17.20628585
87.90651877 80.23775820 17.33310110
87.94261714 79.99593435 17.50152868
87.99617444 79.76729895 17.68823118
88.04973174 79.53866354 17.87493367
88.10908256 79.32278457 18.07442259
88.16969408 79.10968147 18.27669390
88.23030560 78.89657837 18.47896521
88.33658505 78.72313990 18.69727082
88.45413357 78.55948912 18.91953309
88.57528197 78.40235711 19.14259721
88.75256497 78.34687559 19.37816513
88.92984796 78.29139406 19.61373306
89.10552837 78.24999638 19.85130643
89.27353611 78.27602781 20.09848125
89.44154384 78.30205924 20.34565608
89.60050050 78.37147361 20.58731303
89.75257725 78.47386420 20.82477574
89.90465401 78.57625479 21.06223844
90.05915812 78.68861903 21.29320831
90.21622101 78.81149689 21.51733381
90.37328390 78.93437476 21.74145932
90.54919892 79.05047691 21.95446685
90.72676121 79.19808086 22.14370215
90.90121292 79.36462714 22.32210879
91.07702528 79.53091840 22.49926670
91.27331750 79.69337127 22.65762916
91.46960973 79.85582414 22.81599163
91.66579528 80.01839074 22.97435810
91.84604623 80.19794494 23.13332281
92.03367910 80.37770076 23.28307708
92.22426094 80.55753712 23.42915191
92.40738999 80.73916301 23.58131730
92.56549991 80.92679638 23.75392880
92.72360984 81.11442974 23.92654030
92.87319926 81.30396821 24.10401804
93.00575450 81.49731534 24.29122435
93.13830973 81.69066247 24.47843066
93.22161442 81.91015037 24.66345030
93.29394738 82.13463624 24.84877814
93.35186542 82.34809248 25.05146406
93.40978346 82.56154872 25.25414997
93.44338019 82.75556511 25.47928233
93.46799835 82.94240499 25.71270115
93.44817478 83.15296097 25.92378383
93.41785434 83.36911855 26.12959085
93.35019195 83.55513276 26.34553808
93.21753565 83.68868227 26.57913442
93.08439861 83.82125532 26.81285516
92.92164118 83.89366462 27.05424145
92.75888375 83.96607392 27.29562774
92.58702787 84.03078609 27.53229067
92.40029761 84.08291481 27.76123175
92.19848759 84.12853127 27.97547446
91.95658284 84.15683266 28.15063649
91.71467809 84.18513406 28.32579853
91.46301252 84.22678744 28.48354844
91.20051164 84.25578745 28.62474103
90.93185343 84.27640324 28.75664512
90.66243644 84.28595155 28.88680713
90.39072203 84.26198993 29.01169448
90.11900762 84.23802831 29.13658183
89.84729321 84.21406670 29.26146917
89.59428694 84.13498687 29.40169361
89.34094546 84.05459134 29.54072467
89.08112565 83.97216788 29.66602438
88.82130585 83.88974442 29.79132410
88.55690292 83.80683126 29.90489003
88.28328656 83.72293367 29.99486764
88.00967021 83.63903609 30.08484526
87.73221994 83.54847373 30.14991937
87.45146492 83.45216650 30.19352724
87.17611306 83.33768694 30.21668813
86.90451329 83.21058798 30.22565004
86.63685513 83.07608808 30.22080573
86.37291388 82.93460910 30.20294216
86.10897264 82.79313013 30.18507860
85.86455411 82.63142122 30.12107809
85.62022246 82.46962230 30.05687226
85.37589081 82.30782338 29.99266644
