#spline3d 276
128.49099731 112.88700104 2.80334997
128.68080111 112.83153305 3.02895542
128.86187092 112.78129126 3.26274689
129.04135242 112.73199987 3.49802703
129.22223643 112.67435257 3.72951543
129.40915721 112.58073947 3.94468330
129.59607798 112.48712637 4.15985116
129.78299876 112.39351328 4.37501903
129.94855923 112.25777076 4.58483394
130.11278311 112.11939204 4.79431390
130.27700699 111.98101332 5.00379385
130.43780582 111.81659793 5.19565397
130.59165184 111.64272318 5.38504702
130.71581717 111.46071794 5.58865720
130.83107588 111.26770700 5.78574319
130.92363506 111.04664679 5.96620154
131.01619424 110.82558657 6.14665988
131.10259550 110.60276691 6.32729642
131.15048734 110.36894427 6.50904733
131.19837917 110.13512164 6.69079824
131.23039308 109.89213997 6.86051191
131.22502047 109.62759225 7.00188249
131.21964787 109.36304454 7.14325306
131.20596674 109.09724292 7.27937490
131.13868881 108.82335261 7.38163815
131.07141088 108.54946230 7.48390141
130.95661880 108.28568548 7.56560854
130.83211943 108.02397489 7.64311598
130.69182466 107.76654956 7.70652926
130.55057142 107.50938426 7.76908730
130.40557689 107.25359047 7.82791993
130.24991651 107.00170667 7.87613195
130.09290330 106.75011250 7.91537768
129.92755714 106.50030234 7.89939377
129.76221098 106.25049217 7.88340986
129.58298720 106.02116355 7.82278537
129.39517575 105.80450919 7.73453666
129.20736429 105.58785484 7.64628795
129.03064331 105.36408676 7.55381500
128.86239817 105.13488206 7.45811369
128.69415303 104.90567736 7.36241237
128.51034784 104.69380127 7.26276164
128.28767334 104.52521243 7.15324518
128.06499883 104.35662358 7.04372872
127.83508373 104.19807269 6.93593676
127.58747940 104.06404515 6.83235788
127.33066521 103.93386077 6.74819397
127.07356422 103.80379607 6.66463463
126.81645922 103.67378621 6.58101975
126.55744333 103.56991998 6.47091720
126.29842744 103.46605375 6.36081465
126.03941155 103.36218751 6.25071210
125.78065084 103.25802035 6.14029442
125.52191790 103.15382045 6.02984245
125.26879523 103.04472201 5.91168521
125.01886942 102.93283227 5.78913732
124.76866854 102.82059613 5.66760485
124.51115164 102.69914664 5.57307976
124.25407091 102.57749343 5.47772241
124.00495899 102.45211818 5.36715950
123.75562665 102.32725546 5.25651855
123.50550076 102.20423803 5.14559663
123.25537486 102.08122059 5.03467471
122.99816630 101.96831091 4.92960542
122.73884939 101.85841007 4.82627832
122.48129699 101.74425571 4.72315927
122.22389083 101.62974880 4.62005747
121.95924966 101.52164823 4.52946568
121.69246263 101.41539824 4.44269771
121.41738820 101.30767977 4.39043960
121.14231376 101.19996130 4.33818149
120.86723933 101.09224283 4.28592338
120.58929142 100.99748456 4.22534202
120.31022165 100.90778616 4.16151113
120.03354912 100.81975609 4.08713489
119.76030421 100.73411145 3.99768065
119.48466011 100.65128813 3.91420386
119.19969610 100.57942459 3.85394714
118.91549051 100.50101892 3.80471579
118.63430046 100.39660192 3.79932098
118.35311040 100.29218493 3.79392617
118.07192035 100.18776793 3.78853137
117.79643955 100.06940845 3.77947832
117.52141761 99.94992842 3.77013126
117.24628017 99.83103301 3.76649858
116.97061783 99.71479444 3.78883533
116.69495548 99.59855588 3.81117207
116.42331449 99.47824674 3.84967284
116.15515706 99.35441144 3.90217591
115.88699962 99.23057613 3.95467897
115.61865328 99.11227622 4.01705044
115.35015162 98.99852785 4.08753628
115.08902108 98.87140285 4.16143266
114.83359596 98.73392403 4.23796886
114.57889615 98.59678325 4.31659003
114.34445866 98.46908593 4.45345739
114.11002117 98.34138862 4.59032475
113.88342981 98.21311559 4.73856870
113.66611632 98.08416179 4.90026522
113.44880282 97.95520799 5.06196173
113.23908825 97.81783092 5.22636155
113.03741173 97.67361543 5.39492261
112.86488786 97.54212302 5.60215541
112.69236399 97.41063061 5.80938821
112.52158683 97.28069155 6.01890297
112.35976563 97.15871704 6.24011817
112.19794443 97.03674253 6.46133336
112.03618582 96.92075327 6.68569935
111.87448256 96.81005682 6.91285160
111.71277930 96.69936037 7.14000385
111.58423931 96.55494439 7.36790537
111.46580838 96.40024981 7.59603529
111.35183607 96.24523941 7.82610209
111.24743952 96.08955076 8.06032872
111.14304296 95.93386210 8.29455534
111.04300906 95.77853517 8.53056403
110.97547258 95.62590272 8.77984726
110.90848905 95.47331211 9.02929122
110.85312881 95.32160093 9.28211382
110.79776856 95.16988975 9.53493641
110.76296477 95.00885365 9.78492533
110.74252010 94.84130392 10.03293487
110.73409426 94.67965050 10.28517510
110.73613858 94.52313365 10.54110090
110.74142309 94.36659994 10.79676101
110.77948013 94.20989571 11.04973382
110.81753717 94.05319147 11.30270664
110.85559421 93.89648724 11.55567946
110.92131341 93.74576471 11.80621651
110.99371504 93.59648720 12.05616514
111.06611667 93.44720968 12.30611378
111.12562402 93.29325860 12.55651415
111.18121011 93.13788625 12.80705189
111.22694054 92.97562755 13.05492156
111.26350188 92.80696219 13.30030903
111.29412848 92.59103489 13.50420944
111.32347310 92.36489842 13.69914811
111.35281773 92.13876194 13.89408677
111.38660582 91.92295869 14.09932386
111.42354704 91.71448802 14.31186884
111.46048827 91.50601736 14.52441381
111.51818411 91.31408894 14.74757197
111.57992136 91.12438451 14.97150388
111.65568556 90.94142974 15.19686442
111.73144977 90.75847497 15.42222496
111.80715749 90.57814808 15.64969604
111.88282705 90.39959692 15.87859325
111.95254214 90.22569580 16.11242887
112.00622516 90.06431466 16.35956087
112.05990818 89.90293351 16.60669287
112.13208933 89.72709055 16.83709009
112.22176149 89.53757314 17.05166367
112.31143364 89.34805573 17.26623725
112.44429040 89.16742578 17.46463648
112.58418357 88.98824393 17.66040029
112.71127174 88.79631475 17.85191535
112.82596217 88.59204367 18.03931679
112.94065261 88.38777258 18.22671823
113.05445272 88.17775823 18.40789254
113.16678720 87.95828945 18.57881591
113.27912168 87.73882068 18.74973929
113.37112850 87.49461492 18.89389913
113.45330916 87.23180235 19.01106556
113.54798776 86.95824796 19.08982800
113.63282631 86.68072231 19.16214272
113.68242116 86.38897295 19.21136396
113.72490027 86.09380518 19.22088831
113.76311831 85.79659040 19.20664126
113.80133635 85.49937561 19.19239422
113.85892030 85.20773443 19.15805899
113.92728367 84.91919562 19.11254229
113.98907550 84.62857365 19.07269431
114.03992127 84.33448181 19.04228855
114.09076703 84.04038996 19.01188279
114.14077021 83.75062456 18.95815969
114.18980189 83.46584742 18.87755243
114.23883358 83.18107027 18.79694517
114.27315816 82.89661798 18.71267645
114.25581846 82.61330684 18.61554545
114.23847877 82.32999570 18.51841446
114.21802675 82.04501903 18.42746989
114.19147506 81.75677817 18.34864981
114.16492337 81.46853731 18.26982972
114.12485455 81.18238656 18.19042021
114.06988459 80.89853993 18.11036093
114.01491464 80.61469330 18.03030166
113.94863136 80.33460694 17.94878626
113.84207529 80.06790627 17.86208739
113.73551922 79.80120561 17.77538853
113.58114866 79.55963319 17.69543584
113.40386244 79.33010380 17.61871635
113.21944239 79.10368619 17.55128180
113.02643022 78.88101649 17.49503027
112.83341805 78.65834679 17.43877873
112.62358829 78.44488293 17.45443165
112.41327307 78.23168480 17.47216015
112.20281649 78.01948548 17.49426183
111.99101769 77.81676882 17.55788196
111.77921890 77.61405215 17.62150208
111.56294564 77.42804383 17.71095329
111.34377640 77.25284959 17.81712307
111.12142774 77.09638593 17.94120555
110.89278676 76.97065750 18.08666736
110.64980534 76.90012765 18.24786751
110.40682392 76.82959780 18.40906766
110.16072345 76.78263661 18.57134480
109.90969334 76.77292562 18.73532409
109.65866324 76.76321462 18.89930339
109.41947900 76.77121513 19.07947720
109.18466564 76.78575081 19.26562645
108.95203318 76.80483245 19.45386439
108.72559451 76.83682459 19.64803421
108.49915585 76.86881674 19.84220402
108.28154728 76.92043071 20.04013783
108.07883140 77.00513849 20.24441992
107.89633761 77.08324737 20.46594316
107.75491084 77.14795524 20.72247973
107.62163558 77.24171025 20.97202211
107.49835871 77.37109350 21.21298565
107.37508183 77.50047674 21.45394920
107.27962560 77.66526597 21.68418710
107.19657867 77.84292899 21.91097171
107.14552586 78.03049631 22.13947052
107.09447306 78.21806362 22.36796932
107.06048342 78.43112616 22.57575969
107.02988993 78.64926311 22.77942837
106.99929644 78.86740006 22.98309705
106.97272247 79.07597223 23.19687397
106.94790365 79.28036788 23.41506473
106.95113817 79.48079712 23.63704652
106.97298898 79.67859426 23.86154406
106.99800973 79.87656542 24.08529902
107.05743205 80.07642521 24.30099530
107.11685438 80.27628499 24.51669157
107.17627670 80.47614478 24.73238785
107.26714767 80.67288942 24.93926120
107.36494070 80.86894840 25.14419257
107.45679624 81.09135834 25.32313263
107.54832767 81.31520674 25.50065386
107.63941550 81.53480421 25.68354924
107.73023283 81.75180947 25.86972177
107.82224421 81.96106523 26.06394213
107.91448750 82.16881587 26.25972554
108.01360154 82.36474471 26.46290209
108.12716029 82.53582005 26.68162160
108.24071903 82.70689538 26.90034111
108.34708215 82.88046888 27.12055993
108.44607990 83.05642225 27.34245573
108.55054549 83.22611566 27.56671462
108.65501108 83.39580906 27.79097350
108.77889005 83.56803661 28.00249179
108.91173036 83.74143394 28.20812895
109.03059475 83.87161719 28.44948145
109.14664459 83.99309773 28.69802652
109.26269443 84.11457827 28.94657158
109.39840059 84.20965966 29.19526719
109.54669429 84.28783552 29.44405921
109.69573153 84.36299382 29.69320293
109.84983288 84.41759986 29.94474208
110.00393423 84.47220590 30.19628122
110.16101810 84.49024485 30.45092127
110.31920994 84.50627419 30.70525765
110.48134780 84.53394796 30.95614794
110.64348566 84.56162174 31.20703823
110.80569360 84.58897184 31.45791634
110.96860854 84.61305681 31.70867152
111.13152347 84.63714178 31.95942669
111.30254818 84.66429065 32.20420841
111.48057335 84.69408429 32.44383376
111.66309501 84.71972320 32.68035439
111.85390800 84.73770096 32.91115007
112.04470555 84.75136624 33.14214312
112.23546044 84.75311936 33.37368133
112.42621533 84.75487247 33.60521954
112.60880814 84.75790156 33.84322934
112.79128000 84.76094957 34.08133504
