#spline3d 256
62.48580170 99.12779999 3.77498007
62.50623313 99.07469065 4.06953390
62.52666457 99.02158131 4.36408773
62.54709600 98.96847198 4.65864156
62.55791194 98.90429982 4.95140453
62.55653387 98.81869994 5.23818325
62.54631080 98.71623031 5.51995525
62.53608773 98.61376069 5.80172725
62.52517940 98.50179871 6.07930471
62.51239414 98.36383667 6.34539308
62.49960888 98.22587463 6.61148145
62.48944233 98.08418189 6.87569081
62.48070335 97.94045541 7.13887584
62.47196436 97.79672892 7.40206087
62.46096741 97.65165637 7.66440310
62.44713337 97.50489251 7.92568640
62.42498787 97.35109676 8.18216797
62.39852207 97.19364585 8.43615362
62.37639350 97.04070443 8.69316117
62.36022691 96.89396182 8.95432266
62.34827327 96.74458289 9.21416297
62.34047467 96.59260389 9.47270027
62.33267608 96.44062489 9.73123756
62.37663624 96.27132926 9.97482070
62.42178883 96.10163470 10.21805932
62.47196478 95.92895302 10.45778812
62.54306061 95.74383148 10.68290022
62.61415643 95.55870993 10.90801232
62.70623166 95.36421350 11.11694841
62.79934231 95.16925438 11.32508615
62.90251920 94.96430085 11.51828645
63.00668688 94.75869099 11.71028468
63.12287695 94.54968933 11.89144219
63.24044847 94.34140831 12.07244115
63.37784682 94.14347021 12.25116460
63.52437317 93.94198614 12.41592593
63.69562581 93.73089657 12.54286611
63.86687845 93.51980701 12.66980629
64.03813109 93.30871744 12.79674647
64.21326021 93.08600507 12.89531461
64.38844363 92.86312988 12.99348532
64.55784331 92.63072205 13.07868349
64.73273093 92.40242724 13.16173646
64.94540164 92.20593622 13.24023831
65.15807234 92.00944520 13.31874017
65.37023757 91.80721907 13.38221974
65.58228379 91.60364268 13.44216254
65.79737165 91.40071153 13.48376931
66.01971547 91.19931962 13.48163479
66.24205929 90.99792771 13.47950026
66.46053577 90.79262588 13.47539358
66.66741547 90.57559961 13.46537312
66.87429517 90.35857334 13.45535266
67.08343499 90.14396806 13.44736520
67.31372634 89.95201969 13.45840372
67.54401768 89.76007132 13.46944225
67.77407456 89.56800607 13.47438035
68.00312191 89.37543759 13.45305248
68.23686996 89.19106972 13.42053437
68.47747354 89.01866164 13.37169641
68.72118708 88.84836551 13.33311406
68.96788022 88.68009280 13.30435738
69.21457337 88.51182008 13.27560070
69.45234650 88.33107241 13.25573885
69.67877104 88.13445333 13.24719357
69.90519559 87.93783426 13.23864828
70.13497762 87.74513394 13.23209004
70.36738254 87.55549498 13.22708407
70.59978746 87.36585602 13.22207811
70.82921639 87.17316777 13.21106758
71.05247188 86.97415399 13.18760102
71.27572736 86.77514022 13.16413445
71.49685074 86.57391671 13.14120927
71.69864893 86.35266443 13.12319112
71.90051962 86.13147216 13.10530752
72.10806991 85.91498018 13.09796364
72.31562019 85.69848819 13.09061976
72.52320437 85.48204083 13.08341971
72.74122961 85.27934135 13.12053922
72.95925484 85.07664187 13.15765872
73.16301570 84.85875428 13.18567184
73.36065872 84.63435267 13.20977932
73.55830174 84.40995107 13.23388680
73.74941984 84.18107244 13.26646955
73.93923488 83.95129972 13.30074486
74.12880037 83.72114290 13.33346320
74.31625280 83.48773355 13.35299767
74.50370522 83.25432421 13.37253213
74.69129305 83.02105701 13.39229535
74.88866395 82.79805995 13.42858592
75.08603484 82.57506290 13.46487648
75.27922593 82.35012860 13.50949981
75.46824730 82.12326173 13.56243576
75.65726868 81.89639487 13.61537170
75.83076805 81.70344722 13.75433732
75.99834008 81.52345222 13.92615490
76.16591211 81.34345722 14.09797247
76.31286823 81.17407033 14.29455749
76.44072526 81.01451104 14.51408768
76.56858229 80.85495176 14.73361787
76.67626199 80.67814656 14.95020696
76.77731368 80.49567628 15.16582993
76.87836537 80.31320600 15.38145290
76.99353584 80.13476542 15.59298562
77.11774260 79.95890393 15.80190051
77.24194937 79.78304244 16.01081540
77.34529597 79.62523678 16.24258872
77.43730000 79.47724884 16.48679115
77.52930403 79.32926090 16.73099358
77.59689700 79.20589377 16.99406354
77.64873002 79.09842200 17.26931448
77.70056304 78.99095022 17.54456542
77.73997239 78.89187597 17.82425355
77.75877103 78.80673311 18.11130290
77.77756968 78.72159025 18.39835225
77.79240222 78.63709422 18.68571200
77.79140223 78.55518030 18.97431082
77.79040223 78.47326638 19.26290963
77.78940224 78.39135246 19.55150845
77.77689811 78.29130593 19.83395614
77.76306969 78.18917208 20.11569574
77.72143458 78.09545788 20.39658214
77.66047893 78.00759380 20.67687572
77.59952328 77.91972971 20.95716930
77.53473867 77.84118535 21.23914077
77.46533659 77.77387992 21.52313569
77.37385464 77.70537722 21.80037477
77.27919140 77.63670202 22.07664047
77.18452817 77.56802681 22.35290617
77.10317100 77.49823083 22.63308422
77.02251306 77.42837596 22.91346787
76.94147048 77.35885002 23.19380931
76.84952171 77.29865080 23.47295402
76.75757294 77.23845158 23.75209872
76.65841255 77.18417481 24.02976966
76.54953904 77.13787483 24.30545563
76.44066552 77.09157484 24.58114160
76.34268023 76.97256811 24.83510415
76.24791742 76.83204315 25.08263746
76.15915893 76.68544756 25.32850999
76.08454304 76.52455318 25.57047070
76.00992715 76.36365880 25.81243141
75.87294422 76.16142395 25.98525244
75.73314069 75.95731945 26.15494658
75.59333717 75.75321495 26.32464071
75.44487824 75.49751151 26.37411448
75.29635465 75.24142256 26.42269006
75.15285920 74.98233262 26.46563601
75.04269919 74.70334670 26.47125872
74.93253918 74.42436078 26.47688143
74.82292028 74.14520137 26.48271593
74.74223083 73.85676691 26.49987361
74.66154138 73.56833244 26.51703128
74.57789908 73.28093954 26.53561319
74.47836910 72.99915075 26.56185820
74.37883912 72.71736196 26.58810321
74.27723561 72.43605215 26.61062305
74.17175708 72.15563748 26.62618126
74.11319484 71.86388176 26.61253236
74.07324294 71.56762737 26.58729783
74.06536160 71.27063349 26.55377272
74.07525124 70.97322986 26.51565362
74.08514088 70.67582622 26.47753452
74.12034384 70.38350840 26.51603010
74.16263000 70.09261369 26.57596408
74.20491615 69.80171898 26.63589805
74.27078009 69.51942244 26.70856591
74.35718081 69.24461511 26.79232529
74.46998059 68.98973061 26.89973703
74.59511637 68.74415586 27.01820128
74.72025214 68.49858110 27.13666553
74.90670781 68.31586950 27.27938891
75.10410302 68.14437277 27.42644015
75.30149824 67.97287605 27.57349139
75.51896472 67.82165283 27.71289646
75.74577397 67.67986653 27.84874240
75.97292521 67.54048102 27.98617569
76.20357760 67.42567386 28.13985984
76.43423000 67.31086671 28.29354399
76.66488239 67.19605956 28.44722814
76.89753334 67.13617618 28.62577876
77.13040800 67.08244107 28.80711298
77.35355767 67.07755042 29.00529519
77.57352694 67.08863356 29.20898725
77.79349620 67.09971670 29.41267931
78.01569329 67.13312166 29.60984032
78.24050189 67.19269280 29.79934547
78.46531048 67.25226393 29.98885062
78.70893323 67.35661753 30.12868178
78.95335805 67.46288028 30.26639526
79.20934757 67.58369404 30.36160704
79.46968138 67.70997390 30.44085303
79.72693656 67.83245755 30.53467301
79.98399118 67.95469390 30.62944240
80.22845339 68.08864895 30.73865727
80.46377538 68.23111000 30.85835741
80.68761918 68.37692481 30.99386762
80.90360568 68.52503542 31.14020051
81.12127498 68.67293719 31.28415930
81.34310598 68.82032252 31.42224674
81.56175254 68.97131801 31.56070255
81.74984593 69.15695138 31.70269263
81.90269373 69.35240416 31.86682387
82.02669479 69.55589364 32.04907650
82.12649583 69.76305725 32.23958005
82.19613280 69.97480046 32.44036793
82.26214906 70.18937517 32.63909381
82.31278185 70.41598025 32.82905873
82.36341463 70.64258533 33.01902365
82.39561615 70.87710646 33.20269705
82.41834765 71.11569488 33.38313787
82.43422710 71.35091100 33.56859571
82.44794568 71.58506363 33.75563574
82.46166425 71.81921626 33.94267576
82.41521545 72.05392390 34.12060432
82.35095366 72.28879585 34.29583536
82.28669187 72.52366780 34.47106641
82.17106783 72.74600429 34.63281051
82.03757181 72.96397895 34.78986171
81.88793445 73.16984312 34.94660279
81.71212601 73.35607171 35.10284106
81.53089786 73.53825670 35.25686910
81.32393551 73.70124163 35.40040242
81.11697316 73.86422656 35.54393574
80.90347591 74.01983170 35.68574440
80.68372898 74.16837913 35.82590365
80.45392514 74.31022395 35.95509855
80.20981804 74.44253607 36.06869954
79.96571093 74.57484820 36.18230053
79.69623032 74.67223589 36.26994837
79.42461899 74.76669083 36.35541681
79.15300766 74.86114578 36.44088525
78.86371565 74.90460068 36.49339899
78.56706642 74.92683360 36.53219972
78.27041719 74.94906652 36.57100046
77.97763739 74.94950476 36.62692677
77.69055087 74.91787548 36.70805075
77.40346436 74.88624620 36.78917474
77.11479451 74.85077141 36.86120373
76.82259044 74.80671292 36.91293143
76.53038637 74.76265442 36.96465912
76.23871514 74.71484816 37.01404485
75.95251874 74.62853475 37.03936773
75.66632234 74.54222134 37.06469060
75.38765791 74.44034193 37.09190843
75.13949820 74.27541969 37.12680089
74.89133849 74.11049744 37.16169335
74.64317879 73.94557519 37.19658581
74.44742089 73.72220555 37.23728034
74.25275791 73.49761467 37.27809611
74.06133419 73.27139907 37.32336344
73.88317670 73.03852955 37.38686194
73.70501920 72.80566002 37.45036043
73.51809963 72.57832102 37.50776166
73.32615660 72.35415277 37.56166722
73.13421357 72.12998452 37.61557278
