#spline3d 216
117.58100128 84.91059875 3.32206988
117.41253078 84.80349427 3.54600362
117.22572589 84.70235287 3.75673782
117.02328966 84.60629540 3.95621850
116.82085343 84.51023793 4.15569917
116.61985317 84.40427401 4.35105870
116.42136742 84.28096305 4.53920177
116.22223247 84.15562178 4.72490774
116.01392401 84.00159146 4.87617649
115.80561555 83.84756114 5.02744525
115.59730708 83.69353083 5.17871400
115.37148482 83.53830818 5.30004329
115.14290837 83.38289804 5.41666433
114.91433191 83.22748789 5.53328538
114.68815883 83.04539063 5.60682174
114.46224601 82.86040349 5.67569256
114.23664628 82.67429191 5.74244478
114.01165600 82.48599159 5.80507306
113.78666572 82.29769127 5.86770133
113.56060750 82.11443281 5.94036342
113.33426221 81.93252969 6.01572277
113.10397825 81.75362146 6.08546947
112.86690299 81.57987721 6.14553850
112.62982772 81.40613295 6.20560753
112.39203456 81.23297683 6.26310189
112.13835061 81.07283890 6.26360555
111.88466666 80.91270098 6.26410920
111.63057204 80.75335675 6.27053246
111.37643119 80.59410186 6.27762202
111.12243124 80.43472307 6.28534034
110.87589533 80.26878064 6.32636695
110.62935941 80.10283821 6.36739356
110.38370131 79.93676618 6.41289983
110.13810154 79.77068554 6.45870376
109.89250177 79.60460490 6.50450770
109.63380569 79.45842475 6.54377166
109.37154851 79.31765586 6.58125730
109.10703758 79.17803924 6.59823620
108.84119191 79.03910502 6.60307042
108.57400298 78.90311739 6.61009144
108.30081771 78.78028321 6.62687423
108.02763244 78.65744903 6.64365702
107.75392765 78.53666015 6.66376340
107.47715404 78.42795301 6.70350250
107.20038043 78.31924587 6.74324159
106.91306602 78.23337367 6.75150062
106.62569867 78.14761615 6.75960158
106.34496664 78.04616220 6.77585626
106.07599202 77.91689510 6.80655888
105.80701739 77.78762799 6.83726150
105.53090157 77.68160616 6.88730965
105.25547730 77.57650623 6.94173665
104.98608756 77.47570380 7.02699059
104.71669782 77.37490137 7.11224452
104.44930663 77.27982294 7.20818781
104.18531756 77.19448849 7.32232761
103.92132850 77.10915404 7.43646740
103.65625004 77.03523132 7.55514991
103.38985764 76.97507274 7.67931159
103.12346523 76.91491417 7.80347326
102.85384430 76.90693762 7.93443132
102.59123612 76.90057428 8.07804368
102.34153481 76.89402986 8.24419482
102.09183350 76.88748544 8.41034596
101.85921986 76.88035387 8.59909023
101.63119190 76.87306473 8.79389761
101.40334409 76.86605992 8.98890321
101.18603171 76.87568290 9.19550047
100.97551382 76.88239666 9.40829912
100.79080977 76.87805755 9.64465838
100.61269084 76.87809957 9.88516546
100.47007842 76.90176440 10.14803737
100.32746601 76.92542922 10.41090928
100.18485359 76.94909405 10.67378118
100.06448468 76.99923926 10.94392953
99.94440890 77.04973343 11.21417377
99.86370970 77.10611295 11.49737648
99.78537787 77.16284631 11.78135826
99.75196733 77.21087352 12.07466918
99.72979822 77.25672204 12.37031468
99.73404575 77.29997588 12.66708177
99.73980326 77.34308141 12.96391297
99.75314905 77.38804213 13.26011184
99.77471937 77.43501360 13.55562534
99.80460573 77.48152399 13.84970179
99.88832975 77.52504937 14.13447485
99.97205377 77.56857475 14.41924791
100.08673726 77.60560652 14.69263963
100.22150548 77.63842562 14.95864779
100.35627370 77.67124472 15.22465595
100.48804904 77.69387479 15.49304817
100.61758178 77.70887003 15.76322680
100.74848914 77.72095897 16.03274741
100.88907335 77.71258849 16.29763571
101.02965757 77.70421801 16.56252402
101.15747415 77.69438716 16.83288707
101.25453858 77.68103886 17.11643659
101.35160302 77.66769056 17.39998611
101.44866746 77.65434226 17.68353562
101.56980218 77.67140085 17.95745143
101.69101902 77.68856317 18.23133437
101.81223586 77.70572550 18.50521731
101.91938338 77.69562240 18.78496835
102.02427246 77.68114262 19.06566135
102.12916155 77.66666284 19.34635434
102.22093366 77.61959361 19.62761779
102.31001726 77.56584470 19.90899816
102.39910086 77.51209579 20.19037852
102.43175069 77.39824956 20.46328973
102.45213957 77.27134643 20.73436091
102.47252844 77.14444329 21.00543208
102.47275158 76.97781126 21.25112160
102.45863155 76.78292149 21.47875804
102.44451152 76.58803172 21.70639449
102.40456641 76.36923025 21.90431605
102.34810176 76.13513315 22.08322986
102.29076673 75.89108879 22.24588624
102.23176355 75.62797971 22.37738398
102.19060555 75.35472302 22.49176577
102.16327785 75.07360174 22.59288241
102.12031954 74.78895629 22.67703818
102.07594201 74.50399086 22.75965395
102.03001363 74.21563001 22.82662898
101.98256864 73.92394868 22.87830849
101.93512364 73.63226736 22.92998801
101.91191022 73.33535524 22.96147291
101.89611473 73.03684183 22.98677570
101.88031923 72.73832842 23.01207849
101.88399190 72.44094945 22.99305980
101.89754936 72.14414647 22.95153725
101.91322275 71.84689962 22.91508302
101.93376143 71.54863211 22.89028258
101.95430010 71.25036461 22.86548214
101.95001144 70.95236158 22.83503821
101.93618817 70.65446012 22.80242696
101.92236489 70.35655866 22.76981571
101.90856245 70.05823730 22.74157875
101.89477777 69.75955764 22.71707436
101.88099310 69.46087797 22.69256998
101.83457831 69.16500256 22.70360783
101.78562267 68.86934551 22.71741328
101.73666704 68.57368846 22.73121874
101.64251579 68.29440317 22.76975763
101.52284894 68.02436069 22.82226001
101.39495943 67.76064051 22.87850892
101.20408125 67.54535156 22.96345767
101.01320307 67.33006262 23.04840642
100.82836577 67.12799865 23.16688642
100.64790626 66.93551872 23.30966626
100.46744675 66.74303879 23.45244610
100.27340958 66.58432569 23.61214874
100.06542329 66.46030316 23.78923715
99.85378348 66.34946092 23.96784975
99.62246096 66.30962507 24.15467373
99.39113845 66.26978922 24.34149770
99.16013708 66.23512100 24.52900097
98.93242409 66.25336712 24.72345992
98.70471110 66.27161324 24.91791886
98.47950907 66.31924506 25.10626771
98.25857046 66.41677139 25.28424210
98.04195416 66.52318168 25.46143213
97.84109240 66.66197335 25.63576322
97.65099243 66.81621484 25.80843738
97.46857938 66.98149181 25.97992805
97.28616632 67.14676878 26.15141872
97.13143592 67.31096547 26.34776872
96.98758480 67.47473761 26.55388845
96.84540456 67.63832087 26.76123870
96.71516137 67.80055478 26.97738007
96.61137550 67.99334734 27.18238474
96.50807836 68.18670440 27.38718368
96.40733731 68.38778417 27.58541739
96.30943792 68.59744948 27.77635235
96.21153853 68.80711480 27.96728731
96.13324969 69.02411387 28.15862608
96.06263694 69.24398358 28.35012292
95.99637452 69.47797103 28.52503220
95.93245744 69.71956965 28.69099880
95.86854037 69.96116827 28.85696540
95.82019328 70.20981281 29.01558292
95.80239434 70.47228138 29.15978161
95.78459541 70.73474995 29.30398030
95.76809681 71.00215226 29.43808796
95.75402720 71.27877054 29.55334608
95.73995758 71.55538882 29.66860420
95.76521329 71.82805171 29.78962130
95.79963939 72.09979222 29.91198136
95.83406550 72.37153273 30.03434143
95.89479683 72.64149800 30.14927421
95.96328300 72.91093991 30.26201741
96.03549229 73.18063716 30.37016339
96.14528732 73.45291199 30.43189919
96.25508235 73.72518683 30.49363500
96.38033024 73.99211518 30.54585441
96.52005888 74.25403339 30.58915608
96.65978752 74.51595160 30.63245775
96.80420551 74.77469520 30.67772870
96.96765756 75.02055304 30.73099295
97.13110962 75.26641088 30.78425720
97.30840624 75.50384029 30.82890005
97.49392261 75.73626559 30.86842422
97.67943898 75.96869089 30.90794840
97.90091678 76.16552319 30.94988453
98.12864304 76.35617104 30.99223976
98.35636930 76.54681889 31.03459499
98.61658402 76.67381480 31.10638906
98.88227119 76.79008900 31.18314190
99.14795836 76.90636321 31.25989473
99.42107982 76.92991821 31.38058482
99.69440070 76.95098588 31.50245359
99.96772159 76.97205356 31.62432236
100.21959684 76.95807531 31.78395562
100.46540426 76.93418117 31.95427397
100.71121168 76.91028703 32.12459232
100.94034063 76.86051494 32.30942283
101.15707578 76.79151290 32.50503736
