#spline3d 245
116.59700012 75.56099701 0.79214400
116.37009461 75.36479053 0.79625540
116.13017250 75.18674211 0.80139846
115.87178288 75.03445571 0.80800520
115.61546544 74.87963721 0.82216508
115.36318779 74.71988222 0.85105014
115.11091014 74.56012723 0.87993520
114.85987819 74.39908497 0.91133366
114.61701926 74.22959695 0.95922245
114.37416032 74.06010893 1.00711124
114.12445047 73.89733522 1.03985710
113.87308980 73.73617940 1.06895408
113.61238904 73.58940584 1.09044942
113.35087679 73.44388184 1.11128431
113.08936454 73.29835784 1.13211919
112.81740466 73.17557416 1.15747786
112.54029294 73.06400396 1.18506725
112.26318122 72.95243375 1.21265664
111.97920719 72.85825755 1.22532314
111.69128667 72.77408460 1.22940752
111.40836939 72.67776967 1.21430391
111.12980135 72.57052210 1.18559100
110.85293351 72.45501678 1.18393225
110.57606566 72.33951146 1.18227351
110.29451725 72.23751551 1.19291161
110.01015008 72.14365521 1.21095515
109.72578290 72.04979491 1.22899868
109.43436455 71.98031170 1.22295736
109.14173163 71.91502745 1.21276742
108.84912756 71.84972894 1.20674859
108.55666043 71.78436268 1.22053780
108.26225448 71.72996607 1.22371614
107.96493268 71.69206700 1.21093654
107.66761088 71.65416792 1.19815694
107.37631438 71.59870507 1.24260089
107.08517609 71.54278104 1.28854741
106.79802387 71.49674218 1.35700330
106.51561349 71.46246270 1.45223636
106.23320310 71.42818322 1.54746942
105.95986542 71.39879950 1.66216959
105.71021730 71.38219899 1.82769994
105.46056918 71.36559847 1.99323030
105.21210346 71.34974811 2.16026768
104.99496405 71.35377218 2.36723196
104.77782464 71.35779625 2.57419624
104.56928696 71.35830435 2.78897188
104.38311352 71.34967100 3.02405684
104.19694009 71.34103766 3.25914180
104.01803413 71.34232210 3.49919052
103.85432385 71.36434377 3.74961803
103.69061357 71.38636545 4.00004554
103.53873233 71.41505343 4.25560027
103.43182241 71.46908523 4.53064755
103.32491249 71.52311703 4.80569483
103.21972627 71.57493398 5.08167703
103.13125500 71.60527317 5.36672529
103.04278374 71.63561236 5.65177355
102.95506683 71.66734203 5.93683964
102.87833174 71.71931385 6.22216518
102.80159665 71.77128567 6.50749073
102.74716006 71.84282271 6.79206120
102.71649663 71.93521886 7.07582666
102.68583321 72.02761501 7.35959211
102.67190882 72.12703295 7.64212913
102.66278350 72.22846403 7.92431394
102.65524244 72.32868427 8.20679270
102.68849492 72.39772614 8.49684014
102.72174741 72.46676801 8.78688758
102.76356936 72.53567544 9.07544210
102.83244922 72.60415843 9.35928273
102.90132907 72.67264141 9.64312336
102.98034564 72.75366887 9.92029321
103.07159994 72.84984086 10.18940963
103.16285425 72.94601286 10.45852605
103.25424614 73.04219075 10.72759351
103.34590403 73.13838004 10.99656632
103.43756192 73.23456933 11.26553912
103.53551264 73.32721891 11.53334141
103.64564624 73.41301562 11.79887757
103.75577984 73.49881233 12.06441373
103.86137653 73.58862395 12.33042179
103.96415311 73.68093119 12.59672318
104.06692968 73.77323844 12.86302458
104.14536410 73.87453969 13.13427865
104.22354217 73.97593567 13.40558488
104.30180954 74.07736624 13.67685027
104.38971575 74.18253014 13.94370768
104.47762196 74.28769405 14.21056509
104.57939112 74.38989797 14.47328251
104.69240846 74.48970021 14.73264082
104.80542579 74.58950245 14.99199912
104.90741911 74.67614946 15.26007700
105.00274988 74.75484590 15.53342471
105.09808065 74.83354233 15.80677242
105.16457183 74.91381605 16.08674565
105.20642792 74.99543710 16.37237846
105.24828401 75.07705816 16.65801127
105.28454656 75.15661818 16.94493966
105.31670457 75.23466582 17.23281875
105.34886258 75.31271346 17.52069785
105.34045268 75.35273290 17.81424516
105.30402450 75.36648811 18.11170724
105.26759632 75.38024332 18.40916932
105.20855449 75.36398890 18.69919319
105.11659371 75.30404911 18.97838919
105.02463294 75.24410931 19.25758519
104.90790533 75.11387262 19.50123698
104.79545323 74.97140160 19.73952881
104.68961628 74.81145202 19.97021192
104.58377934 74.65150244 20.20089504
104.46937553 74.44657985 20.38303662
104.35161762 74.22404939 20.54617318
104.20171169 73.98931299 20.65725202
104.05107462 73.75429899 20.76714691
103.90043755 73.51928499 20.87704180
103.75171875 73.26618617 20.93337521
103.60338971 73.00941295 20.97882620
103.45644877 72.75157029 21.02171268
103.32190086 72.48417971 21.04170339
103.19207168 72.21450026 21.05203608
103.07438891 71.93892908 21.03750831
102.97163073 71.65990073 21.00522619
102.88356995 71.37746784 20.95546001
102.79550916 71.09503495 20.90569383
102.74222107 70.81973799 20.81247620
102.71855950 70.55052090 20.68223770
102.69489794 70.28130380 20.55199920
102.67023948 70.01599573 20.41456599
102.64388640 69.75733256 20.26490266
102.61753333 69.49866938 20.11523932
102.59795807 69.24040515 19.96513742
102.63491007 68.98546816 19.81137794
102.67186208 68.73053117 19.65761846
102.73148638 68.48007570 19.50625680
102.82499268 68.23631750 19.35847850
102.91849898 67.99255930 19.21070020
103.02435337 67.75304357 19.06583399
103.16061611 67.52397531 18.92813906
103.29687885 67.29490705 18.79044414
103.44982218 67.06580759 18.67211363
103.60582548 66.83670242 18.55733542
103.76182877 66.60759725 18.44255721
103.92316236 66.36901404 18.36118651
104.08634464 66.12714358 18.29140249
104.25249409 65.88598115 18.22791904
104.43103545 65.64777572 18.19074898
104.60267008 65.40316336 18.18543847
104.77005952 65.15461301 18.19971025
104.93744897 64.90606266 18.21398203
105.10145304 64.65907319 18.25474023
105.26338523 64.41303899 18.31170839
105.42531742 64.16700480 18.36867654
105.60619421 63.93159370 18.41074226
105.78969226 63.69765246 18.45074601
105.97090043 63.46279228 18.49249451
106.08648865 63.20159843 18.58424144
106.20207687 62.94040457 18.67598838
106.31766508 62.67921071 18.76773531
106.38207298 62.41996820 18.90160681
106.43805795 62.16104682 19.04241092
106.48986473 61.90568378 19.18946631
106.51263913 61.67504607 19.37995921
106.53541353 61.44440837 19.57045212
106.55818793 61.21377066 19.76094502
106.51851232 61.01495584 19.97947267
106.46629614 60.82253138 20.20362996
106.41407995 60.63010692 20.42778726
106.32023296 60.48344508 20.66685243
106.20036754 60.36538399 20.91523472
106.08050212 60.24732291 21.16361701
105.93002231 60.17930594 21.41080105
105.76505529 60.13497064 21.65741807
105.59269296 60.10205488 21.89833233
105.38064276 60.13042364 22.10864200
105.16859256 60.15879240 22.31895167
104.94829259 60.23421393 22.50457428
104.72421554 60.33117812 22.67889417
104.50013850 60.42814231 22.85321406
104.28064377 60.54009622 23.02348093
104.06635174 60.66906923 23.18914608
103.85205970 60.79804224 23.35481123
103.63828593 60.93508754 23.51294653
103.42668738 61.10601290 23.63947847
103.21508882 61.27693826 23.76601041
103.00761504 61.45631086 23.88378402
102.82286114 61.68221217 23.95331544
102.63810724 61.90811349 24.02284686
102.45830976 62.13943559 24.08461071
102.29361658 62.38727717 24.12270344
102.12892341 62.63511875 24.16079616
101.99901279 62.90267107 24.19293756
101.87862642 63.17568632 24.22392105
101.75335134 63.44618988 24.25759830
101.62807626 63.71669343 24.29127554
101.52275945 63.99475120 24.32740231
101.42987108 64.27751313 24.36505445
101.33698270 64.56027506 24.40270658
101.27560196 64.84203936 24.46758598
101.26201938 65.12229020 24.57377007
101.24843680 65.40254105 24.67995415
101.24315366 65.67618209 24.80229004
101.24067889 65.94758651 24.93009136
101.23820411 66.21899093 25.05789269
101.25427014 66.48711794 25.19016013
101.28791970 66.75213676 25.32666309
101.32156926 67.01715559 25.46316605
101.39185190 67.27103885 25.60279382
101.48963615 67.51656230 25.74476748
101.58742039 67.76208576 25.88674114
101.70155291 68.00440301 26.01967356
101.84230807 68.24149909 26.13788263
101.98306323 68.47859516 26.25609171
102.13113062 68.71133891 26.37184059
102.32658850 68.91587526 26.47164502
102.52204638 69.12041161 26.57144944
102.71874411 69.32212858 26.67322564
102.93970033 69.46868243 26.81358089
103.16065655 69.61523629 26.95393614
103.40217046 69.72658693 27.08938133
103.65497725 69.81859949 27.22212930
103.90778405 69.91061205 27.35487727
104.16958807 69.96525355 27.48859967
104.43499021 70.00494986 27.62271176
104.70039235 70.04464617 27.75682385
104.95917982 70.06368791 27.90620250
105.21465202 70.07237752 28.06323279
105.46837988 70.07128103 28.22318398
105.72150822 70.06682102 28.38413911
105.97142300 70.06954127 28.55002039
106.21680261 70.06958499 28.72215386
106.45194475 70.05810290 28.90810108
106.68708689 70.04662082 29.09404829
106.92017298 70.02996457 29.28176512
107.14386729 69.98967327 29.47756532
107.36756161 69.94938198 29.67336553
107.57824015 69.88177863 29.87584493
107.78828171 69.81283864 30.07865122
107.98304686 69.73692998 30.29332545
108.16989135 69.65740813 30.51415309
108.34142316 69.59759464 30.75060202
108.49368576 69.56258181 31.00670850
108.63615820 69.53352573 31.26778997
108.73509124 69.53096085 31.55099653
108.83402429 69.52839597 31.83420310
108.93295734 69.52583109 32.11740966
