#spline3d 293
77.15529633 108.51499939 3.49622989
77.08292642 108.62636545 3.76522840
77.01055651 108.73773150 4.03422692
76.93818660 108.84909756 4.30322543
76.83542261 108.96376648 4.56063958
76.73184604 109.07852369 4.81774403
76.60928935 109.19530984 5.06534166
76.48513605 109.31226183 5.31212870
76.32380118 109.43103484 5.53543127
76.16246632 109.54980785 5.75873385
76.00113145 109.66858085 5.98203643
75.83805196 109.80581846 6.19270658
75.67431761 109.94998703 6.39863498
75.51058326 110.09415560 6.60456337
75.32933694 110.22326360 6.80457066
75.13336742 110.33970941 6.99959977
74.92618754 110.45043317 7.18509527
74.70065244 110.55178796 7.35498098
74.47511734 110.65314274 7.52486668
74.25353958 110.73525537 7.70863300
74.03463446 110.80437260 7.90177375
73.81572934 110.87348983 8.09491450
73.59173987 110.93365389 8.28496095
73.36373254 110.98674277 8.47256215
73.13572521 111.03983164 8.66016334
72.89637911 111.08001915 8.83586577
72.65113438 111.11349511 9.00537822
72.40588964 111.14697107 9.17489068
72.15493510 111.16676213 9.33786437
71.90246323 111.18291655 9.49910043
71.65608200 111.20727780 9.66803489
71.41580371 111.23986243 9.84468326
71.17552542 111.27244707 10.02133163
70.93842873 111.30166387 10.20231314
70.71534846 111.31604387 10.40238414
70.49226818 111.33042386 10.60245514
70.29296676 111.30220719 10.82351424
70.09885543 111.26469317 11.04915432
69.90084049 111.21216353 11.26748676
69.69802500 111.14116808 11.47683248
69.49826761 111.06179167 11.68514222
69.31380763 110.94049149 11.88826968
69.12934766 110.81919131 12.09139713
68.97477268 110.65173018 12.28356283
68.83555580 110.46318841 12.46960426
68.74298934 110.22959777 12.63351517
68.65042289 109.99600713 12.79742608
68.56982335 109.76089923 12.96448669
68.51375918 109.52268052 13.13800505
68.45769502 109.28446182 13.31152341
68.41950750 109.05414190 13.49893533
68.39286160 108.82892163 13.69531729
68.36621569 108.60370136 13.89169924
68.37398418 108.37964826 14.09059271
68.38698108 108.15577248 14.28986775
68.40549017 107.93268755 14.48850316
68.50020165 107.72053558 14.67829608
68.59491313 107.50838361 14.86808899
68.70754468 107.30525498 15.05731678
68.83110783 107.10763078 15.24619983
68.97125725 106.93002118 15.44149704
69.12695790 106.77117723 15.64280816
69.29761955 106.61037644 15.82943745
69.47460215 106.44874890 16.00986375
69.65158476 106.28712136 16.19029004
69.85766675 106.12427038 16.33396619
70.06860643 105.96121517 16.47150748
70.27835542 105.75290209 16.50993986
70.48799067 105.54026613 16.53890569
70.72119866 105.35246512 16.54070816
70.95862304 105.16910628 16.53765199
71.19775316 104.98816483 16.53260435
71.44380410 104.81703162 16.51947658
71.69032557 104.64663389 16.50607269
71.94363136 104.48684055 16.48868767
72.19693716 104.32704721 16.47130265
72.45147827 104.17381745 16.43389871
72.70693553 104.02545549 16.38164797
72.96330267 103.87887207 16.32894810
73.22222958 103.73729213 16.27498474
73.48707638 103.60347052 16.23607317
73.75990599 103.48011080 16.21745847
74.03273560 103.35675108 16.19884377
74.29775464 103.23518629 16.13449136
74.55971031 103.11432547 16.05220024
74.82152345 102.99293694 15.97026318
75.08167224 102.86538616 15.89246050
75.34182103 102.73783537 15.81465782
75.61085203 102.61952172 15.75721686
75.88486497 102.50638909 15.71119656
76.15804340 102.39201033 15.66427510
76.40685852 102.24125094 15.59104389
76.65567364 102.09049155 15.51781268
76.91680211 101.96845801 15.43623900
77.18105270 101.85370809 15.35255005
77.45063734 101.73547663 15.29523466
77.71999437 101.61098247 15.25502974
77.98850113 101.47885315 15.23391635
78.25700790 101.34672384 15.21280297
78.52736484 101.22038247 15.18352917
78.79929504 101.09896276 15.14731633
79.07122523 100.97754305 15.11110349
79.34059514 100.85154014 15.07277271
79.60245757 100.71209805 15.02823158
79.86432001 100.57265596 14.98369045
80.12898054 100.43806825 14.94211307
80.40144916 100.31702664 14.90880601
80.67391777 100.19598503 14.87549895
80.93718415 100.05466996 14.85029157
81.19905038 99.91027023 14.82631658
81.46091661 99.76587049 14.80234159
81.72863496 99.63332517 14.77492999
81.99659250 99.50126434 14.74737793
82.26251528 99.36481416 14.72288615
82.52429460 99.21942575 14.70462616
82.78607392 99.07403733 14.68636616
83.04335777 98.92121411 14.67084202
83.28933169 98.74968602 14.66220089
83.53530562 98.57815793 14.65355977
83.77954689 98.40666446 14.66806076
84.02145342 98.23521764 14.71374582
84.26394037 98.06638674 14.76349798
84.51183153 97.92191244 14.85111854
84.75972269 97.77743814 14.93873911
85.00342880 97.63105615 15.03307659
85.22944070 97.47660853 15.15581297
85.45545260 97.32216090 15.27854935
85.67031882 97.17634456 15.42695916
85.87811191 97.03600568 15.59166149
86.06937707 96.90924711 15.78345726
86.25281356 96.78892102 15.98808619
86.43625004 96.66859493 16.19271511
86.58336602 96.57032065 16.43410675
86.72554553 96.47504353 16.68049497
86.83864884 96.37745224 16.93961490
86.93624375 96.27862664 17.20552556
87.03147598 96.17790914 17.47128438
87.08585164 96.04447603 17.73441754
87.14022729 95.91104292 17.99755070
87.19460295 95.77760981 18.26068385
87.21382466 95.63142015 18.52186786
87.23198433 95.48484510 18.78299299
87.25014401 95.33827006 19.04411811
87.22047437 95.18083987 19.29616254
87.17524977 95.01987941 19.54525377
87.13002517 94.85891894 19.79434499
87.07197929 94.66931869 20.01846681
87.01032933 94.47166777 20.23556970
86.94867937 94.27401684 20.45267259
86.86557518 94.08978442 20.67424957
86.78389821 93.91248647 20.90197007
86.70378320 93.73799688 21.13247985
86.62366819 93.56350729 21.36298963
86.54645177 93.37824390 21.58572944
86.47083311 93.18704178 21.80418627
86.39521445 92.99583965 22.02264310
86.33123978 92.81636623 22.25356924
86.27730669 92.64700746 22.49524868
86.22337359 92.47764868 22.73692813
86.18726231 92.32241327 22.99085796
86.15428788 92.16966374 23.24694399
86.12131345 92.01691421 23.50303003
86.09880468 91.85945123 23.75731956
86.07907083 91.70073850 24.01113275
86.05933698 91.54202578 24.26494594
86.05408604 91.37255521 24.51219598
86.05354183 91.19958850 24.75731309
86.05299762 91.02662179 25.00243020
86.09572126 90.85965022 25.24715393
86.14764237 90.69395303 25.49179404
86.20013065 90.52963357 25.73723851
86.25286159 90.36590358 25.98302714
86.30559253 90.20217358 26.22881576
86.37787138 90.02032540 26.45583800
86.45324392 89.83560980 26.67989024
86.54270722 89.63694223 26.88528420
86.63865464 89.43185441 27.08209221
86.73460206 89.22676658 27.27890021
86.84419981 88.99783354 27.43869708
86.95407357 88.76841837 27.59774561
87.07099205 88.52708042 27.73006943
87.19239369 88.27815496 27.84538593
87.31379534 88.02922950 27.96070243
87.44374383 87.77472401 28.04840010
87.58009692 87.51603712 28.11540152
87.71645000 87.25735023 28.18240293
87.86097971 86.99570708 28.20700041
88.00572179 86.73398714 28.23049648
88.13372584 86.46391252 28.22936306
88.24995402 86.18796007 28.21090184
88.38158135 85.92157497 28.17450233
88.52240212 85.66090167 28.12739348
88.64860059 85.39497300 28.07662443
88.73011651 85.11298506 28.01467062
88.79165810 84.82963336 27.93970291
88.84252985 84.54555318 27.85778348
88.89037194 84.26428351 27.76673171
88.92891779 83.99163763 27.64765817
88.96746364 83.71899175 27.52858464
88.99850434 83.44862849 27.40334617
89.01028462 83.18412312 27.26228664
89.02206490 82.91961775 27.12122711
89.02007016 82.66018836 26.97096451
89.01286243 82.40267993 26.81721911
89.00565469 82.14517149 26.66347371
88.99017373 81.88280727 26.51977947
88.96279883 81.61346219 26.39053519
88.93542393 81.34411711 26.26129091
88.90832597 81.07217445 26.13806713
88.88205741 80.79245271 26.03287329
88.85578885 80.51273096 25.92767945
88.83485437 80.22166391 25.86090395
88.81517057 79.92793676 25.80313628
88.79548676 79.63420961 25.74536861
88.81236761 79.33602135 25.73193226
88.83605787 79.03700231 25.72675170
88.87765916 78.74171466 25.75126649
88.92623458 78.44787993 25.78734397
88.98284831 78.15997636 25.83996716
89.06393278 77.89012883 25.94295987
89.14501725 77.62028129 26.04595259
89.22753004 77.35145671 26.14976310
89.36641979 77.12300910 26.28585260
89.50530953 76.89456149 26.42194211
89.69828620 76.72612295 26.57510157
89.89861874 76.58111402 26.74308626
90.09889827 76.46048265 26.93106594
90.29917779 76.33985128 27.11904563
90.50196927 76.23001971 27.30798907
90.72733240 76.21723157 27.50559252
90.95271406 76.20778969 27.70257519
91.17859308 76.28818853 27.88289088
91.40048636 76.37409826 28.06466284
91.59429022 76.49884595 28.25669778
91.78576546 76.62928028 28.44698421
91.97068502 76.77572399 28.63234807
92.15292035 76.92287613 28.81969850
92.32666197 77.07226992 29.01333493
92.50040359 77.22166372 29.20697137
92.65658506 77.38086956 29.40732915
92.80816167 77.54264843 29.60944949
92.91169653 77.71056819 29.83452394
93.00812337 77.87939651 30.06299457
93.10388066 78.04668573 30.29283383
93.19693554 78.20776279 30.52819716
93.26559494 78.37175458 30.76891065
93.31690979 78.53781867 31.01342797
93.36876836 78.70253493 31.25869911
93.42479014 78.85693093 31.50974223
93.48081192 79.01132694 31.76078534
93.49404236 79.15329711 32.02330624
93.49206862 79.29085227 32.28990531
93.43713693 79.43782498 32.54422939
93.37001149 79.58696611 32.79572711
93.29021346 79.72439858 33.04933631
93.19250842 79.84528615 33.30592912
93.08473467 79.98513549 33.54716833
92.96785277 80.14213766 33.77451868
92.82767179 80.31170028 33.97772441
92.68194982 80.48425004 34.17518805
92.51036552 80.65470481 34.34938734
92.31410695 80.82316084 34.50139098
92.11373665 80.99130545 34.64746504
91.89432537 81.15800787 34.76607993
91.67491408 81.32471030 34.88469482
91.45777608 81.49252844 35.00570659
91.24897732 81.66443944 35.13551097
91.04017856 81.83635044 35.26531535
90.81874401 81.96964617 35.41592185
90.59417734 82.09337006 35.57168472
90.36961066 82.21709395 35.72744759
90.13930097 82.34246597 35.87298789
89.90666151 82.46850658 36.01438123
89.67402205 82.59454720 36.15577456
89.43563986 82.73532069 36.26611496
89.19167085 82.89042701 36.34624562
88.94252272 83.04190532 36.41553408
88.68750886 83.18927466 36.47254301
88.43249500 83.33664400 36.52955195
88.18255741 83.49735044 36.57079170
87.93265993 83.65816224 36.61190689
87.68108213 83.81454595 36.65789511
87.42449144 83.95771928 36.71842111
87.16790074 84.10089261 36.77894712
86.90485379 84.22063572 36.85691639
86.63899757 84.33018371 36.94247568
86.36935469 84.43044899 37.02376803
86.07956229 84.48131916 37.08235517
85.78976988 84.53218932 37.14094230
85.50077959 84.57573142 37.20676445
85.21371479 84.60168230 37.28995445
84.92664999 84.62763318 37.37314444
84.63958519 84.65358406 37.45633443
