#spline3d 258
129.98599243 104.12999725 5.81406021
130.07929742 104.05015551 6.08777444
130.14728729 103.96781459 6.36796739
130.21199840 103.88514999 6.64899944
130.27670952 103.80248539 6.93003149
130.35242776 103.70424774 7.20313543
130.42773498 103.60645929 7.47642064
130.48097265 103.53744890 7.76348037
130.53374683 103.46816329 8.05053755
130.56651713 103.38699923 8.33748445
130.59928743 103.30583518 8.62443135
130.61949298 103.20335334 8.90385762
130.62072223 103.06867568 9.17192563
130.62195148 102.93399802 9.43999364
130.61804206 102.79808608 9.70709673
130.58410526 102.65496166 9.96856135
130.54983954 102.50902336 10.22825386
130.51299000 102.34098119 10.47402590
130.47239312 102.17220415 10.71829253
130.38731947 101.99470508 10.94469169
130.30224582 101.81720600 11.17109085
130.21717217 101.63970693 11.39749001
130.08346312 101.46663563 11.60248130
129.94724429 101.29379281 11.80636785
129.78756062 101.12388538 11.99425810
129.61838268 100.95516566 12.17567596
129.44221690 100.79075961 12.35419554
129.25987379 100.63016689 12.53015300
129.07045272 100.46841915 12.69663727
128.86898188 100.30470505 12.84699402
128.66751104 100.14099095 12.99735077
128.46541470 99.96935072 13.13731374
128.26292722 99.79275397 13.27077709
128.04663177 99.62342081 13.38965498
127.81794576 99.46052373 13.49530902
127.59712875 99.27641888 13.58101315
127.37631173 99.09231403 13.66671728
127.14364976 98.91007614 13.71515341
126.90857913 98.72821789 13.75601116
126.66207464 98.56227022 13.79211936
126.40451053 98.41171236 13.82363347
126.14694642 98.26115450 13.85514758
125.89455960 98.10232868 13.88157916
125.65828991 97.91776429 13.89218857
125.42202023 97.73319990 13.90279798
125.18575055 97.54863550 13.91340739
124.93743754 97.38041959 13.90897924
124.68836394 97.21330906 13.90411612
124.42791071 97.06443430 13.90473253
124.16745748 96.91555954 13.90534895
123.90700425 96.76668477 13.90596536
123.65625086 96.60356576 13.88773665
123.40821536 96.43645551 13.86422757
123.15996198 96.27295671 13.82757641
122.91136248 96.11519517 13.77004721
122.66276297 95.95743364 13.71251801
122.41420121 95.79951860 13.65525428
122.16595134 95.64033526 13.60018417
121.91770147 95.48115191 13.54511405
121.66945160 95.32196856 13.49004393
121.41618720 95.17512677 13.42453353
121.16287278 95.02840809 13.35891900
120.90955837 94.88168941 13.29330446
120.65866269 94.73533435 13.21837827
120.40822806 94.58904860 13.14167713
120.14862078 94.45397918 13.07694097
119.88461044 94.32429384 13.01794826
119.62294102 94.18678881 12.96844190
119.36382010 94.04077075 12.92926299
119.10452713 93.89508207 12.89002135
118.84282959 93.75399669 12.84990310
118.58113205 93.61291131 12.80978485
118.31658553 93.48636930 12.74831482
118.05109498 93.36464636 12.67976971
117.78220578 93.24792018 12.61765923
117.50389806 93.14504131 12.57338078
117.22548237 93.03853624 12.54673334
116.94692302 92.92720588 12.54354699
116.66836367 92.81587553 12.54036065
116.39033609 92.70363968 12.54290868
116.11382858 92.58881548 12.56184843
115.84006447 92.46737050 12.57873386
115.56724510 92.34364553 12.59491183
115.29442573 92.21992056 12.61108980
115.02785604 92.08659881 12.64289869
114.76385322 91.94933547 12.68112752
114.50136481 91.81293922 12.72986718
114.24048188 91.67746223 12.78974980
113.98009843 91.54486387 12.85721797
113.72021477 91.41514589 12.93227633
113.46976901 91.27780271 13.02311862
113.22316750 91.13735363 13.12039003
112.97932410 91.00380763 13.23075898
112.74185996 90.88622786 13.37142137
112.50439581 90.76864809 13.51208375
112.28031714 90.66380476 13.67803387
112.07339543 90.57528652 13.87639685
111.86647373 90.48676829 14.07475984
111.67821990 90.38767798 14.28454565
111.51308207 90.27549651 14.50847609
111.34794424 90.16331504 14.73240653
111.18351111 90.06197327 14.96090999
111.02150204 89.99791799 15.20514374
110.85949297 89.93386271 15.44937749
110.70660301 89.87352357 15.69966138
110.57705500 89.82269653 15.96543166
110.44750699 89.77186950 16.23120194
110.33316911 89.72636190 16.50414099
110.23644026 89.68701270 16.78537946
110.13971141 89.64766350 17.06661793
110.05302125 89.60460043 17.35028442
109.97996623 89.55649296 17.63724879
109.90691120 89.50838550 17.92421315
109.85288723 89.45745181 18.21409431
109.82178421 89.40311423 18.50748844
109.79068120 89.34877665 18.80088257
109.76828639 89.30692187 19.09641586
109.76088917 89.28656540 19.39563328
109.75349194 89.26620893 19.69485070
109.72774014 89.24227305 19.99225317
109.68557642 89.21513662 20.28803278
109.64341271 89.18800019 20.58381238
109.60835848 89.15374516 20.87912640
109.60044697 89.09231260 21.17266290
109.59253546 89.03088003 21.46619940
109.58462396 88.96944746 21.75973590
109.61259349 88.91540832 22.05330476
109.64363711 88.86200260 22.34687639
109.67468072 88.80859689 22.64044802
109.72373786 88.76506057 22.93313165
109.77425078 88.72232185 23.22574352
109.82420422 88.68952837 23.51892405
109.87149162 88.70412515 23.81481427
109.91877903 88.71872193 24.11070449
109.96608160 88.73325835 24.40659033
110.02474836 88.70255964 24.69919224
110.08341513 88.67186093 24.99179414
110.13341808 88.66241753 25.28526684
110.16232949 88.70471893 25.58085943
110.19124091 88.74702032 25.87645202
110.22016867 88.78933642 26.17204075
110.25221024 88.83444977 26.46689435
110.28466822 88.87942146 26.76168225
110.36899072 88.90674910 27.04828803
110.45331321 88.93407673 27.33489381
110.53763571 88.96140437 27.62149959
110.60141214 88.95666193 27.91357582
110.65684129 88.93889034 28.20787453
110.71227044 88.92111874 28.50217324
110.76475382 88.86368596 28.79165130
110.81696222 88.80255089 29.08067937
110.87114563 88.70124325 29.35623266
110.93319412 88.56875481 29.61739209
111.00622912 88.41762698 29.86604131
111.07285122 88.26070152 30.11240727
111.12024638 88.08639378 30.35192765
111.16393241 87.90468159 30.58518731
111.18484614 87.67750958 30.78000924
111.20575987 87.45033757 30.97483116
111.18586425 87.19794259 31.13444233
111.16054931 86.94210574 31.28895899
111.12180737 86.67560057 31.42114880
111.07899993 86.40646763 31.54421288
111.01370371 86.12279889 31.61679701
110.94840748 85.83913016 31.68938114
110.87700427 85.55567844 31.75481512
110.78661406 85.27290142 31.79801888
110.69622386 84.99012440 31.84122264
110.61541342 84.70353001 31.87729937
110.53654326 84.41616245 31.91193261
110.45767309 84.12879488 31.94656584
110.41460492 83.83456417 31.98585897
110.37231207 83.54018483 32.02525301
110.33018876 83.24598117 32.06577893
110.29151437 82.95535164 32.12933139
110.25283999 82.66472210 32.19288386
110.21416561 82.37409257 32.25643633
110.18005470 82.08329725 32.32180445
110.14621476 81.79249209 32.38728038
110.11237481 81.50168693 32.45275630
110.06688884 81.20747760 32.46130914
110.01693813 80.91196320 32.44803938
109.96698743 80.61644880 32.43476962
109.92284347 80.31995760 32.42562113
109.88552252 80.02231863 32.42131521
109.84819008 79.72468523 32.42343088
109.81085312 79.42705402 32.42806801
109.77422370 79.12943212 32.43510845
109.74096186 78.83185447 32.45358754
109.70770001 78.53427682 32.47206662
109.66632113 78.23864065 32.49496547
109.59191259 77.95090468 32.53584910
109.51750405 77.66316871 32.57673273
109.40576367 77.39420346 32.64043734
109.27568842 77.13445710 32.71535005
109.14561317 76.87471074 32.79026277
108.99751846 76.63788878 32.89174591
108.82992003 76.42587950 33.02198809
108.66232159 76.21387021 33.15223026
108.44903566 76.07424468 33.30669757
108.22908982 75.94517060 33.46469619
108.00914397 75.81609651 33.62269482
107.78236999 75.74535457 33.80186572
107.55302598 75.69656810 33.98900561
107.32368197 75.64778164 34.17614550
107.11461392 75.65045548 34.38881994
106.91129727 75.66772636 34.60873743
106.71555895 75.71415510 34.82812685
106.53149714 75.80550963 35.04670266
106.34743534 75.89686417 35.26527847
106.17816083 75.99306112 35.49259826
106.02828245 76.09560975 35.73138730
105.87840407 76.19815838 35.97017635
105.75933990 76.32979930 36.20613115
105.68843949 76.50691256 36.43765591
105.61753907 76.68402582 36.66918067
105.56335825 76.87160910 36.89557333
105.53425959 77.07489913 37.11426697
105.50516093 77.27818916 37.33296061
105.49311724 77.48747575 37.54475968
105.53553398 77.71591074 37.73454282
105.57795073 77.94434573 37.92432596
105.63101926 78.16685998 38.11800020
105.69457996 78.38354219 38.31550724
105.75814067 78.60022441 38.51301428
105.84446887 78.81462133 38.70378153
105.93836793 79.02825832 38.89230760
106.03226699 79.24189532 39.08083366
106.14563548 79.45824602 39.25265855
106.28289042 79.67792608 39.40399328
106.42014536 79.89760614 39.55532801
106.58064609 80.11065556 39.69088147
106.75440714 80.31992260 39.81743267
106.92816819 80.52918963 39.94398388
107.13552536 80.71271779 40.05791200
107.34874981 80.89175086 40.16963561
107.56197426 81.07078393 40.28135921
107.81587749 81.20812404 40.34436505
108.08883763 81.32593211 40.38454792
108.36179777 81.44374018 40.42473079
108.64718677 81.51871351 40.46807512
108.93912570 81.57111322 40.51308552
109.23106462 81.62351294 40.55809592
109.52422467 81.65794365 40.61112911
109.81757261 81.68960935 40.66539683
110.10682771 81.73057932 40.72726914
110.37511924 81.81920580 40.82809217
110.64341077 81.90783228 40.92891520
110.91170230 81.99645876 41.02973823
111.18327809 82.09207129 41.11375937
111.45528763 82.18860644 41.19556158
111.72605982 82.25814648 41.29556113
111.99467990 82.28073386 41.42721137
112.25674704 82.27016665 41.57029937
112.51503081 82.24045744 41.71999104
112.77331459 82.21074823 41.86968271
113.03922094 82.16495469 42.00036663
113.30646997 82.11632798 42.12770241
