#spline3d 222
56.69390106 90.74839783 4.28565979
56.81740060 90.66759685 4.54684760
56.94090013 90.58679587 4.80803540
57.06723502 90.50070892 5.06498469
57.22539990 90.35528098 5.27435182
57.38356479 90.20985304 5.48371894
57.54172968 90.06442510 5.69308607
57.72135315 89.92995551 5.89180300
57.90607659 89.79809033 6.08798876
58.09080003 89.66622515 6.28417451
58.29234387 89.53640439 6.46354843
58.50426961 89.40784549 6.63254575
58.71764534 89.27927295 6.79947975
58.94765149 89.15054381 6.94274883
59.16710959 88.99560330 7.07537714
59.38377499 88.83372307 7.20518821
59.60927593 88.67217508 7.31726950
59.84579184 88.51104127 7.40724773
60.08576223 88.35356087 7.49396549
60.33478845 88.20565775 7.57213600
60.58381468 88.05775463 7.65030652
60.83400035 87.90264042 7.70715727
61.08444792 87.74589739 7.75919237
61.33489549 87.58915437 7.81122748
61.58554389 87.43083192 7.85668547
61.83638061 87.27102827 7.89597538
62.08721734 87.11122463 7.93526529
62.33870747 86.95148851 7.96991644
62.59127939 86.79186418 7.99688755
62.84385131 86.63223985 8.02385865
63.10001078 86.47837502 8.04614964
63.36731089 86.34239550 8.05390718
63.63461099 86.20641597 8.06166472
63.90041860 86.06786170 8.06829266
64.15075111 85.90261089 8.06320834
64.40108362 85.73736008 8.05812401
64.65971657 85.58591511 8.06126458
64.92249746 85.44136926 8.06851532
65.18505194 85.29656095 8.07819239
65.44753307 85.15166760 8.08865555
65.70919737 85.00674499 8.10785264
65.96915658 84.86176128 8.14528182
66.22597956 84.71183819 8.18378834
66.47551492 84.55043746 8.22479829
66.72505028 84.38903673 8.26580825
66.97924660 84.23526281 8.30703921
67.23564833 84.08509765 8.34837475
67.49205007 83.93493249 8.38971028
67.74463716 83.77778931 8.42699531
67.99168408 83.61051167 8.45839761
68.23873099 83.44323403 8.48979991
68.48471867 83.27438951 8.52107686
68.72970629 83.10406570 8.55223549
68.97469392 82.93374188 8.58339411
69.20920272 82.75758364 8.64345041
69.43978296 82.57923806 8.71434055
69.66576430 82.39627009 8.78785940
69.88708824 82.20862096 8.86404039
70.10556802 82.01867293 8.94225875
70.31296860 81.81976971 9.02841358
70.52036917 81.62086648 9.11456842
70.72776974 81.42196326 9.20072326
70.93895444 81.25153194 9.32840407
71.15021608 81.08167959 9.45692929
71.36155632 80.91308806 9.58662632
71.57530344 80.78310846 9.75220891
71.78905056 80.65312886 9.91779150
71.99295297 80.52738612 10.09626873
72.17029266 80.41307516 10.30953796
72.34763234 80.29876420 10.52280720
72.51461008 80.19171184 10.74755448
72.67637363 80.08831203 10.97807757
72.83947775 79.98738440 11.20867024
73.00894771 79.89819610 11.43959332
73.17841767 79.80900781 11.67051640
73.30679351 79.71010201 11.92291313
73.43455833 79.61105173 12.17562914
73.55341925 79.54098043 12.44104486
73.66802105 79.48477098 12.71253539
73.78262285 79.42856154 12.98402591
73.89692752 79.38356056 13.25739909
74.01082612 79.35387743 13.53334516
74.12164316 79.32458330 13.81044119
74.21015196 79.29810525 14.09586207
74.29866076 79.27162720 14.38128295
74.38716956 79.24514915 14.66670383
74.47032900 79.23608017 14.95470803
74.55260652 79.22988134 15.24313812
74.63488404 79.22368251 15.53156821
74.70534802 79.21148891 15.82289939
74.76222135 79.21427959 16.11673530
74.80590564 79.23291017 16.41295250
74.84958993 79.25154076 16.70916970
74.89178894 79.27335422 17.00536152
74.93231906 79.29874404 17.30152481
74.97284918 79.32413385 17.59768811
75.03316792 79.37885478 17.88453609
75.10953200 79.45735845 18.16383088
75.18101207 79.52998621 18.44589556
75.24840933 79.59770198 18.73027575
75.31580659 79.66541775 19.01465594
75.38892821 79.72388924 19.29959067
75.46429617 79.77873314 19.58474302
75.53966412 79.83357703 19.86989537
75.61964226 79.90222555 20.15022510
75.70562494 79.98885390 20.42427358
75.80335558 80.08218305 20.69196216
75.90536988 80.17795550 20.95733173
76.00473750 80.26291703 21.22597123
76.08953789 80.28837575 21.51260830
76.17433828 80.31383447 21.79924538
76.25913866 80.33929319 22.08588245
76.33312627 80.28870330 22.37213708
76.40706778 80.23778926 22.65839008
76.49969423 80.18694929 22.93820827
76.61804348 80.13621132 23.20916793
76.73639273 80.08547334 23.48012759
76.85385551 80.03046753 23.75038854
76.96513748 79.94570454 24.01577786
77.07641945 79.86094155 24.28116717
77.20701859 79.72833968 24.51427190
77.34295271 79.58252577 24.73846034
77.47888682 79.43671186 24.96264878
77.57916918 79.22732997 25.14175564
77.65991926 78.98312154 25.29616397
77.74066934 78.73891312 25.45057230
77.77179020 78.47937072 25.58574847
77.74796724 78.20285228 25.69963297
77.72414429 77.92633384 25.81351748
77.68658143 77.64996160 25.92164875
77.61714027 77.37392854 26.01643181
77.55314257 77.09035913 26.08925669
77.49095656 76.80428149 26.15477348
77.42541159 76.51349308 26.16889943
77.35867781 76.22103745 26.16483718
77.29194404 75.92858183 26.16077493
77.19194013 75.65763643 26.08650118
77.08645257 75.39023639 26.00065503
76.95378284 75.13566643 25.92017088
76.78860088 74.89644235 25.84610016
76.62341891 74.65721827 25.77202943
76.45500344 74.41911651 25.70927975
76.26333307 74.18908625 25.72794904
76.07638986 73.95693734 25.75470743
75.91214619 73.71461479 25.82030934
75.74790253 73.47229223 25.88591124
75.58222934 73.23317154 25.95797377
75.41178078 73.00474685 26.05161843
75.24133221 72.77632216 26.14526310
75.07111677 72.54817488 26.23968007
74.92038558 72.34321326 26.39864693
74.76965440 72.13825164 26.55761379
74.62113288 71.93399505 26.71900852
74.50631759 71.74049289 26.91743790
74.40002421 71.55058278 27.12165297
74.36047067 71.38880393 27.37117891
74.32091714 71.22702507 27.62070484
74.28136360 71.06524622 27.87023078
74.30383741 70.95200473 28.14604128
74.33170690 70.84298545 28.42413824
74.37332034 70.74871629 28.70277651
74.47380449 70.71762758 28.98373345
74.57594266 70.68808794 29.26390052
74.73608485 70.71287118 29.51636861
74.89622704 70.73765442 29.76883671
75.08475170 70.81281651 29.98801925
75.27817536 70.89667432 30.20145650
75.47159901 70.98053212 30.41489375
75.69897655 71.09228375 30.57228371
75.93331366 71.20975283 30.71818557
76.17578353 71.35373008 30.82023547
76.41844826 71.49834247 30.92123467
76.65932525 71.65149538 31.00290985
76.89283998 71.83981988 31.00500482
77.12635471 72.02814438 31.00709979
77.33008666 72.24481200 31.00841881
77.50658133 72.48740030 31.00902820
77.67931461 72.73206223 31.01085039
77.79534653 73.00798327 31.03095492
77.91137845 73.28390432 31.05105946
78.02741037 73.55982537 31.07116399
78.14412021 73.83205772 31.11873307
78.26083468 74.10426486 31.16648991
78.35241566 74.38197169 31.22216206
78.39569943 74.67024686 31.29304450
78.43898321 74.95852203 31.36392695
78.46574136 75.24542156 31.44374907
78.46450085 75.52999038 31.53871731
78.45501445 75.80893282 31.64778925
78.43988589 76.08402546 31.76651150
78.42475732 76.35911810 31.88523375
78.38189065 76.60525189 32.05126285
78.33891456 76.85127145 32.21747856
78.29593848 77.09729101 32.38369427
78.21772538 77.30821398 32.57924816
78.12732877 77.50700197 32.78494599
78.03693216 77.70578997 32.99064382
77.90619744 77.89252650 33.18107394
77.73977601 78.06860120 33.35799686
77.57335458 78.24467591 33.53491979
77.37523411 78.37133165 33.72051701
77.17476997 78.49433359 33.90675556
76.96432382 78.60586942 34.08600804
76.71319512 78.67067409 34.23678815
76.46206642 78.73547877 34.38756825
76.20563208 78.76049636 34.53566969
75.94368503 78.74417410 34.68098793
75.68138175 78.72418272 34.82461463
75.41542346 78.66654665 34.95088647
75.15469501 78.58965543 35.07412991
74.90577459 78.46928946 35.19053574
74.65733329 78.34812819 35.30708050
74.41644664 78.21442706 35.42581599
74.17556000 78.08072593 35.54455148
73.94207915 77.94005429 35.66947049
73.71352743 77.79474325 35.79850510
73.49851461 77.63913625 35.93780025
73.28875958 77.47953086 36.08108003
73.08109156 77.31405805 36.21945463
72.88489245 77.11634173 36.33087345
72.68869334 76.91862542 36.44229226
72.49249422 76.72090910 36.55371107
