#spline3d 214
64.51229858 84.32669830 2.51085997
64.71422273 84.12672266 2.60696608
64.92462778 83.93180202 2.69333292
65.14722203 83.74414669 2.76570197
65.36981628 83.55649135 2.83807102
65.60820467 83.38128670 2.88756809
65.84878290 83.21976905 2.96287064
66.09009595 83.06378017 3.04910001
66.33733189 82.90684685 3.11067481
66.58875246 82.74924625 3.15483067
66.84017304 82.59164566 3.19898653
67.09990232 82.44851685 3.23965758
67.37108757 82.32534157 3.27552384
67.64222324 82.20020537 3.27500451
67.91332806 82.07384917 3.25184745
68.18443288 81.94749297 3.22869039
68.44768082 81.80539867 3.20727680
68.70964129 81.66072543 3.18614891
68.97305479 81.51855148 3.18302092
69.23817394 81.37931133 3.20102232
69.50329309 81.24007118 3.21902372
69.76595784 81.09642128 3.23676431
70.02312333 80.94289103 3.25392055
70.28234980 80.79349382 3.27436727
70.54567888 80.65232390 3.30136405
70.80900795 80.51115397 3.32836082
71.07288997 80.37098956 3.35515009
71.33778914 80.23267479 3.38155766
71.60268831 80.09436002 3.40796523
71.86597170 79.95496364 3.44213925
72.12717427 79.81417437 3.48631500
72.39158800 79.67998192 3.53089974
72.66135121 79.55677909 3.57616580
72.92932336 79.42955076 3.62023132
73.19195093 79.29031015 3.66071440
73.45457850 79.15106954 3.70119747
73.71723185 79.01190966 3.74176900
73.98292286 78.88226477 3.79276459
74.24861387 78.75261989 3.84376019
74.50716714 78.62250787 3.92206325
74.76491689 78.49234326 4.00344042
75.02507728 78.36151280 4.07378795
75.28997161 78.22937476 4.12247594
75.55486594 78.09723671 4.17116393
75.82222551 77.97362058 4.22504490
76.09739444 77.87700006 4.29537614
76.37256337 77.78037954 4.36570737
76.64384711 77.67870838 4.44186689
76.90117813 77.55889910 4.53895723
77.15850914 77.43908981 4.63604758
77.41244647 77.31922523 4.74091185
77.65922280 77.19924397 4.86217978
77.90492100 77.07902400 4.98513510
78.13430528 76.95519196 5.13362321
78.36083544 76.84000390 5.29259665
78.58524441 76.73124005 5.45936276
78.80965337 76.62247619 5.62612888
79.01633593 76.51868143 5.81670710
79.21931952 76.41592356 6.01225419
79.42230311 76.31316570 6.20780127
79.60464908 76.22958049 6.42896610
79.77490214 76.15722976 6.66514200
79.92441693 76.08816864 6.91565065
80.06840933 76.02205600 7.17031277
80.20562343 75.96563370 7.43105969
80.34283753 75.90921141 7.69180660
80.44088980 75.87932161 7.97249736
80.52846292 75.85653155 8.25852482
80.61603603 75.83374148 8.54455227
80.66456107 75.82460235 8.84026929
80.71063897 75.81631873 9.13659355
80.73029281 75.81866405 9.43578941
80.74704207 75.82217773 9.73530093
80.75308574 75.83354844 10.03462381
80.74455403 75.85561627 10.33368986
80.72511191 75.88219858 10.63160641
80.69316585 75.91395472 10.92820556
80.66121980 75.94571087 11.22480471
80.61858039 75.96575962 11.52098538
80.54792297 75.99038173 11.81027964
80.45313521 76.02183090 12.09316860
80.36496879 76.05779546 12.37735683
80.29390400 76.10542237 12.66490085
80.22283921 76.15304929 12.95244487
80.15177442 76.20067620 13.23998889
80.09815683 76.23838316 13.53271613
80.04511663 76.27576184 13.82561490
79.98614668 76.32371683 14.11526153
79.91484602 76.39366492 14.39814544
79.84354535 76.46361300 14.68102935
79.79628983 76.51025930 14.97285032
79.75767325 76.54853372 15.26788221
79.71905667 76.58680814 15.56291409
79.68964516 76.61192052 15.86030973
79.66232810 76.63403811 16.15824319
79.64157490 76.64936800 16.45706685
79.62365173 76.66177137 16.75627432
79.60751632 76.66056224 17.05560860
79.59268367 76.64943353 17.35503527
79.55938922 76.62445564 17.65186566
79.52064280 76.59538794 17.94792934
79.48203368 76.54241918 18.23880777
79.44367553 76.44576154 18.52020805
79.40531738 76.34910389 18.80160833
79.39932909 76.18245276 19.05079891
79.39378303 76.01484541 19.29954947
79.38823696 75.84723807 19.54830002
79.39348787 75.64462849 19.76885969
79.40013036 75.43750759 19.98578594
79.40677284 75.23038669 20.20271218
79.44280574 75.00012469 20.38961736
79.48838550 74.76234578 20.56677081
79.53084905 74.51082012 20.72246633
79.57278174 74.24323972 20.85052174
79.63280427 73.96470035 20.94439838
79.69282680 73.68616099 21.03827502
79.75943247 73.40301475 21.11144964
79.83238554 73.12066489 21.17987794
79.94029229 72.84512280 21.22920501
80.05832754 72.57384346 21.27269142
80.21458905 72.31865224 21.29413438
80.37085056 72.06346103 21.31557734
80.54260550 71.82021304 21.34897772
80.72069511 71.58184818 21.38726703
80.89878471 71.34348332 21.42555634
81.09405439 71.11971091 21.45962388
81.31006951 70.91355929 21.48859349
81.53230202 70.71727304 21.52466004
81.78068887 70.56248684 21.59058085
82.02907572 70.40770064 21.65650166
82.27746256 70.25291444 21.72242246
82.50973230 70.10352485 21.83824594
82.74015499 69.95475371 21.95978836
82.97057768 69.80598258 22.08133078
83.19122379 69.66206517 22.22352920
83.40502131 69.52154785 22.38019737
83.62443348 69.41155294 22.55124257
83.84625939 69.31467954 22.72846841
84.07386862 69.24412764 22.90856300
84.30764126 69.20162709 23.09171486
84.53752976 69.19134572 23.28313862
84.76602372 69.19263212 23.47753227
84.99174307 69.19762007 23.67438418
85.18963495 69.23973197 23.89589072
85.38752683 69.28184387 24.11739725
85.58541872 69.32395577 24.33890379
85.75676571 69.39430736 24.57432440
85.91925389 69.47268971 24.81326188
86.03514631 69.58673410 25.06537948
86.15103872 69.70077849 25.31749707
86.25952790 69.82434743 25.56817088
86.36180764 69.95590506 25.81763373
86.45659761 70.11426801 26.05253712
86.54564466 70.29318449 26.27627673
86.61698424 70.49158029 26.48654093
86.66122209 70.71978974 26.67618065
86.70545995 70.94799918 26.86582038
86.74278059 71.17675035 27.05532022
86.72701102 71.40965936 27.24374644
86.71124145 71.64256836 27.43217266
86.66371372 71.89361149 27.58537566
86.60082477 72.15342598 27.72154139
86.52801280 72.41370426 27.85018643
86.42938470 72.67518914 27.95926535
86.33075660 72.93667401 28.06834427
86.23212850 73.19815889 28.17742318
86.08619822 73.45285511 28.23918585
85.94006011 73.70752151 28.30074064
85.79752507 73.96557283 28.35570978
85.65880551 74.22720865 28.40370498
85.48521658 74.46688039 28.44010253
85.29071284 74.69337796 28.46954374
85.09620909 74.91987554 28.49898495
84.85136772 75.08551454 28.50535643
84.58737460 75.22799894 28.50295067
84.32241650 75.36823197 28.50229316
84.04345500 75.47579420 28.52700549
83.76449350 75.58335643 28.55171782
83.48553200 75.69091866 28.57643015
83.19593016 75.76608648 28.59771446
82.90607732 75.84049014 28.61891791
82.61552889 75.91147004 28.63986534
82.31903828 75.95320195 28.65862566
82.02144836 75.98239051 28.67829860
81.72246887 75.99572363 28.69912515
81.42370812 76.00695003 28.72257647
81.12622136 76.00590636 28.76131525
80.82873460 76.00486268 28.80005402
80.53124784 76.00381901 28.83879280
80.24041357 75.99539254 28.91083209
79.95043343 75.98601817 28.98714697
79.66045330 75.97664380 29.06346185
79.37024574 75.96104807 29.13771388
79.07991764 75.94215475 29.21087253
78.79932697 75.92870239 29.31594686
78.51914226 75.91547686 29.42235174
78.25517512 75.90347774 29.56168614
78.00038357 75.89217249 29.71965142
77.74535284 75.87658521 29.87662789
77.48940297 75.84454217 30.02980442
77.23345309 75.81249912 30.18298095
76.98251000 75.78663054 30.34460616
76.74033954 75.77158054 30.52103472
76.49816908 75.75653054 30.69746328
76.27406906 75.75410154 30.89658862
76.05799523 75.76066420 31.10359761
75.86284813 75.79400144 31.32900028
75.66770103 75.82733867 31.55440295
75.51317875 75.88068999 31.80390026
75.37451936 75.94185626 32.06280586
75.23585997 76.00302254 32.32171147
75.08698235 76.05765803 32.57622818
74.93371592 76.10948850 32.82885982
74.78044949 76.16131897 33.08149146
