#spline3d 241
126.71600342 89.52179718 6.06475019
126.54595146 89.35211409 6.24444432
126.37589950 89.18243099 6.42413845
126.20580045 89.01275460 6.60377831
125.98366127 88.85048046 6.72344997
125.76152209 88.68820631 6.84312163
125.53226321 88.52696948 6.94978948
125.30090828 88.36603803 7.05262902
125.06955336 88.20510658 7.15546855
124.83283352 88.05186648 7.25768268
124.59408161 87.90153962 7.35965991
124.37491952 87.72644376 7.46450995
124.16191228 87.54356582 7.57026259
123.94890503 87.36068788 7.67601523
123.73828674 87.16536011 7.75978020
123.52941314 86.96094008 7.82748731
123.31286687 86.76550304 7.89724650
123.09387935 86.57292416 7.96765861
122.87112441 86.38490846 8.03730072
122.62929032 86.22000184 8.10304332
122.38751628 86.05376501 8.16387911
122.14622934 85.87673986 8.18491936
121.90494239 85.69971470 8.20595961
121.66365545 85.52268955 8.22699986
121.41568520 85.35411107 8.23464349
121.16695430 85.18649394 8.24076241
120.91890811 85.01788859 8.24742063
120.67125664 84.84871353 8.25438976
120.42348683 84.67971920 8.26056090
120.17347021 84.51415629 8.25158215
119.92345359 84.34859338 8.24260339
119.67394598 84.18228726 8.23453708
119.43161165 84.00550741 8.23932947
119.18927732 83.82872757 8.24412185
118.94649513 83.65462467 8.23257175
118.70271490 83.48648744 8.18460188
118.45893466 83.31835020 8.13663201
118.21420439 83.15336784 8.08361746
117.96744901 82.99511046 8.01984958
117.72069364 82.83685307 7.95608171
117.47905335 82.66777525 7.90467410
117.24397801 82.48480992 7.86913030
117.00890268 82.30184459 7.83358650
116.76318630 82.13152422 7.81223941
116.51391187 81.96543194 7.79563925
116.26463745 81.79933967 7.77903910
116.01350597 81.63574137 7.77064051
115.76000930 81.47531948 7.77268771
115.50651262 81.31489760 7.77473490
115.25006129 81.16004822 7.78127455
114.98318541 81.02485958 7.80366432
114.71630953 80.88967093 7.82605409
114.45013248 80.75312541 7.84817923
114.18850024 80.60775544 7.86858340
113.92772614 80.46527586 7.90431252
113.66842933 80.32777213 7.96642381
113.40913252 80.19026841 8.02853510
113.14574850 80.06048329 8.08948959
112.87872531 79.93757062 8.14941409
112.61170212 79.81465795 8.20933859
112.35471911 79.69254488 8.30336200
112.09938689 79.57056329 8.40299197
111.84588416 79.44960941 8.50680728
111.61984622 79.34408407 8.67345446
111.39380829 79.23855873 8.84010164
111.16777035 79.13303339 9.00674882
110.94227969 79.05825907 9.18941273
110.71687852 78.98851344 9.37469586
110.49147735 78.91876782 9.55997899
110.28426999 78.85520303 9.76727238
110.07821996 78.79203141 9.97596588
109.86714621 78.73581565 10.18155635
109.66834652 78.68257512 10.39737617
109.51680465 78.63384679 10.65166060
109.36526278 78.58511846 10.90594504
109.22867273 78.54331013 11.16789555
109.13632483 78.52197796 11.45252987
109.04397694 78.50064578 11.73716419
108.98214179 78.49602599 12.03056149
108.92433342 78.49042335 12.32466856
108.89899236 78.45738380 12.62176490
108.87365130 78.42434425 12.91886123
108.84831023 78.39130470 13.21595757
108.86633673 78.35855333 13.51357994
108.88490147 78.32580554 13.81120885
108.90346622 78.29305775 14.10883775
108.94630078 78.28500784 14.40479454
108.99943279 78.28743701 14.70004187
109.05203376 78.29038400 14.99536647
109.09724281 78.30053886 15.29176658
109.14245186 78.31069371 15.58816669
109.18387879 78.31397734 15.88437218
109.19241325 78.25750313 16.17888500
109.20094770 78.20102892 16.47339782
109.21870814 78.15075025 16.76843109
109.24481691 78.10607773 17.06393529
109.27092568 78.06140521 17.35943950
109.30418943 78.02104187 17.65465548
109.34891963 77.98758431 17.94940957
109.39364982 77.95412676 18.24416365
109.41911651 77.92315133 18.54102477
109.43118017 77.89390291 18.83935189
109.44324382 77.86465448 19.13767902
109.42707056 77.85793739 19.43679620
109.40608729 77.85505839 19.73604796
109.38404267 77.85344381 20.03512984
109.33824731 77.88012408 20.33041027
109.29245196 77.90680435 20.62569069
109.22838524 77.92343928 20.91714520
109.13697286 77.92503993 21.20287368
109.03564260 77.92335718 21.48490889
108.91935069 77.91672125 21.76137260
108.80305877 77.91008532 22.03783631
108.65946313 77.89169798 22.29817814
108.48568057 77.86031834 22.54069567
108.31189802 77.82893870 22.78321320
108.13733610 77.77511742 23.01944011
107.96158738 77.68712243 23.24608775
107.78583866 77.59912745 23.47273540
107.61031068 77.50366062 23.69513814
107.43661378 77.34621488 23.88232938
107.27088885 77.17286625 24.05828783
107.13261993 76.94474692 24.19555977
106.99476811 76.71592811 24.33173475
106.87825647 76.45132030 24.41178398
106.77373547 76.17928674 24.47288641
106.69801028 75.88942007 24.48848763
106.62228508 75.59955341 24.50408885
106.56211440 75.30766919 24.49476861
106.52161050 75.01323403 24.45393825
106.48110660 74.71879886 24.41310789
106.44897483 74.42714141 24.35550582
106.43049271 74.14001265 24.27055974
106.41201058 73.85288389 24.18561365
106.41158134 73.58373572 24.06125944
106.42832682 73.33169352 23.89941402
106.44507231 73.07965131 23.73756860
106.49944556 72.84211593 23.56964813
106.60863498 72.62571412 23.39287752
106.71782441 72.40931231 23.21610691
106.82893094 72.19152812 23.04259782
106.95420912 71.96352511 22.89319848
107.07948731 71.73552211 22.74379914
107.20476549 71.50751911 22.59439980
107.36519330 71.28915405 22.46625364
107.52874686 71.07164608 22.33999746
107.69230043 70.85413810 22.21374129
107.86843846 70.63116312 22.11781013
108.04519793 70.40791818 22.02337647
108.22271222 70.18396779 21.93346741
108.40903086 69.95178893 21.89633490
108.59663466 69.71949533 21.86859881
108.78531598 69.48710553 21.84874104
108.97399730 69.25471573 21.82888327
109.16831097 69.02715960 21.80773502
109.36390763 68.80070452 21.78629281
109.54280812 68.56106559 21.78801213
109.71217555 68.31389906 21.80295604
109.88154299 68.06673252 21.81789996
110.04768397 67.81956789 21.84717377
110.20709923 67.57240725 21.90631906
110.36008295 67.32505264 21.97499909
110.47930836 67.07667996 22.09372573
110.59853378 66.82830727 22.21245238
110.70287303 66.57695917 22.33386453
110.73228539 66.31063480 22.46879373
110.76169775 66.04431044 22.60372293
110.75589686 65.80806798 22.78250113
110.73110352 65.58805037 22.98492952
110.69886752 65.37165443 23.18877701
110.60546223 65.18502404 23.40428768
110.51205693 64.99839366 23.61979835
110.39633985 64.82970585 23.83512291
110.23191941 64.70018403 24.05004125
110.06749896 64.57066221 24.26495958
109.89211872 64.45537002 24.47680556
109.68140115 64.38595798 24.67874544
109.46843178 64.32964889 24.88084832
109.24746925 64.31985121 25.08352983
109.02736381 64.34694084 25.28157321
108.80824909 64.41666923 25.47425529
108.58913437 64.48639762 25.66693736
108.36632420 64.57896134 25.84211659
108.13868394 64.70137167 25.99441894
107.91104368 64.82378200 26.14672129
107.67552097 64.95038058 26.28261126
107.43919534 65.07740579 26.41682944
107.21559855 65.24275317 26.52702154
106.99501190 65.41716304 26.63153191
106.77442525 65.59157292 26.73604228
106.57004344 65.78410238 26.83944414
106.37847980 65.99096459 26.94196916
106.18691615 66.19782681 27.04449418
106.01336815 66.42419472 27.13392384
105.85299413 66.66482623 27.21377748
105.69262012 66.90545773 27.29363111
105.55806323 67.15616515 27.38795065
105.42731618 67.40835947 27.48440492
105.30362329 67.66221480 27.58435283
105.20914560 67.92294934 27.69876982
105.11466792 68.18368388 27.81318682
105.02019023 68.44441842 27.92760381
104.96119536 68.72222657 28.02357085
104.90468837 69.00123184 28.11824426
104.84818138 69.28023711 28.21291767
104.82112386 69.54986819 28.33728079
104.81171972 69.81387996 28.47944132
104.79591567 70.07811452 28.62046488
104.77366132 70.34257362 28.76034253
104.75153441 70.60690429 28.90047047
104.73407152 70.86653502 29.04975783
104.71660863 71.12616576 29.19904518
104.69914574 71.38579649 29.34833254
104.71400919 71.64174259 29.50409102
104.72914942 71.89765715 29.65990489
104.74428964 72.15357171 29.81571877
104.79545384 72.41043831 29.95977526
104.86289006 72.66773496 30.09852094
104.93032627 72.92503160 30.23726662
105.00284728 73.19488662 30.34510409
105.07666155 73.46793576 30.44508033
105.15047583 73.74098490 30.54505657
105.23542164 74.01471852 30.63255820
105.32821628 74.28893477 30.71126402
105.42101092 74.56315101 30.78996984
105.57416656 74.81086406 30.83473666
105.76221325 75.04325721 30.85988538
105.95025995 75.27565035 30.88503410
106.18047426 75.45128800 30.92911755
106.44381786 75.58233530 30.98807721
106.70715888 75.71337708 31.04705540
106.96627112 75.83537824 31.13637040
107.22538336 75.95737939 31.22568541
107.48449559 76.07938055 31.31500041
107.76029037 76.18776178 31.35219170
108.04032486 76.29268161 31.37613619
108.33407142 76.34605391 31.36419857
108.63021546 76.39041338 31.34598713
108.92778546 76.42339551 31.33250649
109.22704928 76.44286319 31.32464528
109.52631309 76.46233087 31.31678408
