#spline3d 209
116.42700195 84.79519653 4.19698000
116.28736270 84.65064886 4.41970595
116.13699668 84.50433918 4.63353716
115.97250743 84.35570955 4.83565723
115.80801818 84.20707993 5.03777730
115.63556007 84.05124072 5.22714747
115.45991255 83.89251598 5.41141468
115.28155419 83.72964144 5.58918744
115.10088042 83.56322241 5.76141306
114.92197920 83.39346051 5.93215220
114.74558714 83.21896662 6.10078717
114.56844725 83.04415076 6.26812673
114.37266050 82.86130650 6.40316560
114.17687374 82.67846224 6.53820446
113.98108699 82.49561799 6.67324332
113.75590621 82.31715195 6.75845273
113.52912890 82.13892372 6.84095564
113.30235158 81.96069549 6.92345856
113.06113710 81.79225540 6.97680650
112.81244886 81.62888236 7.01506165
112.56349178 81.46571372 7.05242022
112.31433018 81.30270057 7.08909672
112.06516857 81.13968741 7.12577323
111.80840031 80.98854426 7.15043958
111.53794137 80.85876505 7.15348974
111.26748243 80.72898584 7.15653990
111.00274071 80.58794389 7.15704948
110.73864571 80.44562793 7.15727169
110.48500312 80.28633068 7.14308039
110.23288649 80.12455430 7.12678485
109.98076987 79.96277792 7.11048931
109.73628643 79.79004689 7.09075056
109.49188788 79.61719404 7.07097352
109.23801470 79.45947589 7.04823148
108.97962576 79.30897117 7.02407628
108.71655526 79.16546546 7.01570152
108.45158356 79.02480210 7.01373531
108.18911482 78.87976699 7.00985822
107.93182003 78.72569490 7.00203109
107.67452524 78.57162281 6.99420396
107.41594845 78.41985131 6.98483457
107.15520942 78.27195998 6.97286402
106.89447040 78.12406864 6.96089347
106.62600385 77.99256237 6.94467509
106.34930811 77.87850488 6.92393313
106.07020964 77.77016508 6.92261430
105.78900321 77.66684151 6.93833573
105.50779678 77.56351794 6.95405717
105.22960241 77.45390604 6.97405926
104.96009288 77.32616262 7.00640400
104.69058336 77.19841921 7.03874873
104.41875455 77.07472521 7.06689929
104.14595390 76.95272801 7.09329239
103.87080080 76.83746953 7.12302434
103.59101268 76.73548830 7.15933480
103.31122456 76.63350708 7.19564525
103.04462479 76.50947407 7.24965466
102.78647007 76.37132040 7.31499742
102.52831535 76.23316673 7.38034019
102.27893445 76.10322888 7.48199639
102.03310013 75.97661204 7.59833131
101.78726581 75.84999520 7.71466623
101.55679141 75.73679815 7.86509390
101.34032704 75.63584152 8.04661809
101.12386266 75.53488488 8.22814228
100.93303627 75.43328610 8.43528896
100.74910155 75.33151470 8.64932315
100.56516683 75.22974330 8.86335734
100.37236150 75.15943877 9.08043183
100.17328649 75.11137480 9.29965518
99.97421148 75.06331082 9.51887854
99.78228319 75.02819645 9.74611403
99.59779031 75.00655472 9.98168529
99.41329742 74.98491300 10.21725654
99.26642844 74.97672097 10.47734743
99.13180451 74.97290625 10.74541845
99.02744610 74.96738521 11.02657361
98.92394468 74.96181585 11.30809925
98.86405894 74.96964326 11.60139751
98.81062973 74.97945382 11.89643849
98.77719063 74.99724132 12.19288410
98.77320742 75.02678302 12.49139949
98.76922421 75.05632472 12.78991487
98.78969875 75.08602703 13.08657849
98.83819158 75.11591334 13.38112076
98.88668441 75.14579965 13.67566303
98.94940663 75.17413340 13.96716383
99.03142718 75.20036152 14.25453970
99.11344773 75.22658964 14.54191557
99.18588687 75.24949035 14.83193234
99.24799682 75.26880395 15.12479614
99.30985523 75.28848444 15.41766830
99.35648885 75.33037103 15.71104672
99.40312248 75.37225761 16.00442515
99.44975610 75.41414420 16.29780357
99.49637018 75.41401625 16.59356453
99.54298037 75.40552652 16.88979966
99.58959056 75.39703679 17.18603480
99.62083119 75.41130876 17.48315648
99.64110355 75.44182429 17.78091085
99.66137591 75.47233982 18.07866521
99.67203810 75.50577735 18.37621567
99.66062872 75.54592579 18.67329784
99.64148940 75.57567821 18.97079893
99.61123842 75.59048652 19.26890223
99.58098744 75.60529484 19.56700552
99.53408706 75.58374836 19.86144953
99.48258391 75.54988793 20.15491418
99.44955373 75.53539278 20.45273797
99.41652356 75.52089762 20.75056175
99.38123043 75.49122095 21.04624880
99.34176223 75.43353499 21.33799367
99.29687824 75.34963297 21.62156708
99.24831579 75.24792468 21.89959033
99.22895937 75.11535664 22.16715405
99.21662848 74.97536528 22.43220174
99.20429759 74.83537392 22.69724942
99.21821507 74.68193706 22.95306867
99.25467257 74.51695428 23.20096328
99.29113007 74.35197150 23.44885790
99.33370955 74.17810472 23.68883172
99.38893713 73.98588347 23.91244109
99.44416470 73.79366222 24.13605046
99.50138266 73.58153197 24.34008253
99.55884947 73.36691261 24.54166696
99.61714735 73.14113385 24.72679636
99.67828393 72.87723816 24.85572064
99.73942052 72.61334247 24.98464492
99.80154437 72.34794003 25.10883784
99.87439061 72.06617330 25.18164515
99.94723684 71.78440657 25.25445245
100.01653669 71.49701625 25.28055862
100.08277242 71.20476705 25.26631426
100.14900814 70.91251786 25.25206990
100.22359394 70.62233895 25.24121046
100.30940927 70.33494423 25.23490322
100.39522460 70.04754952 25.22859597
100.47365741 69.76246604 25.26184112
100.54540765 69.47947467 25.33088869
100.61715788 69.19648330 25.39993626
100.67240969 68.91620153 25.48472675
100.69012718 68.64208419 25.60533278
100.70784466 68.36796684 25.72593881
100.68548423 68.08697827 25.82794659
100.66032901 67.80551054 25.92865743
100.61170373 67.53690917 26.05112983
100.55342881 67.27359776 26.18254941
100.49515389 67.01028635 26.31396899
100.40601133 66.77176280 26.46690362
100.28957477 66.55745105 26.64113580
100.16882282 66.37368578 26.84521686
100.04807088 66.18992051 27.04929792
99.90087980 66.04507884 27.26081301
99.72319837 65.94512495 27.48090121
99.52695068 65.91645585 27.70203572
99.32466665 65.91096315 27.92351041
99.12238263 65.90547045 28.14498511
98.93289722 65.99416869 28.35973025
98.74357061 66.08403560 28.57439190
98.55743690 66.18052379 28.78853503
98.38985787 66.30635583 29.00227073
98.25217064 66.45798091 29.22147802
98.11448342 66.60960600 29.44068530
98.00901139 66.79652935 29.64870070
97.91243077 66.99319503 29.85362712
97.81421495 67.19868061 30.04771915
97.71221676 67.42456756 30.21675006
97.61021856 67.65045451 30.38578098
97.52698233 67.88976461 30.54372012
97.46830146 68.14664273 30.68714253
97.40962058 68.40352084 30.83056494
97.35803198 68.66240436 30.97199587
97.34478525 68.93212943 31.10266052
97.33192226 69.20195847 31.23308265
97.34954571 69.48004803 31.34423760
97.36841475 69.75801720 31.45536779
97.40876624 70.03391006 31.56607077
97.44911773 70.30980291 31.67677375
97.49410079 70.58929854 31.77585808
97.54020834 70.86966887 31.87212151
97.59670962 71.14175272 31.98500838
97.65401070 71.41319893 32.09917442
97.73114849 71.67311569 32.22389853
97.83742464 71.91609673 32.36413149
97.94370080 72.15907777 32.50436445
98.05666384 72.39890727 32.64442647
98.18231506 72.63275680 32.78416413
98.31070881 72.86828885 32.91727767
98.45533208 73.11377756 33.01119161
98.59968743 73.35825049 33.10785502
98.74246144 73.59672797 33.22074661
98.89613216 73.82396997 33.33844349
99.08614662 74.01373829 33.47216742
99.27616108 74.20350662 33.60589135
99.44664786 74.39334806 33.76299298
99.61264223 74.58320633 33.92547272
99.77863660 74.77306460 34.08795246
99.96454198 74.94440854 34.24837276
100.15969944 75.10714939 34.40783611
100.34876474 75.25759325 34.58343190
100.52714370 75.38646676 34.78732587
100.68936141 75.50797770 35.00759313
100.84042124 75.62440546 35.23916466
100.99148108 75.74083322 35.47073618
101.15360847 75.83892630 35.70183387
101.33228408 75.90960536 35.93222308
101.51095968 75.98028442 36.16261228
101.67710843 76.05337064 36.40097648
101.83024437 76.12895740 36.64762504
