#spline3d 276
124.04399872 90.48120117 2.53564000
124.07109430 90.29965691 2.77293204
124.15960074 90.11325196 2.97310541
124.33537197 89.91993995 3.12053320
124.51114320 89.72662795 3.26796098
124.68612339 89.52737690 3.40807233
124.86066324 89.32481995 3.54411103
125.02774016 89.12063116 3.68559472
125.16305061 88.90949636 3.85025536
125.26697931 88.69780976 4.03410386
125.35728831 88.48588369 4.22627990
125.44759730 88.27395762 4.41845595
125.43618171 88.08579393 4.64798931
125.41006649 87.90106400 4.88292095
125.38386506 87.71641136 5.11788793
125.31394639 87.57094655 5.37077398
125.24402772 87.42548174 5.62366003
125.17410905 87.28001693 5.87654608
125.04974749 87.11989726 6.09751667
124.92450565 86.95954064 6.31797123
124.79926381 86.79918402 6.53842578
124.64010043 86.64640827 6.74060686
124.47105245 86.49584155 6.93746312
124.28213770 86.33740099 7.10521762
124.07697443 86.17252061 7.24917056
123.85581124 86.01458325 7.37199307
123.61211515 85.86642387 7.46505730
123.36767616 85.72090638 7.55935765
123.10834355 85.62835329 7.67843976
122.84901094 85.53580020 7.79752186
122.58958638 85.44527443 7.91789869
122.32994929 85.35943407 8.04126784
122.07031221 85.27359371 8.16463698
121.78724910 85.20415624 8.23540108
121.50541661 85.13236951 8.30891791
121.22450387 85.05904639 8.38449367
120.93498090 85.00853266 8.43438391
120.63766027 84.97867573 8.46101268
120.34033964 84.94881880 8.48764144
120.04329437 84.91771053 8.51570364
119.74691502 84.88357608 8.54723237
119.45053567 84.84944164 8.57876110
119.15275251 84.81957590 8.59128712
118.85395194 84.79280388 8.59004113
118.55515138 84.76603185 8.58879514
118.25798632 84.72542281 8.59240161
117.96337173 84.67179046 8.59748893
117.67417765 84.59230098 8.60442770
117.38498357 84.51281150 8.61136646
117.09335073 84.45361380 8.58177065
116.80092462 84.40101662 8.54029085
116.50849850 84.34841943 8.49881104
116.21538752 84.30509795 8.45245667
115.92190136 84.26685798 8.40343186
115.62841519 84.22861801 8.35440704
115.33277497 84.18279736 8.34029060
115.03663333 84.13521210 8.33430004
114.74042914 84.08884431 8.33268198
114.44388926 84.04901086 8.35453178
114.14738357 84.00900958 8.37610487
113.85697942 83.93906319 8.34830473
113.56657527 83.86911679 8.32050459
113.27561110 83.81624018 8.27228919
112.98447382 83.76864035 8.21776284
112.69382985 83.71947092 8.16218193
112.40564410 83.66248006 8.10134615
112.11745835 83.60548921 8.04051036
111.82923889 83.54955087 7.97902339
111.54058452 83.50719494 7.90913308
111.25580396 83.45960014 7.83046129
110.98545859 83.39248348 7.71906665
110.71511322 83.32536683 7.60767201
110.44488785 83.25729963 7.49695326
110.18221224 83.12942739 7.42875961
109.91953663 83.00155515 7.36056596
109.65686103 82.87368292 7.29237231
109.39062140 82.73851327 7.26371514
109.12432860 82.60323475 7.23564780
108.87160870 82.44471522 7.21369747
108.62868567 82.26961294 7.19598917
108.39628537 82.08063903 7.17929380
108.16388507 81.89166512 7.16259844
107.94416076 81.68834469 7.15807789
107.73333964 81.47494773 7.16210853
107.52551346 81.26184534 7.19347378
107.31931871 81.04890339 7.23972890
107.11312396 80.83596145 7.28598402
106.92121303 80.62132796 7.36254657
106.74505098 80.40482943 7.47252514
106.57037455 80.18851114 7.58483216
106.41153202 79.97411391 7.72195596
106.25268949 79.75971668 7.85907976
106.09721790 79.54283054 7.99611336
105.94383055 79.32440552 8.13309120
105.79044320 79.10598050 8.27006904
105.63188358 78.90411229 8.42345325
105.46804924 78.71912883 8.59356878
105.30421491 78.53414537 8.76368432
105.14677084 78.35565401 8.94530318
105.00020830 78.18821759 9.14651028
104.85364576 78.02078117 9.34771738
104.74978643 77.84207146 9.56508976
104.64641284 77.66323351 9.78264603
104.54303925 77.48439557 10.00020229
104.51646850 77.32832935 10.25053599
104.51317347 77.17916429 10.51080314
104.51039520 77.03184413 10.77191024
104.52086585 76.93182526 11.05455251
104.53133650 76.83180640 11.33719479
104.52886008 76.73781910 11.62195599
104.52197421 76.64588600 11.90743886
104.52079799 76.56357228 12.19560883
104.52742549 76.49440595 12.48745144
104.53405300 76.42523963 12.77929404
104.54012118 76.36024805 13.07201354
104.54454094 76.30756027 13.36731740
104.54896069 76.25487249 13.66262126
104.55339441 76.20277553 13.95802324
104.55797705 76.15697707 14.25447117
104.56255970 76.11117860 14.55091909
104.56714234 76.06538013 14.84736702
104.57032508 76.02555898 15.14468118
104.57318514 75.98711563 15.44219500
104.56093075 75.93307828 15.73671031
104.54268016 75.87285445 16.03003603
104.51208522 75.82746914 16.32442463
104.47028583 75.79555213 16.61977796
104.41910691 75.76974965 16.91402858
104.35819301 75.75029339 17.20713469
104.29727911 75.73083714 17.50024080
104.23420197 75.72828892 17.79331086
104.16300359 75.75258004 18.08105885
104.06788909 75.84199903 18.35116459
103.97277459 75.93141802 18.62127034
103.87723367 76.02221464 18.89063084
103.76996333 76.15090476 19.13949239
103.66269299 76.27959488 19.38835393
103.55706430 76.41000974 19.63698939
103.45574807 76.54495525 19.88503094
103.35437603 76.67255925 20.13682839
103.25297222 76.79598470 20.39076356
103.14569362 76.90453806 20.64772165
103.02333700 76.97492144 20.91243820
102.90098039 77.04530481 21.17715475
102.74117674 77.09999037 21.42280284
102.56036158 77.14586788 21.65775163
102.37954642 77.19174540 21.89270042
102.15338636 77.19142979 22.08823673
101.92235295 77.18614966 22.27953726
101.69131955 77.18086954 22.47083779
101.44905252 77.12051788 22.63678850
101.20641786 77.05836389 22.80190958
100.96489647 76.99392099 22.96703947
100.76570319 76.84245110 23.13250446
100.56650991 76.69098121 23.29796945
100.38152750 76.51925834 23.45986141
100.19844685 76.34482513 23.62127522
100.02599012 76.16358728 23.78662168
99.85791393 75.97954370 23.95358968
99.68983774 75.79550012 24.12055767
99.52670196 75.58234951 24.24051384
99.36927977 75.33553665 24.30610089
99.21185758 75.08872379 24.37168793
99.05896065 74.83515155 24.40548197
98.91102845 74.57416345 24.40439530
98.76309626 74.31317536 24.40330864
98.61052549 74.05631530 24.38520194
98.45205816 73.80470281 24.34545930
98.29359082 73.55309032 24.30571666
98.12762972 73.30952240 24.25296861
97.95264092 73.07564572 24.18455300
97.77765212 72.84176904 24.11613739
97.69531987 72.56758389 24.04711970
97.64275852 72.28044748 23.97790856
97.59019717 71.99331107 23.90869742
97.58218029 71.71283833 23.81242594
97.60647377 71.43719908 23.69652623
97.63076725 71.16155983 23.58062652
97.67950540 70.89096989 23.46718281
97.78793564 70.63271000 23.35973645
97.89636588 70.37445011 23.25229009
98.02915322 70.13612544 23.13591226
98.20801944 69.93551431 23.00263782
98.38688565 69.73490317 22.86936338
98.60348866 69.57878745 22.74003741
98.84200703 69.44851209 22.61300447
99.08052541 69.31823674 22.48597153
99.31991607 69.19348371 22.35529854
99.56034954 69.07533254 22.22027391
99.79999432 68.95550951 22.08540423
100.03446195 68.82471207 21.95155173
100.26892958 68.69391463 21.81769922
100.49822968 68.55419382 21.68395241
100.72699280 68.41354574 21.55021657
100.95575592 68.27289767 21.41648074
101.19425195 68.13793922 21.29455835
101.43423077 68.00384757 21.17443572
101.68479197 67.86771805 21.08445154
101.94145568 67.73041334 21.01184721
102.19898103 67.58782283 20.97119692
102.45789859 67.43669156 20.98217766
102.71259777 67.28051539 21.00267121
102.95729691 67.11237984 21.04571567
103.18653613 66.92162981 21.07545430
103.41278096 66.72649964 21.10261576
103.63902579 66.53136948 21.12977722
103.85837104 66.33003015 21.16509556
104.07307580 66.12451468 21.20590002
104.28778055 65.91899921 21.24670448
104.46270529 65.70179519 21.34442646
104.61335051 65.47831758 21.47526046
104.71374349 65.25536424 21.64907988
104.81413648 65.03241089 21.82289929
104.89091381 64.81022089 22.00755034
104.94529821 64.58875473 22.20247222
104.98138891 64.38241346 22.41018873
104.94265521 64.23793569 22.67023754
104.90392150 64.09345793 22.93028635
104.86409956 63.95021004 23.19060178
104.77329578 63.86457982 23.46340795
104.68249200 63.77894961 23.73621412
104.56019229 63.76198656 24.00933254
104.43700394 63.74696093 24.28245978
104.31381560 63.73193530 24.55558701
104.15964784 63.77519039 24.80620272
103.99558630 63.83705837 25.04962901
103.82530213 63.92065502 25.27798888
103.63927340 64.05922976 25.46822754
103.45324466 64.19780450 25.65846620
103.27338926 64.35395111 25.83578065
103.11551991 64.57267922 25.96706601
102.95765055 64.79140733 26.09835136
102.80151950 65.01060545 26.23088047
102.64958758 65.23093893 26.36641405
102.49765566 65.45127242 26.50194763
102.34572374 65.67160591 26.63748121
102.19307570 65.88451710 26.78364553
102.04131704 66.09878004 26.92856090
101.89965203 66.33015319 27.05661355
101.75798703 66.56152634 27.18466619
101.58687596 66.77487530 27.30751170
101.41304354 66.98655849 27.42987598
101.23921111 67.19824168 27.55224026
101.06843172 67.41972729 27.66049971
100.89824382 67.64311202 27.76602647
100.70881435 67.87037943 27.80909300
100.52049532 68.10187093 27.83567872
100.34303176 68.34369770 27.84094329
100.16587024 68.58575979 27.84534817
99.98912683 68.82814767 27.84856294
99.81238342 69.07053554 27.85177772
99.64314359 69.31682810 27.86680293
99.49070716 69.57186474 27.90827627
99.33974777 69.82681699 27.95283721
99.21720608 70.08014557 28.05680233
99.09466439 70.33347415 28.16076745
98.97212270 70.58680273 28.26473257
98.87723770 70.83752693 28.39927287
98.79641113 71.09273790 28.53207196
98.76081871 71.36312313 28.65707424
98.74064789 71.62968554 28.79015460
98.76064789 71.88629012 28.94427709
98.79265744 72.13373727 29.10584332
98.89420097 72.32816392 29.31050794
98.99574449 72.52259056 29.51517256
99.09728802 72.71701721 29.71983719
99.26250897 72.86798848 29.91891247
99.46114647 72.99902159 30.10159727
99.65978396 73.13005469 30.28428207
99.85842146 73.26108779 30.46696688
100.10530261 73.36203123 30.60320291
100.35486949 73.46129957 30.73685313
100.60443636 73.56056791 30.87050335
100.84267896 73.59275529 31.04625255
101.07859288 73.61114837 31.23065884
101.31450680 73.62954145 31.41506513
