#spline3d 274
128.15499878 104.09400177 15.26060009
127.86581968 104.01575203 15.24471206
127.57664058 103.93750228 15.22882403
127.28742177 103.85936790 15.21311507
126.99758786 103.78302025 15.20017960
126.70781203 103.70658232 15.18702225
126.43148938 103.60922898 15.12246127
126.15516672 103.51187564 15.05790028
125.87917191 103.41644996 14.98954763
125.60405456 103.32618378 14.91104642
125.32781262 103.23621241 14.83680326
125.04675210 103.14750420 14.78080449
124.76569158 103.05879598 14.72480571
124.48463107 102.97008777 14.66880694
124.20557067 102.87861420 14.60753736
123.92671098 102.78686313 14.54573887
123.66055707 102.67580562 14.46556287
123.40023366 102.55588864 14.37695368
123.14053694 102.43419364 14.28944413
122.89267697 102.27891581 14.22270431
122.64481700 102.12363799 14.15596449
122.39659209 101.96513057 14.10295650
122.14754260 101.79932590 14.08097544
121.89849312 101.63352124 14.05899439
121.64699784 101.47104078 14.04207939
121.39183001 101.31355188 14.03277146
121.13666218 101.15606297 14.02346353
120.88099665 100.99955551 14.01181767
120.62496198 100.84377598 13.99843779
120.36892730 100.68799645 13.98505791
120.12378604 100.51548673 13.97330053
119.87885860 100.34264861 13.96157500
119.63551800 100.16865048 13.94006652
119.39293087 99.99410154 13.91391283
119.15668923 99.81261009 13.88016083
118.92528439 99.62582678 13.84061710
118.69387955 99.43904346 13.80107336
118.46028685 99.25232286 13.78001530
118.22589562 99.06562516 13.76570425
117.99150438 98.87892746 13.75139321
117.75389249 98.69602583 13.74868310
117.51465874 98.51503583 13.75181497
117.28110843 98.32716821 13.75138386
117.05740063 98.12739001 13.74478242
116.83698024 97.92445094 13.74376687
116.63107614 97.70755442 13.76741710
116.43091012 97.48542206 13.78513690
116.24737233 97.24811698 13.78567111
116.06383455 97.01081189 13.78620532
115.88095140 96.77427756 13.76679135
115.69844313 96.53818460 13.73595375
115.51180105 96.30457986 13.71822206
115.31924258 96.07453628 13.71924785
115.12622393 95.84500651 13.72392034
114.93193870 95.61689087 13.73862967
114.75085504 95.38338826 13.78375349
114.57736382 95.14678751 13.84636918
114.40387259 94.91018676 13.90898487
114.25363244 94.68823093 14.04364499
114.10350984 94.46634914 14.17866935
113.98363362 94.24821654 14.34298391
113.88150487 94.03228384 14.52448489
113.78274401 93.81762464 14.70912456
113.69517414 93.60719710 14.90419364
113.60760427 93.39676955 15.09926271
113.52284933 93.18869867 15.29806384
113.43821535 92.98072906 15.49702533
113.35297009 92.78591010 15.70837669
113.26752033 92.59549047 15.92387285
113.18207058 92.40507083 16.13936901
113.12504700 92.21926802 16.36700922
113.07982806 92.03538246 16.59969252
113.03460911 91.85149689 16.83237582
113.00432113 91.68029513 17.07649682
112.97918886 91.51347314 17.32456731
112.95405658 91.34665114 17.57263779
112.94202462 91.19197583 17.82890521
112.93873117 91.04540292 18.09064037
112.94876074 90.90358690 18.35438341
112.97361741 90.76706479 18.62036100
113.00613145 90.63615332 18.88754563
113.07356141 90.53082515 19.16023412
113.14099137 90.42549697 19.43292262
113.20842133 90.32016880 19.70561111
113.27061557 90.21612210 19.98002471
113.33224412 90.11221385 20.25462469
113.39173807 90.01259891 20.53111345
113.44388566 89.92775961 20.81410252
113.49599717 89.84304111 21.09713289
113.54631890 89.76431412 21.38221166
113.59664062 89.68558712 21.66729043
113.64696235 89.60686013 21.95236921
113.66264167 89.57332849 22.25007206
113.67829287 89.53983354 22.54778517
113.69394407 89.50633859 22.84549827
113.71234354 89.48971662 23.14435265
113.73140942 89.47718613 23.44348378
113.75047530 89.46465564 23.74261490
113.79545109 89.44896341 24.03863073
113.84437855 89.43278896 24.33417142
113.89118429 89.42564175 24.63018790
113.93473447 89.43234579 24.92693442
113.97794604 89.43885119 25.22373011
114.01504730 89.44177219 25.52141293
114.05078567 89.44508781 25.81915209
114.04376621 89.46078367 26.11865896
114.03674676 89.47647952 26.41816582
114.00608636 89.50548770 26.71248266
113.92597482 89.56234205 26.99594321
113.84586328 89.61919640 27.27940376
113.75358083 89.66626831 27.56067326
113.65367200 89.70721049 27.84056984
113.55184343 89.74498704 28.11984056
113.42117004 89.73519872 28.38970758
113.29049665 89.72541041 28.65957460
113.12848323 89.65709960 28.89557964
112.94735889 89.55310220 29.11093587
112.75718969 89.43666909 29.30861251
112.54720448 89.29299111 29.46755560
112.33721927 89.14931313 29.62649870
112.15454093 88.94788395 29.74898061
111.97717861 88.73521194 29.86436436
111.79981628 88.52253994 29.97974811
111.64372843 88.27711508 30.04513883
111.49360070 88.02251438 30.09652380
111.36613559 87.75507504 30.13263279
111.26166002 87.47461187 30.15324542
111.15718446 87.19414869 30.17385805
111.08139493 86.90527695 30.16894122
111.02017049 86.61213583 30.15106201
110.95894604 86.31899470 30.13318280
110.89669690 86.02930841 30.09461354
110.83277712 85.74525477 30.02231190
110.76885733 85.46120112 29.95001027
110.70526290 85.18329208 29.86057880
110.64237976 84.91881688 29.73369666
110.58869701 84.65815889 29.59833630
110.58091531 84.41654515 29.42067786
110.57313361 84.17493141 29.24301943
110.56855084 83.93403747 29.06462270
110.59906750 83.70104137 28.87812525
110.62958415 83.46804527 28.69162780
110.66010080 83.23504917 28.50513035
110.69745122 83.02235402 28.29711968
110.74071359 82.82064586 28.08065255
110.80506596 82.65488969 27.83902566
110.86941832 82.48913353 27.59739877
110.95165382 82.35311603 27.34859258
111.07421903 82.28416458 27.08359577
111.19678424 82.21521313 26.81859896
111.32219718 82.14882310 26.55475608
111.49223057 82.12256727 26.30899379
111.66226396 82.09631144 26.06323150
111.83614046 82.07049525 25.82089956
112.06401126 82.05085578 25.62676260
112.29188206 82.03121631 25.43262565
112.52900090 82.01467272 25.25155766
112.79099749 82.00645724 25.10564588
113.05299407 81.99824176 24.95973411
113.31494269 81.98888530 24.81389847
113.57589097 81.95573660 24.66965035
113.83683925 81.92258790 24.52540223
114.10393330 81.85018404 24.41686318
114.37455492 81.75524832 24.32882058
114.64517655 81.66031260 24.24077798
114.91492294 81.53386350 24.21493542
115.18456497 81.40365733 24.19650844
115.45389635 81.27294477 24.17864695
115.69744779 81.10020897 24.20771359
115.94099923 80.92747316 24.23678023
116.15885415 80.73143658 24.29110536
116.36055638 80.52075325 24.36130782
116.56225860 80.31006992 24.43151028
116.68731493 80.05604965 24.52848771
116.80848232 79.79983051 24.62682368
116.92964971 79.54361136 24.72515966
117.00197899 79.27637226 24.84015350
117.07205322 79.00862432 24.95591649
117.07681114 78.73660599 25.07912412
117.06947625 78.46379702 25.20371006
117.03009010 78.20012756 25.33458594
116.94058630 77.95074926 25.47529722
116.85108250 77.70137096 25.61600849
116.73054471 77.48347230 25.77718385
116.58367360 77.29228512 25.95572362
116.43680249 77.10109794 26.13426339
116.27484102 76.92593294 26.31416077
116.09044788 76.77458474 26.49607623
115.90605475 76.62323655 26.67799169
115.70351070 76.48280518 26.84587197
115.47084869 76.36048821 26.99046359
115.23818668 76.23817124 27.13505520
114.98123411 76.14048903 27.25385259
114.71607979 76.07241402 27.36758477
114.43799240 76.08597886 27.47931297
114.15990501 76.09954369 27.59104117
113.88181762 76.11310853 27.70276937
113.61026464 76.15513243 27.82313179
113.33875472 76.19734385 27.94355110
113.06724480 76.23955527 28.06397042
112.80451096 76.29369951 28.19772275
112.54508040 76.35233524 28.33649359
112.28208240 76.42950177 28.45396888
112.01434041 76.53131048 28.54312546
111.74659843 76.63311919 28.63228203
111.49622560 76.76278614 28.73358246
111.24923099 76.89787139 28.83724482
111.00840024 77.03566137 28.95046863
110.77636675 77.17731160 29.07733881
110.54433326 77.31896182 29.20420899
110.31972536 77.45713719 29.34579834
110.10588641 77.59027313 29.50873415
109.89204746 77.72340907 29.67166996
109.68023657 77.85760327 29.83627883
109.47653211 77.99602751 30.00757518
109.27282766 78.13445175 30.17887152
109.09395538 78.30557681 30.34727520
108.92038278 78.48368088 30.51506153
108.75919388 78.67407679 30.67996586
108.62074997 78.88704897 30.83957684
108.49012587 79.10302950 31.00092276
108.38695237 79.32957052 31.16835901
108.28377886 79.55611154 31.33579526
108.17989715 79.77729438 31.50960000
108.07521368 79.99241133 31.69061440
107.97053021 80.20752827 31.87162879
107.88301597 80.42589183 32.05623682
107.82670889 80.65015649 32.24737672
107.78189366 80.88054866 32.43337511
107.75554640 81.12078801 32.61111085
107.72919914 81.36102736 32.78884660
107.73210744 81.61167741 32.95335197
107.73768348 81.86327679 33.11665090
107.74950509 82.11193777 33.28379337
107.77047567 82.35629438 33.45656613
107.79144624 82.60065099 33.62933888
107.82997994 82.82299722 33.82692274
107.86898984 83.04474667 34.02517930
107.94483253 83.25659369 34.22195609
108.03705287 83.46403761 34.41807490
108.12927321 83.67148153 34.61419371
108.25620292 83.87802332 34.78766504
108.40610438 84.08396805 34.94614754
108.56869973 84.28542023 35.09668292
108.74787168 84.48100570 35.23684038
108.93025686 84.67495454 35.37453358
109.13965598 84.85514414 35.49150952
109.35091956 85.03029626 35.61113045
109.58194379 85.15205826 35.75878462
109.81296803 85.27382027 35.90643878
110.05055555 85.36654655 36.05993984
110.29806305 85.41538714 36.22227812
110.54688949 85.45995698 36.38340339
110.80412151 85.47730949 36.53679814
111.06144416 85.49403824 36.69004588
111.32303084 85.48142086 36.83637773
111.58461752 85.46880348 36.98270959
111.84822736 85.41788680 37.11636005
112.11190420 85.36570183 37.24959056
112.37555996 85.29528888 37.37303707
112.63920152 85.21260299 37.48989598
112.90284309 85.12991710 37.60675489
113.16476406 85.03975860 37.72152887
113.42406427 84.93821804 37.83312713
113.67064557 84.81640618 37.95128572
113.90898783 84.68146300 38.07369395
114.12219269 84.51149258 38.19492024
114.32245437 84.32348671 38.31553795
114.52271605 84.13548083 38.43615566
114.71656593 83.94174756 38.55772425
114.90097129 83.73957787 38.68069349
115.08537665 83.53740817 38.80366272
115.26918277 83.33687488 38.93002254
115.45157112 83.14021323 39.06440428
