#spline3d 236
119.48100281 84.83409882 3.82135010
119.59390446 84.91413620 4.08752153
119.71013117 84.98730111 4.35416878
119.82848884 85.05606160 4.62112096
119.94684650 85.12482209 4.88807315
120.04187861 85.16333697 5.16969582
120.13448389 85.19870504 5.45284484
120.22906191 85.22293507 5.73634541
120.32510855 85.23887336 6.02010770
120.42492910 85.25240154 6.30248260
120.54489025 85.25306752 6.57745329
120.65436280 85.24858300 6.85566744
120.72157387 85.22334571 7.14695037
120.78820212 85.19787773 7.43828944
120.80538056 85.15283703 7.73439126
120.82255899 85.10779633 8.03049309
120.84060076 85.06213769 8.32640527
120.87780611 85.00276264 8.61810774
120.91501146 84.94338759 8.90981022
120.95811672 84.88390078 9.20058796
121.00974411 84.82425253 9.49002996
121.04150415 84.79516640 9.78686450
121.07276821 84.76684325 10.08388359
121.09591370 84.73678135 10.38113936
121.09557517 84.70168987 10.67907971
121.09523663 84.66659839 10.97702007
121.08734166 84.61975202 11.27245708
121.06219743 84.54607252 11.56217963
121.03705320 84.47239302 11.85190219
121.01079507 84.39168625 12.13913823
120.97880259 84.27480359 12.41357388
120.94681011 84.15792094 12.68800953
120.89692822 84.04016139 12.95822144
120.81376601 83.92077055 13.22057580
120.72735731 83.80135107 13.48162566
120.60768648 83.68163827 13.72931034
120.48801565 83.56192546 13.97699502
120.37382837 83.41480301 14.21198583
120.26019716 83.26490099 14.44568937
120.13403480 83.09833106 14.66047824
120.00465799 82.92748555 14.87041519
119.87528118 82.75664003 15.08035214
119.71743584 82.59068779 15.27168091
119.53697234 82.42862324 15.44822552
119.34842485 82.26462980 15.61257378
119.13962743 82.09580461 15.74637087
118.93000524 81.92690788 15.87868426
118.71307448 81.75737728 15.99785012
118.49614371 81.58784668 16.11701598
118.27430906 81.41671540 16.22219989
118.04276247 81.24241408 16.29969317
117.79842383 81.07917535 16.35628276
117.54613330 80.92281345 16.39987803
117.29384277 80.76645155 16.44347330
117.03713869 80.61551631 16.47761006
116.77544770 80.47071269 16.50105956
116.50870788 80.33479857 16.50928445
116.23731940 80.20706939 16.50349140
115.96593092 80.07934021 16.49769836
115.70027173 79.94107252 16.49587208
115.44551999 79.78274155 16.50159776
115.19076826 79.62441059 16.50732344
114.93561296 79.46674535 16.51267013
114.67571687 79.31690056 16.51356485
114.41582078 79.16705578 16.51445957
114.15359980 79.02147861 16.52001787
113.89052484 78.87746905 16.52728923
113.62560759 78.74666698 16.57360306
113.36007924 78.62024594 16.63286757
113.09455089 78.49382489 16.69213209
112.83026299 78.36453888 16.75067601
112.56712175 78.23260451 16.80855383
112.30398051 78.10067013 16.86643164
112.04415807 77.96137338 16.92136509
111.78752612 77.81499886 16.97346799
111.53089418 77.66862433 17.02557089
111.27313700 77.52519956 17.08006024
111.01382483 77.38585111 17.13784748
110.75451265 77.24650267 17.19563471
110.50884643 77.09859847 17.28108973
110.26943662 76.94677163 17.37922990
110.03002681 76.79494478 17.47737007
109.79620510 76.64290568 17.58662731
109.57228288 76.49049057 17.71557876
109.34836065 76.33807546 17.84453020
109.12556147 76.19845714 17.98888998
108.90283925 76.05971576 18.13430568
108.68011702 75.92097439 18.27972137
108.45712072 75.78808071 18.43000551
108.23399848 75.65787382 18.58252651
108.01087625 75.52766693 18.73504751
107.80544980 75.41546926 18.92028711
107.60932574 75.31273875 19.12272634
107.41776337 75.21315357 19.32993596
107.26465912 75.14008556 19.57736313
107.11155487 75.06701756 19.82479031
106.95845062 74.99394955 20.07221748
106.83065574 74.93324678 20.33651611
106.70590737 74.87403242 20.60284557
106.58115901 74.81481806 20.86917504
106.47988016 74.75460291 21.14491930
106.38160585 74.69425963 21.42186883
106.28996737 74.64999185 21.70330207
106.20734469 74.62756512 21.99082712
106.12643454 74.60236007 22.27849162
106.05635608 74.55958213 22.56703814
105.99412024 74.53725035 22.85880700
105.93986845 74.53573346 23.15385631
105.88561666 74.53421658 23.44890562
105.84261507 74.53787929 23.74471960
105.84573716 74.56277741 24.04366857
105.84885926 74.58767552 24.34261755
105.85198135 74.61257364 24.64156652
105.86446826 74.60677638 24.94124121
105.87700347 74.60082078 25.24091964
105.88953869 74.59486517 25.54059807
105.90675984 74.58732034 25.83999836
105.92512490 74.57938756 26.13933076
105.94159912 74.57232818 26.43871288
105.93663689 74.57517062 26.73865868
105.93167465 74.57801307 27.03860448
105.89579886 74.58780307 27.33602386
105.84611429 74.58413243 27.63064299
105.77485832 74.54535335 27.91946659
105.70360236 74.50657428 28.20829019
105.63289695 74.46610527 28.49677908
105.58532642 74.35462262 28.77120286
105.53775589 74.24313998 29.04562664
105.48894956 74.13122672 29.31956826
105.40892496 74.00843545 29.58132955
105.33797432 73.86515448 29.83309024
105.28290184 73.68601943 30.06735130
105.26525013 73.48201783 30.28028338
105.28893108 73.25055020 30.46965679
105.31261202 73.01908257 30.65903021
105.33822922 72.75469560 30.78910281
105.36490827 72.47225568 30.88665490
105.38145751 72.17906969 30.93638538
105.39276968 71.88032803 30.96139228
105.40408185 71.58158636 30.98639918
105.41419189 71.28266531 30.99384041
105.42240705 70.98346150 30.97359340
105.43062221 70.68425769 30.95334639
105.43829357 70.38550924 30.92802777
105.44493592 70.08762247 30.89311214
105.45157826 69.78973570 30.85819651
105.49705901 69.49910813 30.81630844
105.58384937 69.21620164 30.76700429
105.67089017 68.93329969 30.71822901
105.76591225 68.65054204 30.68630894
105.86093434 68.36778439 30.65438886
105.96896430 68.08892453 30.66850456
106.07906810 67.81068609 30.68995974
106.18921612 67.53300028 30.71599758
106.29953002 67.25738775 30.75922806
106.40984392 66.98177522 30.80245855
106.48499653 66.70017925 30.87136392
106.55454759 66.41763006 30.94435956
106.62409864 66.13508087 31.01735520
106.64697823 65.86327910 31.14140098
106.66782695 65.59194501 31.26766818
106.67456897 65.32520054 31.40249833
106.65136643 65.06819859 31.55550523
106.60791376 64.82346192 31.71630914
106.48762086 64.62526653 31.90669927
106.36732796 64.42707114 32.09708940
106.24172482 64.23707924 32.28950759
106.05735324 64.13787565 32.50437035
105.87298165 64.03867206 32.71923310
105.68118281 63.94675780 32.92782045
105.42618886 63.91686508 33.08301337
105.17119491 63.88697236 33.23820629
104.91620096 63.85707964 33.39339920
104.63954497 63.89118892 33.49726681
104.35834689 63.93871811 33.59037255
104.07714882 63.98624730 33.68347829
103.82448752 64.11463742 33.78015206
103.57311453 64.24667803 33.87698691
103.32174153 64.37871863 33.97382176
103.09385954 64.54304483 34.07564726
102.87610768 64.72129370 34.17962490
102.65835582 64.89954257 34.28360254
102.45565602 65.08546120 34.40269993
102.25772058 65.27380752 34.52658310
102.06205663 65.46448167 34.65042318
101.87123344 65.66011665 34.77417145
101.68041025 65.85575163 34.89791972
101.49952950 66.05953366 35.02219807
101.33727388 66.27857750 35.14746944
101.17501825 66.49762134 35.27274080
101.04322041 66.73344164 35.39169875
100.98134182 67.00777419 35.49616353
100.91946324 67.28210674 35.60062832
100.86232578 67.55716042 35.70588910
100.80530321 67.83223157 35.81116917
100.75631647 68.10767814 35.91795512
100.74642366 68.38495110 36.03206711
100.73653086 68.66222406 36.14617911
100.76110393 68.93369414 36.27117422
100.78763111 69.20483521 36.39678638
100.82721904 69.47981090 36.50318641
100.90214140 69.76516073 36.55761017
100.97706376 70.05051056 36.61203392
101.06344589 70.33003976 36.67170992
101.19976597 70.58420455 36.75427349
101.33608605 70.83836933 36.83683706
101.46334053 71.10290893 36.89776567
101.58904388 71.36922368 36.95499250
101.73983311 71.62596368 36.98932960
101.89400917 71.88141099 37.02057638
102.04818523 72.13685831 37.05182316
102.19920978 72.38828612 37.11216089
102.34902255 72.63816841 37.18368439
102.49883531 72.88805069 37.25520788
102.65396761 73.12593527 37.34735264
102.81670708 73.34666255 37.46898682
102.97944656 73.56738982 37.59062101
103.14395172 73.77736690 37.72757160
103.30891548 73.98455177 37.86850039
103.47387924 74.19173665 38.00942917
103.63349981 74.38514053 38.17182931
103.78728433 74.56349222 38.35768137
103.94106885 74.74184392 38.54353342
104.06995237 74.91432527 38.75179169
104.19306551 75.08544626 38.96524221
104.31617866 75.25656726 39.17869274
104.42738693 75.41649493 39.40613542
104.53022695 75.56855451 39.64341356
104.64975678 75.69256062 39.88627779
104.78985354 75.78199632 40.13602578
104.92995029 75.87143201 40.38577376
105.08537175 75.93289066 40.63221925
105.26063870 75.95811906 40.87438798
105.43590565 75.98334746 41.11655672
105.61982347 75.99390564 41.35280504
105.81037919 75.99320719 41.58451055
