#spline3d 234
70.18399811 111.92400360 7.58544016
70.15511692 111.82671948 7.86775501
70.12623573 111.72943536 8.15006986
70.09735455 111.63215124 8.43238471
70.07210355 111.50581734 8.70251777
70.04840601 111.36705232 8.96743795
70.02470847 111.22828730 9.23235812
70.00700776 111.09136425 9.49863657
69.99433520 110.95598563 9.76605389
69.98166264 110.82060701 10.03347121
69.99619255 110.70564426 10.30989689
70.01426703 110.59334177 10.58749639
70.03234152 110.48103928 10.86509590
70.02265227 110.35348766 11.13568142
70.00187916 110.21984826 11.40346680
69.99384879 110.09589653 11.67650782
69.98672210 109.97263183 11.94992155
69.94093888 109.85243520 12.21941063
69.87397593 109.73391955 12.48674939
69.80888930 109.60683669 12.75015038
69.74854496 109.45810071 13.00359885
69.68820063 109.30936473 13.25704732
69.64826832 109.14036343 13.50155311
69.60970708 108.97000092 13.74545822
69.58068401 108.79753656 13.98839474
69.59082966 108.61644089 14.22735374
69.60097531 108.43534521 14.46631274
69.64151728 108.25502071 14.69950721
69.72838603 108.07587155 14.92391599
69.82389947 107.89815657 15.14573252
69.92892829 107.72202021 15.36469571
70.03395711 107.54588386 15.58365890
70.16539833 107.36483233 15.77883062
70.33481382 107.17671406 15.93979629
70.50422931 106.98859578 16.10076196
70.66721319 106.79538405 16.26223932
70.82728745 106.59986807 16.42394815
70.99795084 106.40744590 16.57729919
71.18692204 106.22037268 16.71620023
71.37589324 106.03329946 16.85510128
71.56954018 105.84397282 16.98406666
71.76409085 105.65421063 17.11111167
71.96905389 105.45684087 17.20346478
72.17786582 105.25665901 17.28299419
72.38999856 105.05663152 17.35192778
72.60851186 104.85690063 17.40050269
72.82702517 104.65716973 17.44907760
73.05505875 104.46789690 17.49452438
73.28813635 104.28416494 17.53831383
73.52380780 104.10198678 17.56993232
73.76393885 103.92248004 17.58062546
73.99915015 103.73731016 17.58080085
74.22293418 103.53898626 17.55654625
74.44801229 103.34262367 17.53078069
74.69260349 103.17583541 17.48223167
74.93653036 103.00839696 17.43273011
75.17527530 102.83588685 17.37579849
75.41402025 102.66337674 17.31886687
75.65276520 102.49086664 17.26193525
75.87761121 102.30533384 17.19205888
76.09880922 102.11638303 17.11878495
76.32000723 101.92743222 17.04551101
76.54064886 101.74225293 16.96204029
76.76101593 101.55893483 16.87353757
76.98200743 101.37658982 16.78477124
77.21787169 101.21742195 16.68972636
77.45373595 101.05825407 16.59468148
77.68960020 100.89908619 16.49963660
77.91800939 100.72461106 16.41444549
78.14390909 100.54498327 16.33257131
78.36980880 100.36535549 16.25069712
78.59729456 100.17843167 16.19337395
78.82072386 99.98717130 16.13429155
79.04332295 99.79508992 16.07467254
79.26541242 99.60213041 16.01623559
79.48161061 99.39901957 15.97146359
79.69780881 99.19590873 15.92669158
79.91087885 98.98949104 15.88241573
80.11906488 98.77791035 15.83891451
80.32725091 98.56632966 15.79541330
80.53539390 98.35400251 15.75611856
80.74341974 98.13964367 15.72827293
80.94972058 97.92339324 15.70390328
81.14846007 97.69885117 15.69477030
81.34893377 97.47605968 15.69419934
81.55320526 97.25710183 15.71237837
81.75747676 97.03814397 15.73055740
81.96089307 96.81884203 15.75241804
82.16131264 96.59833432 15.78717983
82.36173221 96.37782661 15.82194163
82.56126151 96.16592973 15.89286652
82.76062496 95.95563688 15.97052785
82.95998842 95.74534402 16.04818919
83.10581016 95.53204331 16.19666289
83.24352737 95.31828730 16.35585538
83.37293583 95.10499407 16.52104075
83.46496203 94.89378292 16.71318897
83.55698823 94.68257178 16.90533719
83.65059703 94.47241739 17.09777098
83.76201091 94.27415190 17.29341760
83.87342478 94.07588642 17.48906421
83.98559829 93.88282042 17.68913579
84.09960537 93.70230467 17.89988815
84.21361245 93.52178892 18.11064050
84.32700284 93.33745893 18.31834303
84.43976374 93.14923545 18.52293238
84.55183606 92.96121618 18.72805811
84.65369500 92.77622585 18.94113976
84.75655631 92.59658865 19.15764340
84.86611972 92.45274415 19.39702741
84.97568314 92.30889964 19.63641142
85.07746631 92.16660203 19.87894629
85.11854426 92.03637405 20.14606579
85.15962221 91.90614607 20.41318528
85.19470449 91.77340218 20.67988691
85.22717210 91.63956112 20.94640631
85.27085819 91.51124419 21.21386704
85.32105705 91.38613423 21.48187424
85.37125590 91.26102427 21.74988145
85.43555965 91.14711035 22.01884023
85.52371701 91.05213071 22.28940827
85.61187436 90.95715106 22.55997631
85.70264445 90.86151256 22.82938398
85.80357494 90.76331188 23.09427921
85.88912795 90.66193430 23.36266541
85.95257576 90.55598990 23.63606993
86.01602357 90.45004551 23.90947445
86.08034345 90.34304417 24.18222362
86.15276169 90.22622765 24.44888700
86.22517993 90.10941112 24.71555038
86.29109407 90.00370990 24.98819866
86.35232361 89.90601453 25.26515760
86.41355314 89.80831917 25.54211653
86.46662489 89.71446954 25.82203319
86.51769883 89.62156171 26.10267417
86.56665223 89.52438531 26.38197704
86.60262729 89.40108413 26.65309041
86.67671203 89.24868201 26.89816688
86.76644287 89.08433238 27.13255380
86.85617370 88.91998275 27.36694073
86.96685835 88.74398395 27.58044134
87.10222150 88.55426525 27.76934295
87.22867356 88.34482502 27.93356147
87.32885331 88.07724041 28.02500764
87.42903306 87.80965581 28.11645381
87.52763932 87.54052006 28.20171719
87.60533641 87.25077205 28.20482135
87.68303350 86.96102404 28.20792550
87.73652859 86.66647941 28.19213504
87.78670694 86.37127743 28.17375517
87.77577707 86.07283261 28.15337222
87.75839921 85.77404561 28.13277790
87.74102135 85.47525861 28.11218358
87.69559421 85.18526743 28.05583599
87.64144769 84.89801052 27.98837414
87.53951475 84.62205051 27.93065096
87.43522310 84.34664810 27.87340849
87.33093146 84.07124570 27.81616601
87.20089572 83.80437369 27.77877114
87.06010549 83.54106521 27.74966752
86.92329706 83.27707745 27.71172682
86.79300750 83.01197761 27.65931828
86.66271794 82.74687778 27.60690974
86.52823613 82.48480164 27.55114799
86.38036731 82.23238101 27.48467850
86.23249850 81.97996039 27.41820901
86.10008454 81.71853085 27.35421156
85.96887576 81.45639878 27.29040688
85.82678012 81.19687911 27.31577509
85.68223807 80.93794646 27.36118157
85.57986883 80.67442984 27.45818965
85.48382011 80.41022620 27.56293136
85.38777140 80.14602257 27.66767307
85.37369683 79.89395916 27.82681962
85.36744691 79.64305456 27.99115924
85.36119699 79.39214997 28.15549887
85.40728551 79.19880292 28.37838591
85.45787065 79.01040087 28.60630299
85.51705916 78.86316207 28.85771248
85.58222092 78.74450251 29.12543251
85.64738267 78.62584296 29.39315255
85.70937625 78.55622933 29.67333749
85.76791014 78.54017425 29.96713422
85.84080536 78.55490196 30.25604460
85.92590412 78.59578731 30.54080283
85.95425394 78.71924612 30.80965615
85.97338394 78.85612037 31.07592546
85.99251395 78.99299461 31.34219476
85.94359232 79.16424578 31.57639605
85.86055875 79.35272892 31.79452274
85.77752518 79.54121206 32.01264943
85.70367961 79.73473132 32.22920771
85.64615147 79.93719451 32.44298058
85.58862333 80.13965769 32.65675345
85.53335052 80.34314464 32.87008793
85.48740449 80.55086531 33.08160948
85.44145846 80.75858597 33.29313103
85.38679409 80.97364535 33.49376346
85.31429597 81.20371639 33.67212173
85.24179786 81.43378742 33.85048000
85.16721960 81.66632674 34.02405723
85.07796376 81.91628239 34.16389920
84.98870793 82.16623803 34.30374117
84.89648746 82.41437168 34.44479932
84.79821608 82.65878655 34.58833978
84.69911089 82.90318857 34.73127398
84.58794426 83.14740482 34.86543833
84.47677762 83.39162107 34.99960269
84.35745951 83.62656043 35.14119351
84.21778695 83.83833515 35.30132842
84.07811439 84.05010987 35.46146332
83.92781368 84.24466673 35.63094504
83.75968069 84.41033485 35.81610915
83.59154770 84.57600298 36.00127326
83.38563591 84.72377135 36.16161885
83.17886260 84.87113153 36.32139848
82.96573181 85.01416376 36.47591553
82.73493196 85.14516753 36.61580657
82.49899175 85.26696788 36.75372029
82.24175208 85.35063314 36.88344086
81.97948777 85.41862095 37.01157088
81.71397265 85.47646579 37.13867184
81.44134306 85.48864276 37.25871410
81.16508525 85.47753018 37.37515660
80.88882744 85.46641759 37.49159910
80.63556190 85.42410956 37.64645237
80.38296711 85.38089148 37.80242618
80.15308408 85.31575701 37.98227110
79.93142729 85.24268438 38.17076219
79.71160945 85.17435961 38.36280814
79.49800379 85.12207363 38.56686282
79.28533256 85.06749360 38.77112416
79.08306527 84.98737152 38.97768648
78.88079799 84.90724943 39.18424880
