#spline3d 248
63.44820023 90.45919800 0.68443799
63.69807041 90.30228581 0.73006002
63.94816924 90.13806387 0.75200824
64.19826806 89.97384193 0.77395645
64.45011243 89.81222064 0.78447379
64.70621090 89.65693745 0.76713279
64.96230938 89.50165426 0.74979179
65.21749189 89.34475843 0.73350627
65.47248576 89.18756426 0.71718968
65.72351023 89.02456206 0.69676812
65.97453471 88.86155986 0.67634657
66.22554948 88.69761869 0.66601812
66.47656348 88.53360251 0.65649589
66.72473666 88.36559810 0.64331798
66.97207642 88.19642364 0.62906759
67.22325912 88.03266824 0.62158246
67.47595640 87.87104861 0.61676365
67.73188726 87.71458035 0.61656381
67.98876292 87.55961729 0.61771359
68.24563859 87.40465422 0.61886336
68.50988471 87.26420893 0.63937826
68.77445624 87.12440462 0.66074814
69.03827690 86.98276771 0.67870114
69.30135729 86.83932413 0.69328559
69.56339160 86.69393528 0.70037605
69.82285758 86.54377046 0.68906753
70.08065624 86.39072762 0.67904287
70.33619738 86.23378797 0.67075653
70.59173851 86.07684832 0.66247020
70.83829627 85.90678736 0.67650659
71.08375918 85.73512724 0.69326356
71.32857532 85.56206222 0.70007809
71.57296278 85.38806603 0.70030272
71.81686731 85.21343954 0.70077045
72.04963006 85.02427129 0.70684695
72.28239282 84.83510304 0.71292344
72.51576703 84.64669144 0.71830016
72.75283555 84.46285147 0.71944891
72.98990407 84.27901149 0.72059767
73.22697259 84.09517152 0.72174642
73.47162913 83.92210881 0.70829576
73.71651414 83.74937059 0.69440551
73.96092027 83.57589341 0.68201861
74.20249220 83.39804274 0.67852901
74.44406414 83.22019207 0.67503940
74.68389054 83.04065656 0.68162455
74.92035328 82.85787436 0.70762369
75.15681603 82.67509216 0.73362283
75.40218068 82.50443143 0.75878472
75.64903412 82.33579795 0.78380658
75.89342012 82.16600334 0.82094448
76.13674847 81.99571104 0.86327585
76.35534416 81.83474639 0.98667382
76.57026878 81.67516625 1.12210449
76.78519341 81.51558611 1.25753515
76.98689400 81.38424794 1.43317169
77.18236792 81.26620778 1.62773956
77.37717978 81.15615965 1.82700318
77.57021389 81.06757156 2.03887574
77.76324800 80.97898346 2.25074831
77.95538043 80.87136198 2.45325668
78.14652641 80.74291804 2.64552066
78.33767239 80.61447409 2.83778464
78.51422719 80.47797647 3.03738164
78.67503142 80.33278527 3.24489432
78.83583566 80.18759407 3.45240701
78.99130747 80.04847447 3.66726698
79.13294734 79.92510419 3.90118533
79.27458720 79.80173392 4.13510369
79.41240998 79.69037436 4.37615065
79.54112481 79.60767354 4.63420719
79.66034276 79.53464645 4.89900819
79.76570249 79.47573559 5.17365096
79.86627215 79.41954028 5.45045627
79.95226652 79.37160789 5.73384178
80.03826088 79.32367549 6.01722730
80.10553384 79.27759890 6.30584110
80.17019259 79.23178144 6.59518497
80.23485134 79.18596398 6.88452884
80.29126022 79.14456101 7.17618021
80.34382546 79.10521477 7.46890663
80.39639070 79.06586852 7.76163306
80.41307723 79.00105515 8.05316322
80.41992897 78.92926093 8.34436547
80.42520006 78.85905931 8.63587205
80.40951944 78.80996799 8.93141254
80.39383883 78.76087666 9.22695303
80.37687613 78.71617278 9.52289383
80.35181967 78.69916680 9.82136171
80.32676320 78.68216082 10.11982959
80.30170673 78.66515483 10.41829747
80.25932829 78.63234561 10.71327913
80.21345550 78.59634842 11.00755752
80.16744798 78.56051419 11.30182383
80.10210130 78.54807107 11.59435586
80.03675462 78.53562795 11.88688790
79.97140794 78.52318483 12.17941994
79.86419898 78.50796008 12.45883282
79.75259746 78.49244346 12.73686912
79.64099595 78.47692685 13.01490542
79.48985905 78.44667861 13.27112926
79.32834762 78.41256463 13.52162925
79.16683618 78.37845064 13.77212924
79.02059064 78.31704086 14.02662403
78.87547555 78.25360979 14.28141463
78.72888541 78.18891444 14.53496797
78.57210065 78.11548115 14.77997007
78.41531589 78.04204786 15.02497217
78.25357618 77.96098141 15.26365951
78.07985397 77.86145577 15.48707595
77.90613176 77.76193012 15.71049239
77.73212522 77.65588693 15.93047028
77.55766787 77.53950971 16.14499611
77.38321052 77.42313248 16.35952194
77.21703442 77.29324804 16.57253759
77.05543678 77.15589587 16.78471832
76.89383915 77.01854369 16.99689904
76.75141031 76.84492958 17.19292531
76.62028351 76.64993522 17.37942683
76.48915670 76.45494085 17.56592834
76.37095908 76.24270311 17.73938833
76.27101457 76.00612157 17.89443660
76.17121019 75.76940210 18.04934169
76.08818463 75.51616752 18.18710460
76.00515908 75.26293294 18.32486750
75.92380035 75.00839011 18.46085701
75.86322085 74.73753818 18.57473882
75.80643438 74.46478905 18.68516130
75.77368511 74.18001687 18.77366122
75.74093584 73.89524469 18.86216114
75.70215256 73.60603362 18.92817683
75.65805597 73.31291384 18.97439377
75.61395938 73.01979405 19.02061071
75.56344179 72.72590008 19.04287857
75.50689119 72.43127870 19.04264448
75.45333716 72.14025250 18.99815608
75.40047370 71.85005481 18.94346912
75.34761024 71.55985713 18.88878216
75.31644643 71.26766141 18.82980665
75.29288081 70.97476608 18.76932948
75.27642282 70.67815461 18.74330269
75.26606404 70.37835423 18.74683857
75.25570526 70.07855386 18.75037445
75.23903509 69.78039435 18.77526498
75.21978655 69.48290518 18.80887948
75.20053801 69.18541602 18.84249399
75.18127488 68.89568132 18.90993302
75.16199799 68.61325273 19.00924090
75.14320812 68.33087675 19.10878409
75.12698267 68.04877775 19.20956636
75.11075721 67.76667875 19.31034863
75.14701942 67.53628950 19.49804008
75.19990222 67.33200877 19.71007144
75.25873070 67.13742043 19.93069469
75.31755918 66.94283209 20.15131794
75.46844051 66.81375284 20.36976969
75.63988379 66.69930643 20.58773639
75.82111376 66.60490390 20.80547334
76.01876218 66.54412769 21.02282484
76.21641060 66.48335147 21.24017635
76.43183409 66.46928067 21.44439560
76.65850300 66.48475813 21.64030670
76.89026826 66.51519877 21.82769811
77.12586624 66.55689246 22.00868229
77.36146422 66.59858616 22.18966647
77.59259272 66.66343579 22.36828140
77.81997439 66.74769744 22.54491015
78.03892520 66.84446775 22.72478163
78.24574997 66.95922916 22.90931712
78.45257475 67.07399058 23.09385261
78.64044593 67.21079112 23.28270707
78.82120584 67.35586061 23.47318197
79.00196576 67.50093009 23.66365688
79.18231324 67.66740508 23.83426865
79.36234529 67.85025058 23.98968947
79.54237735 68.03309609 24.14511030
79.71525393 68.23646741 24.28172174
79.88734414 68.44209450 24.41626605
80.08036425 68.63614339 24.53879613
80.27697147 68.83044449 24.65481468
80.47945417 69.03076183 24.74901327
80.68193687 69.23107917 24.84321186
80.85973109 69.44909767 24.93813841
80.98817378 69.70250028 25.03452015
81.11661648 69.95590289 25.13090189
81.23166420 70.20842053 25.24049896
81.30944694 70.45847620 25.38686127
81.38696568 70.70784662 25.53418850
81.44655872 70.91068798 25.74703524
81.50615176 71.11352935 25.95988198
81.56197560 71.30090665 26.18697995
81.61614900 71.48151259 26.42031818
81.66825025 71.66039545 26.65512154
81.68649304 71.81112343 26.91386475
81.70473583 71.96185140 27.17260796
81.71295770 72.09208152 27.44219586
81.71654758 72.21283688 27.71679652
81.72013747 72.33359224 27.99139718
81.72086783 72.41842716 28.27809576
81.72039757 72.48818015 28.56987390
81.71992730 72.55793314 28.86165203
81.71530067 72.63849658 29.15037014
81.70690557 72.72886161 29.43631378
81.69851047 72.81922664 29.72225742
81.69201845 72.91306049 30.00707128
81.68935744 73.01387726 30.28961082
81.68669642 73.11469403 30.57215035
81.67649172 73.20785382 30.85681820
81.65491685 73.28947268 31.14469394
81.62926598 73.37209144 31.43180396
81.58489371 73.45930283 31.71539703
81.54052143 73.54651421 31.99899010
81.49614916 73.63372560 32.28258317
81.44009293 73.69995955 32.56958657
81.38204986 73.76262631 32.85716990
81.32341479 73.82522664 33.14463326
81.25158952 73.88634681 33.42942380
81.17976425 73.94746698 33.71421433
81.10724531 74.00833950 33.99882048
80.99251945 74.05414385 34.27220740
80.87779360 74.09994820 34.54559432
80.76510141 74.14381334 34.82008706
80.65920334 74.18119997 35.09827411
80.54419886 74.21430976 35.37253626
80.39343327 74.23062422 35.63138519
80.24266768 74.24693869 35.89023413
80.09758934 74.23742762 36.15260394
79.96234796 74.18996601 36.41364561
79.83574595 74.10929765 36.67338444
79.70914393 74.02862930 36.93312327
79.56899382 73.92586748 37.17705617
79.42451667 73.81604937 37.41594091
79.28003951 73.70623126 37.65482565
79.13942255 73.58135117 37.88837823
79.00002301 73.45172089 38.12024916
78.86062346 73.32209060 38.35212009
78.73338803 73.16477925 38.57201512
78.61432524 72.98886994 38.78386396
78.49526245 72.81296064 38.99571280
78.37166396 72.63035301 39.19833127
78.23831525 72.43334625 39.38110758
78.10496655 72.23633950 39.56388390
77.98750973 72.02111910 39.73618998
77.87452172 71.80077701 39.90555180
77.74901634 71.57236210 40.05304637
77.61777045 71.34024497 40.19051254
77.48652457 71.10812784 40.32797872
77.36812597 70.86964258 40.46612538
