#spline3d 266
119.31199646 81.78649902 2.98034000
119.08195160 81.66274164 3.12786451
118.85190674 81.53898425 3.27538901
118.62136102 81.41756120 3.42396485
118.38858193 81.30654721 3.57722869
118.15580283 81.19553322 3.73049253
117.91225817 81.07834298 3.85800620
117.65958701 80.95591682 3.96369020
117.40147003 80.83097305 4.05120590
117.14322073 80.70316175 4.13447798
116.89198586 80.56491723 4.22262255
116.64075099 80.42667270 4.31076713
116.38826637 80.28823048 4.39319463
116.12517614 80.14811052 4.42710595
115.86208592 80.00799056 4.46101726
115.59781418 79.86927193 4.48777264
115.32917346 79.73573509 4.48806690
115.06053275 79.60219825 4.48836117
114.79178810 79.46889153 4.48844228
114.51767839 79.34746451 4.47751952
114.24356868 79.22603749 4.46659676
113.96888432 79.10628371 4.45378889
113.69046354 78.99740956 4.42872391
113.41204276 78.88853540 4.40365893
113.13751326 78.77078700 4.37977183
112.87108018 78.63457434 4.35833548
112.60481550 78.49803837 4.33703651
112.34676363 78.34573575 4.32243701
112.08871176 78.19343313 4.30783751
111.83065989 78.04113050 4.29323800
111.56400173 77.90474737 4.27997204
111.29428517 77.77402151 4.26717996
111.02529193 77.64206801 4.25476467
110.78183623 77.46677233 4.25565151
110.53838052 77.29147664 4.25653836
110.30200494 77.10693029 4.26149074
110.06771409 76.91966011 4.26764019
109.84383636 76.72413859 4.30725605
109.62060600 76.52810409 4.34895249
109.39942429 76.33391979 4.40603191
109.17919024 76.14059137 4.47022725
108.95895620 75.94726294 4.53442259
108.72563989 75.76714871 4.58976807
108.49049895 75.58887751 4.64387924
108.25722242 75.40874159 4.69905464
108.04439918 75.20814899 4.76590505
107.83157595 75.00755639 4.83275546
107.61741499 74.81209342 4.90871289
107.40132868 74.62401340 4.99777783
107.19049599 74.43590372 5.09848366
106.97982210 74.24866687 5.20108771
106.75397096 74.08477489 5.31122667
106.52811981 73.92088291 5.42136563
106.30673736 73.75866456 5.54199236
106.08953230 73.59801073 5.67242322
105.87232725 73.43735691 5.80285408
105.67472675 73.25723950 5.93886712
105.47743093 73.07681961 6.07496692
105.27834750 72.90711442 6.22035962
105.07552941 72.75979418 6.38516690
104.87530603 72.61259683 6.55296835
104.68930764 72.46607320 6.73718473
104.50330925 72.31954957 6.92140110
104.31778423 72.18830717 7.11705258
104.13235873 72.06027719 7.31510793
103.94585516 71.93525289 7.51403507
103.75802311 71.81393242 7.71403651
103.57019105 71.69261195 7.91403795
103.38829373 71.60724358 8.13573934
103.20796126 71.53135496 8.36316253
103.03147924 71.45890993 8.59440182
102.86753446 71.39767741 8.83806652
102.70486573 71.33538097 9.08229244
102.54700073 71.26907941 9.32863107
102.38913574 71.20277784 9.57496969
102.23686670 71.13610065 9.82467609
102.08656973 71.06929108 10.07556931
101.94367751 71.00675097 10.33178123
101.80267596 70.94530098 10.58935119
101.66994383 70.88973336 10.85201777
101.55648908 70.84787851 11.12656546
101.45038321 70.81574439 11.40501608
101.35209699 70.79395370 11.68761968
101.25543175 70.77217335 11.97073321
101.17448223 70.75049314 12.25879078
101.09353270 70.72881292 12.54684835
101.01258318 70.70713271 12.83490592
100.93401379 70.66988535 13.12198404
100.85569050 70.63102832 13.40896089
100.77458786 70.60035667 13.69583694
100.68664764 70.58982220 13.98246502
100.59870742 70.57928773 14.26909309
100.51083486 70.56892821 14.55574391
100.42771755 70.57086288 14.84399317
100.34460024 70.57279756 15.13224243
100.26148293 70.57473224 15.42049169
100.18907043 70.57573729 15.71153103
100.12112787 70.57635417 16.00373542
100.06499912 70.60708441 16.29668524
100.00983534 70.64027433 16.58969594
99.95467155 70.67346426 16.88270665
99.89006350 70.71235619 17.17296029
99.82062205 70.75416629 17.46180290
99.75268880 70.79361410 17.75132577
99.68575178 70.83150153 18.04129799
99.61881476 70.86938896 18.33127020
99.55213214 70.91437488 18.62020443
99.48568000 70.96579159 18.90819832
99.41922785 71.01720830 19.19619220
99.34916336 71.07172034 19.48269706
99.27408392 71.13052955 19.76713472
99.19900447 71.18933876 20.05157239
99.12336507 71.22134820 20.33925880
99.04734877 71.23531958 20.62913183
98.97133248 71.24929097 20.91900486
98.91176038 71.20929606 21.20926865
98.85528156 71.15914970 21.49960596
98.79880274 71.10900334 21.78994326
98.75039814 71.03687450 22.07620873
98.70923316 70.94503542 22.35882325
98.66806818 70.85319633 22.64143778
98.62287178 70.72749500 22.90551530
98.57120141 70.54741516 23.13982471
98.52487478 70.36100891 23.36963960
98.49608052 70.15384616 23.58470829
98.46728627 69.94668341 23.79977698
98.44072699 69.72113076 23.99210333
98.41788559 69.46498640 24.14659766
98.39504420 69.20884204 24.30109199
98.35899597 68.93773510 24.42034188
98.34739766 68.64441257 24.47750354
98.34203018 68.34853393 24.52676434
98.33666271 68.05265528 24.57602513
98.34937039 67.75350209 24.59345564
98.36263570 67.45424788 24.60990416
98.36416165 67.16899264 24.55254625
98.35485045 66.89666050 24.42705425
98.34553925 66.62432836 24.30156225
98.36172506 66.39803254 24.11557577
98.39352473 66.19992845 23.89254368
98.42532440 66.00182437 23.66951158
98.43493901 65.80263478 23.44628738
98.42648544 65.60256113 23.22290673
98.43246186 65.40618428 22.99691596
98.45916968 65.21511859 22.76717528
98.48587751 65.02405290 22.53743460
98.51731898 64.84163596 22.30240350
98.56751205 64.69347965 22.04641526
98.61770512 64.54532335 21.79042703
98.68848648 64.37092003 21.55691730
98.75985742 64.19576507 21.32405128
98.83122836 64.02061012 21.09118527
98.99479550 63.92170002 20.86323785
99.16802309 63.83077896 20.63580582
99.34125068 63.73985790 20.40837378
99.53489781 63.66451474 20.19245829
99.73381749 63.59319396 19.97951650
99.93273716 63.52187318 19.76657471
100.14738318 63.46550823 19.56550118
100.37024545 63.41695699 19.37062826
100.59310773 63.36840576 19.17575534
100.83211642 63.30266101 19.00902420
101.08014718 63.22730910 18.85801775
101.32817795 63.15195719 18.70701129
101.57716070 63.07287309 18.55969902
101.82789898 62.98690663 18.41919903
102.07863726 62.90094018 18.27869904
102.30226982 62.74461008 18.17257238
102.50898186 62.54435603 18.08790299
102.71023668 62.33291100 18.02422260
102.90477868 62.10770022 17.98636027
103.09932069 61.88248943 17.94849794
103.28768834 61.65123541 17.92107858
103.46639635 61.41052690 17.90999696
103.64510436 61.16981839 17.89891534
103.81164264 60.92063568 17.90634622
103.97563697 60.66968152 17.91764695
104.13963129 60.41872736 17.92894769
104.29675342 60.16755260 17.97500899
104.45331494 59.91635984 18.02390597
104.59080352 59.65921846 18.08578989
104.68980499 59.39007340 18.17388007
104.78880647 59.12092835 18.26197024
104.88290755 58.85168365 18.35270457
104.91068176 58.58109037 18.47922772
104.93845597 58.31049708 18.60575087
104.96623018 58.03990379 18.73227401
104.94446046 57.76418971 18.84724477
104.91719871 57.48790798 18.96093492
104.88993695 57.21162624 19.07462507
104.79058531 56.97997791 19.23509718
104.68572142 56.75174240 19.39914640
104.58085753 56.52350689 19.56319563
104.47045392 56.34807038 19.77784699
104.35906352 56.18203893 20.00151208
104.24767313 56.01600748 20.22517717
104.09667958 55.90846717 20.45843318
103.93611790 55.81505834 20.69400636
103.77555622 55.72164950 20.92957954
103.55893130 55.71265550 21.13399791
103.33629281 55.71271616 21.33507450
103.11365433 55.71277682 21.53615109
102.87226179 55.74441608 21.70774277
102.62000692 55.79434564 21.86225682
102.36775204 55.84427521 22.01677086
102.12952540 55.93043315 22.16941279
101.91471621 56.07706746 22.31892958
101.69990703 56.22370177 22.46844637
101.48502148 56.37326855 22.61391539
101.26924172 56.55717401 22.71198586
101.05346197 56.74107947 22.81005632
100.83768222 56.92498493 22.90812679
100.66662197 57.13506947 23.03596343
100.49882717 57.34706562 23.16597363
100.33103237 57.55906178 23.29598383
100.21504189 57.79227620 23.43973146
100.12233661 58.03502788 23.58965385
100.01865359 58.27558257 23.73472351
99.89007269 58.51115442 23.86878700
99.76149179 58.74672626 24.00285050
99.61897331 58.97480869 24.13360377
99.44602326 59.18653856 24.25712944
99.27307322 59.39826843 24.38065511
99.10187461 59.61037004 24.50501246
99.03810293 59.84527237 24.68038158
98.97433125 60.08017471 24.85575071
98.91055957 60.31507705 25.03111984
98.87705599 60.52936888 25.23725782
98.84969358 60.73947899 25.44963858
98.82372544 60.94527142 25.66568067
98.81012291 61.11277086 25.91419466
98.79702279 61.27885429 26.16360516
98.79039217 61.42670396 26.42455999
98.78376154 61.57455363 26.68551482
98.77629129 61.74369986 26.93300383
98.76871163 61.91562119 27.17873813
98.76113197 62.08754253 27.42447244
98.80491591 62.26144284 27.66487908
98.84959885 62.43537779 27.90519248
98.89428180 62.60931274 28.14550587
98.97323562 62.81497098 28.34877880
99.05364555 63.02197708 28.55047796
99.13405547 63.22898318 28.75217712
99.22407154 63.44707080 28.93683443
99.31858541 63.67034702 29.11351239
99.41309927 63.89362324 29.29019034
99.51921541 64.11759021 29.45861412
99.63740860 64.34227622 29.61844594
99.75560179 64.56696222 29.77827776
99.88199962 64.79169606 29.93057066
100.02985520 65.01655502 30.06314689
100.17771079 65.24141398 30.19572312
100.33265985 65.47236978 30.30671631
100.49184601 65.70696736 30.40481747
100.66171274 65.93416175 30.50039227
100.85557221 66.14472570 30.59029187
101.04943168 66.35528965 30.68019146
101.24480324 66.56319012 30.77245429
101.44981342 66.75411252 30.87978118
101.65482360 66.94503492 30.98710807
101.85377014 67.12718917 31.11840937
102.05271148 67.30933593 31.24973116
102.25129204 67.48810613 31.38476681
102.44456137 67.61716974 31.57447447
102.63783069 67.74623335 31.76418212
102.83110001 67.87529697 31.95388978
