#spline3d 220
120.27200317 84.65119934 1.98099995
120.01365446 84.50727031 2.03140220
119.75530575 84.36334128 2.08180446
119.49860072 84.21775366 2.13559233
119.24322064 84.07082905 2.19210935
118.98243710 83.93037677 2.23573825
118.71341540 83.79979226 2.25971782
118.44439370 83.66920774 2.28369739
118.17410373 83.54140076 2.30766657
117.89916162 83.42378209 2.33159764
117.62421951 83.30616342 2.35552872
117.35016597 83.18467624 2.36287980
117.07636160 83.06210419 2.36558128
116.79975944 82.94706651 2.37780706
116.52120995 82.83727288 2.39666193
116.24234425 82.72823597 2.41484239
115.95946443 82.62880527 2.42446155
115.67658462 82.52937458 2.43408071
115.39370480 82.42994389 2.44369987
115.10269587 82.35778648 2.44326589
114.81073311 82.28882921 2.44165232
114.51877034 82.21987195 2.44003875
114.23067499 82.13715809 2.43527153
113.94504891 82.04566093 2.42849078
113.65942282 81.95416376 2.42171002
113.37532681 81.85867294 2.41020820
113.09268997 81.75937349 2.39420406
112.81005313 81.66007405 2.37819991
112.52644456 81.56311433 2.37216923
112.24165502 81.46899813 2.37825955
111.95686547 81.37488193 2.38434987
111.67437842 81.27580185 2.40177952
111.39305972 81.17420296 2.42496306
111.11174102 81.07260407 2.44814661
110.83689224 80.96010463 2.48826088
110.56483250 80.84290619 2.53567362
110.29277276 80.72570775 2.58308636
110.02373798 80.60763821 2.64369256
109.75481596 80.48953620 2.70479049
109.48088434 80.38956804 2.77265622
109.20241490 80.30602606 2.84665243
108.92394545 80.22248408 2.92064864
108.64899144 80.14592615 3.01274454
108.37455845 80.07040333 3.10752303
108.10900329 79.98177103 3.21526360
107.84380341 79.89261410 3.32352291
107.59420762 79.80505207 3.46396428
107.34839983 79.71787723 3.61221809
107.12385655 79.60694344 3.77458002
106.91527687 79.47817343 3.94753314
106.69508215 79.35930348 4.11229397
106.46567147 79.24828872 4.27055464
106.23626078 79.13727396 4.42881530
106.02043688 79.03657651 4.60980221
105.81342555 78.94257103 4.80552969
105.60641422 78.84856554 5.00125717
105.43786232 78.76768022 5.23523067
105.27306609 78.68807613 5.47293901
105.10826987 78.60847203 5.71064734
104.96635277 78.52332428 5.96072154
104.82677174 78.43761050 6.21205835
104.68719071 78.35189671 6.46339516
104.55886299 78.25276976 6.71547420
104.43646922 78.14656995 6.96794463
104.31700350 78.04297004 7.22284509
104.20039707 77.94190897 7.48011851
104.11823216 77.85349411 7.75428017
104.04170361 77.76714880 8.03120559
103.96517506 77.68080349 8.30813101
103.92282873 77.55715175 8.57733205
103.88632591 77.42712242 8.84521261
103.86038533 77.32883091 9.12667054
103.83806980 77.24143213 9.41278837
103.83055310 77.16162614 9.70086968
103.85382760 77.09761810 9.99303634
103.87710209 77.03361007 10.28520300
103.89829687 77.03687172 10.58375749
103.91930723 77.04609835 10.88287841
103.94031759 77.05532498 11.18199932
103.96068099 77.01289089 11.47762083
103.98094966 76.96289337 11.77273000
104.00186778 76.91429268 12.06796392
104.03294078 76.88753309 12.36514826
104.06401378 76.86077349 12.66233261
104.11771216 76.81878340 12.95402702
104.17923530 76.77152599 13.24382279
104.24075843 76.72426858 13.53361856
104.30945031 76.68386429 13.82265146
104.38603695 76.65100716 14.11084425
104.46262359 76.61815003 14.39903703
104.54372207 76.59640347 14.68684424
104.62849535 76.58370626 14.97433741
104.71326863 76.57100904 15.26183058
104.80074701 76.56097656 15.54861724
104.88562329 76.55073196 15.83611092
104.95700105 76.53927809 16.12727102
105.02837881 76.52782421 16.41843112
105.09631214 76.51793291 16.71032789
105.14484013 76.51684489 17.00637498
105.19336813 76.51575686 17.30242207
105.24392984 76.51536315 17.59807194
105.30919654 76.51998977 17.89084971
105.38020684 76.52164760 18.18196056
105.47817211 76.50937277 18.46524847
105.57613739 76.49709794 18.74853639
105.69580178 76.46591136 19.02066517
105.83035164 76.42175143 19.28513885
105.96490150 76.37759150 19.54961254
106.09826756 76.29338466 19.80060478
106.23022536 76.16153778 20.03555942
106.36218315 76.02969090 20.27051406
106.46858539 75.83743907 20.47079217
106.56752804 75.62755521 20.66094831
106.66647070 75.41767135 20.85110444
106.75157045 75.18579723 21.01771849
106.82279290 74.93187820 21.16073195
106.89401535 74.67795918 21.30374541
106.93806018 74.40031582 21.40588544
106.97714969 74.11834679 21.50057299
107.01623920 73.83637776 21.59526053
107.03385401 73.54248674 21.65251720
107.05104354 73.24835962 21.70903259
107.06823308 72.95423249 21.76554797
107.09271043 72.65722278 21.77701540
107.12086478 72.35875869 21.76575434
107.15444828 72.06099131 21.75296866
107.19532129 71.76415938 21.73813592
107.23619430 71.46732744 21.72330319
107.26851588 71.16989893 21.71318701
107.26607816 70.87004547 21.72224239
107.26364044 70.57019201 21.73129777
107.26120272 70.27033856 21.74035316
107.22543330 69.97271960 21.73534394
107.18666638 69.67530160 21.72906990
107.11136186 69.38503802 21.72534780
107.05066407 69.09244287 21.71927485
107.02908044 68.79346105 21.70726712
107.00749680 68.49447923 21.69525940
106.98572204 68.19552865 21.68321751
106.91666185 67.90430558 21.66272168
106.84760165 67.61308252 21.64222586
106.77854146 67.32185945 21.62173003
106.67664247 67.04018778 21.61713498
106.56882645 66.76023712 21.61540498
106.46101043 66.48028646 21.61367498
106.33404565 66.20905440 21.61723162
106.19485565 65.94338861 21.62416343
106.00986099 65.70911246 21.62407991
105.80876792 65.48737762 21.62642133
105.57920322 65.29922749 21.67000745
105.34963852 65.11107735 21.71359358
105.12007381 64.92292722 21.75717970
104.90236401 64.75176024 21.86925948
104.68637308 64.58305570 21.99127040
104.47138931 64.42183223 22.12231300
104.26088895 64.29391117 22.29356076
104.05038859 64.16599012 22.46480852
103.83259877 64.07910732 22.64480541
103.60427983 64.05150144 22.83743981
103.37596088 64.02389556 23.03007421
103.14902070 64.02464668 23.22334205
102.92403807 64.06565881 23.41750925
102.70005743 64.11269831 23.61131162
102.47769765 64.16948801 23.80452383
102.26435711 64.25079585 23.99631168
102.06540831 64.37122664 24.18582673
101.86645950 64.49165744 24.37534178
101.67347582 64.62974169 24.55584824
101.49591428 64.81346686 24.71306404
101.31835273 64.99719203 24.87027985
101.14529872 65.18290225 25.02947894
101.00733581 65.38406606 25.20411792
100.88420979 65.59156133 25.38089318
100.79110837 65.81186921 25.56199148
100.69800694 66.03217710 25.74308979
100.61867912 66.25682265 25.92426830
100.56681580 66.49011748 26.10560673
100.51495247 66.72341232 26.28694517
100.46603410 66.95777790 26.46735836
100.45319636 67.20526199 26.63643585
100.44035862 67.45274607 26.80551333
100.42972078 67.70174319 26.97221537
100.43596567 67.96235180 27.12068749
100.45226308 68.21467968 27.28120863
100.47807946 68.45916636 27.45313924
100.51865310 68.70518088 27.61812961
100.59273360 68.95466442 27.76736196
100.66681409 69.20414796 27.91659430
100.75662814 69.45904231 28.04493840
100.85726114 69.71765732 28.15891899
100.95789415 69.97627233 28.27289958
101.08226598 70.22551247 28.38351221
101.21293649 70.47226516 28.49323122
101.34360700 70.71901784 28.60295022
101.48633692 70.96323117 28.70144397
101.64152453 71.20482127 28.78834173
101.79671214 71.44641137 28.87523949
101.94999437 71.69047499 28.95851155
102.10299004 71.93491064 29.04123829
102.27161241 72.16808996 29.12488674
102.44851925 72.39530176 29.20902381
102.62542609 72.62251356 29.29316089
102.80171919 72.84322393 29.39194328
102.97693835 73.05255798 29.51635233
103.15215751 73.26189203 29.64076138
103.34207416 73.45397982 29.76973958
103.54294882 73.63320930 29.90212442
103.74382349 73.81243879 30.03450925
103.95518015 73.98824111 30.15443512
104.16818474 74.16345767 30.27240014
104.41098431 74.31935751 30.35452322
104.65413633 74.47218701 30.44060087
104.89884680 74.61144033 30.54416461
105.14277066 74.75029236 30.64929123
105.34524355 74.86799854 30.83677607
105.54771643 74.98570472 31.02426090
105.75018931 75.10341090 31.21174574
105.92146513 75.19733271 31.43818148
106.08692646 75.28682161 31.67187687
106.25238778 75.37631051 31.90557226
