#spline3d 225
115.35500336 77.78440094 0.72211403
115.18344465 77.53847680 0.73154402
115.00737857 77.29600723 0.72641090
114.82793847 77.05612359 0.71037653
114.64849838 76.81623995 0.69434216
114.46246055 76.58098800 0.68997766
114.27552460 76.34636654 0.68720171
114.09057906 76.11031805 0.68871836
113.91165970 75.86994910 0.70323140
113.73274034 75.62958014 0.71774445
113.53687380 75.40391037 0.71599510
113.32541412 75.19176535 0.69928269
113.11395444 74.97962032 0.68257027
112.90065086 74.76919841 0.66801805
112.68527264 74.56071522 0.65589632
112.46602699 74.35633382 0.64742046
112.23925468 74.15993514 0.64604001
112.01103581 73.96544223 0.64708339
111.77189343 73.78534037 0.66642980
111.53275105 73.60523852 0.68577621
111.29340911 73.42563419 0.70660307
111.05213553 73.25084558 0.74175959
110.81086195 73.07605697 0.77691610
110.56888049 72.90320915 0.81511040
110.32114059 72.74614950 0.87801668
110.07340069 72.58908986 0.94092297
109.84226119 72.41942601 1.02487562
109.62513490 72.23912233 1.12659455
109.40800862 72.05881865 1.22831349
109.19348203 71.88405486 1.34329539
108.98157637 71.71487624 1.47164866
108.76967072 71.54569763 1.60000194
108.55808960 71.38795725 1.74189603
108.34673310 71.23813308 1.89316147
108.13537661 71.08830891 2.04442692
107.92898306 70.92946744 2.19294005
107.72761856 70.76148859 2.33866422
107.52582388 70.59618501 2.48664977
107.32216466 70.44247695 2.64443682
107.11850543 70.28876888 2.80222388
106.91484621 70.13506081 2.96001093
106.68355305 70.00773357 3.10153628
106.44806420 69.88441173 3.24059259
106.21257536 69.76108990 3.37964891
105.97909432 69.66299264 3.53790118
105.74724487 69.58539356 3.71175262
105.51539543 69.50779447 3.88560405
105.31485991 69.43514136 4.09597729
105.11767319 69.36301719 4.31025627
104.92761697 69.29589388 4.53230373
104.74112131 69.23126773 4.75823032
104.55462565 69.16664157 4.98415691
104.38194510 69.09200304 5.21765712
104.21275639 69.01483383 5.45307161
104.04356769 68.93766461 5.68848609
103.87895204 68.86736802 5.92907579
103.71802739 68.80261846 6.17384251
103.55710274 68.73786891 6.41860924
103.40949297 68.67504337 6.67207900
103.26277537 68.61234676 6.92613191
103.12090487 68.55195367 7.18320965
102.99644924 68.49983678 7.45115512
102.87199361 68.44771989 7.71910059
102.74711635 68.41078726 7.98912509
102.62200858 68.38215597 8.26028620
102.49790154 68.35604795 8.53212099
102.37657641 68.33695445 8.80582854
102.25773861 68.31809779 9.08060191
102.14622672 68.29993871 9.35851448
102.03471484 68.28177964 9.63642704
101.92749511 68.26916708 9.91609448
101.83103490 68.27045847 10.20016104
101.73457469 68.27174985 10.48422760
101.63796546 68.27414604 10.76816438
101.53652184 68.31238467 11.04789092
101.43507821 68.35062330 11.32761747
101.34841594 68.38558933 11.61225767
101.27616338 68.41736505 11.90168799
101.20391082 68.44914076 12.19111831
101.10480674 68.46360201 12.47376872
101.00374347 68.47679992 12.75592445
100.90042405 68.52279962 13.03264595
100.79581593 68.58753544 13.30626345
100.69120780 68.65227126 13.57988096
100.59520908 68.72132651 13.85525034
100.51604059 68.79882570 14.13404440
100.43687210 68.87632488 14.41283846
100.35596531 68.96067690 14.68893617
100.27175557 69.05805003 14.95991052
100.18754583 69.15542315 15.23088486
100.08610940 69.27449017 15.48567302
99.97435322 69.40655306 15.73076474
99.86259703 69.53861596 15.97585645
99.74135498 69.71049713 16.18884272
99.61873212 69.88817447 16.39715553
99.49530628 70.06402279 16.60647072
99.36698798 70.22872691 16.82189332
99.23866967 70.39343103 17.03731591
99.11035137 70.55813515 17.25273851
98.98437820 70.72736826 17.46600957
98.85889711 70.89755167 17.67882918
98.73341601 71.06773507 17.89164879
98.62172284 71.24905103 18.10229196
98.52207941 71.44009612 18.31103306
98.42243597 71.63114121 18.51977416
98.33287364 71.81302732 18.74047014
98.24912217 71.98963409 18.96805704
98.16537069 72.16624086 19.19564394
98.07882795 72.32336493 19.43385892
97.98628167 72.43858524 19.69493295
97.89373539 72.55380556 19.95600699
97.79677689 72.62758126 20.22918988
97.69858345 72.68975697 20.50576195
97.60039001 72.75193268 20.78233402
97.48656216 72.76018335 21.05691056
97.36489471 72.74139429 21.33048649
97.24754779 72.67090175 21.59723584
97.13036671 72.59842467 21.86372316
97.01318564 72.52594758 22.13021049
96.89973788 72.37747914 22.36453516
96.78638771 72.22702425 22.59801909
96.62846593 72.06980240 22.79561038
96.45309805 71.90993184 22.97915267
96.27773016 71.75006127 23.16269495
96.12092013 71.53024937 23.29058547
95.95903265 71.30458496 23.40095363
95.77126056 71.08049440 23.46821880
95.59193803 70.85049635 23.53381767
95.46225475 70.58579320 23.58962736
95.36265857 70.30770330 23.63612894
95.27806894 70.02293646 23.67798790
95.18972068 69.73728587 23.68171942
95.09987742 69.45128377 23.67028580
95.01003416 69.16528166 23.65885219
94.93087343 68.88081006 23.61327184
94.85780590 68.59721143 23.54821458
94.81653720 68.34175508 23.40278962
94.78254457 68.09273810 23.23897529
94.74855193 67.84372113 23.07516097
94.75339163 67.58174657 22.93426794
94.78460753 67.31097079 22.80894383
94.82092648 67.04140118 22.68256701
94.86476122 66.77360804 22.55463976
94.91109208 66.50834625 22.42337194
94.98452790 66.27057189 22.25582928
95.05796372 66.03279754 22.08828663
95.16233063 65.79563496 21.93982464
95.28590684 65.55885232 21.80321241
95.40948304 65.32206967 21.66660018
95.57730396 65.10694041 21.54333197
95.75124501 64.89480635 21.42190958
95.94494741 64.69985907 21.30216993
96.14259585 64.50834372 21.18276631
96.34024429 64.31682838 21.06336268
96.55301920 64.13447855 20.95850223
96.77963988 63.96051820 20.86695362
97.00626056 63.78655786 20.77540501
97.24244613 63.61539492 20.71838611
97.49098867 63.44784597 20.70597646
97.73736148 63.27858187 20.70551746
97.97436363 63.10191034 20.75667133
98.21136578 62.92523881 20.80782519
98.44607706 62.76902148 20.90612210
98.68005730 62.61933128 21.01946280
98.91403754 62.46964109 21.13280350
99.14015491 62.34652587 21.28649642
99.36597003 62.22443222 21.44174051
99.59178516 62.10233857 21.59698459
99.81109230 62.01625999 21.78033445
100.02771672 61.94502757 21.97527008
100.24164379 61.87429491 22.17310328
100.43962615 61.80651652 22.38806469
100.60303671 61.79388095 22.63598236
100.75557287 61.79859028 22.89426627
100.87505881 61.83954213 23.16456899
100.98181130 61.89445734 23.43950226
101.08856380 61.94937254 23.71443554
101.17709651 62.03454253 23.98698906
101.25657581 62.13474611 24.25836009
101.33249335 62.23685242 24.52928030
101.31930719 62.38655879 24.78892251
101.30612104 62.53626516 25.04856471
101.28977967 62.68946201 25.30580262
101.26300926 62.85419608 25.55509348
101.23623885 63.01893015 25.80438434
101.21126258 63.18352158 26.05394379
101.18953028 63.34785508 26.30398886
101.16779799 63.51218859 26.55403393
101.13604416 63.68018530 26.80033410
101.09605833 63.85119109 27.04355809
101.05607251 64.02219688 27.28678208
101.02010685 64.19771150 27.52712567
100.99633496 64.38690209 27.75873257
100.97256306 64.57609268 27.99033947
100.94970641 64.76563725 28.22174394
100.92895207 64.95599493 28.45268341
100.90819774 65.14635261 28.68362287
100.89405401 65.33580225 28.91533477
100.91188815 65.52085937 29.15078318
100.92972228 65.70591649 29.38623159
100.94755642 65.89097360 29.62168000
100.96155053 66.05813019 29.87024133
100.97493584 66.22244880 30.12088161
101.00253827 66.37890854 30.37475575
101.04603973 66.52657968 30.63224632
101.08821123 66.67795093 30.88774525
101.12841471 66.83479744 31.14029703
101.17012440 67.01458055 31.37653808
101.21207724 67.19806632 31.61014610
101.25403007 67.38155208 31.84375412
101.28362658 67.54838746 32.09082893
101.30829080 67.70857649 32.34327928
101.33295503 67.86876551 32.59572964
101.35610092 68.04997437 32.83313222
101.37864015 68.23958180 33.06452238
101.40117939 68.42918922 33.29591255
101.42263184 68.64851472 33.49910786
101.44398881 68.87045145 33.69982578
101.47042460 69.09849438 33.89285512
101.49819277 69.32827297 34.08370695
101.51111143 69.54907918 34.28638267
101.52403009 69.76988539 34.48905840
101.55809242 70.00314032 34.67233819
101.61031310 70.24708633 34.83896059
101.66253378 70.49103234 35.00558299
