#spline3d 215
59.87519836 86.12090302 3.01311994
59.99522532 85.94348566 3.22315948
60.11525227 85.76606831 3.43319902
60.23527923 85.58865095 3.64323856
60.38382966 85.39666305 3.81860169
60.53649153 85.20257492 3.98896649
60.68915340 85.00848679 4.15933128
60.84343249 84.81277432 4.32630898
60.99897136 84.61579652 4.49064824
61.15451022 84.41881872 4.65498749
61.34027704 84.21451711 4.76968848
61.53128716 84.00894512 4.87577930
61.73033526 83.81098271 4.98082332
61.93955883 83.62265346 5.08454217
62.15097224 83.43639854 5.18711163
62.38192878 83.26865583 5.27942348
62.61288532 83.10091312 5.37173532
62.84384186 82.93317042 5.46404717
63.08792377 82.77174879 5.53006615
63.33212953 82.61038680 5.59583704
63.57680356 82.44929238 5.66034813
63.82683369 82.29125833 5.71044941
64.07686382 82.13322428 5.76055068
64.33298634 81.98548399 5.80953895
64.59646187 81.85016744 5.85718391
64.85993740 81.71485088 5.90482887
65.12170923 81.57579365 5.94926915
65.37321884 81.41420460 5.97440608
65.62472844 81.25261555 5.99954301
65.86862856 81.07803044 6.00240212
66.11226980 80.90300320 6.00450335
66.35591105 80.72797596 6.00660457
66.60335771 80.55839601 6.00750616
66.85179915 80.39024005 6.00809415
67.10295724 80.22631505 6.00999716
67.35859103 80.06936063 6.01406669
67.61431637 79.91583886 6.03510429
67.87022281 79.76910835 6.08971211
68.12612925 79.62237784 6.14431994
68.38075911 79.47477995 6.20225734
68.63332973 79.32578290 6.26556564
68.88590035 79.17678585 6.32887395
69.13717661 79.02586567 6.39244769
69.37854084 78.86021837 6.45805410
69.62022197 78.69537731 6.52444696
69.86411836 78.53617239 6.59633742
70.11132811 78.38083396 6.66481951
70.36449010 78.23244144 6.72717871
70.61765208 78.08404891 6.78953791
70.86249634 77.92297731 6.85360603
71.10725267 77.76177168 6.91769222
71.35189681 77.60033006 6.98160456
71.59538241 77.43645160 7.04372178
71.83886801 77.27257313 7.10583900
72.08141641 77.10782656 7.16889737
72.30444719 76.92500128 7.25155553
72.52747798 76.74217599 7.33421370
72.74588036 76.56232808 7.43267868
72.95998954 76.38524191 7.54580576
73.17409871 76.20815575 7.65893285
73.38252154 76.05614194 7.80969790
73.58896898 75.91283804 7.97353806
73.79541641 75.76953415 8.13737822
73.98877989 75.64241384 8.32495128
74.16549887 75.53588116 8.54271568
74.34221785 75.42934847 8.76048009
74.50598002 75.31699663 8.98419513
74.64183937 75.19211309 9.22072500
74.77769873 75.06722955 9.45725487
74.90858729 74.94185364 9.69612844
75.02501754 74.81504560 9.94181901
75.14144780 74.68823757 10.18750958
75.23576324 74.57664967 10.44863623
75.31934339 74.47245015 10.71725609
75.40292354 74.36825063 10.98587594
75.46855838 74.26197443 11.25859030
75.53291015 74.15554975 11.53159742
75.58995640 74.07386580 11.81416059
75.64736126 74.00209460 12.09961486
75.71958669 73.94366375 12.38486807
75.79181211 73.88523290 12.67012129
75.86350939 73.82992139 12.95597313
75.93067496 73.80137527 13.24696146
75.99905708 73.77565842 13.53789511
76.07005180 73.75601752 13.82871131
76.14104651 73.73637662 14.11952752
76.20988349 73.72218570 14.41094298
76.27019618 73.72952527 14.70472581
76.33050886 73.73686484 14.99850864
76.40433531 73.77497264 15.28609851
76.48267004 73.82334494 15.57162235
76.56100477 73.87171723 15.85714620
76.64290372 73.93555318 16.13819992
76.72777161 74.01227017 16.41553007
76.81263950 74.08898715 16.69286022
76.89887774 74.16974934 16.96849670
76.98933533 74.26296675 17.23891838
77.07868150 74.36179594 17.50729474
77.16127961 74.49469796 17.76325259
77.24387771 74.62759998 18.01921045
77.35502337 74.74530288 18.27089612
77.47815536 74.85662410 18.52078801
77.60128736 74.96794531 18.77067991
77.75745394 75.05789449 19.00982517
77.92018387 75.14359744 19.24683529
78.09622168 75.20742937 19.47748065
78.30550948 75.21661616 19.69222356
78.51692176 75.21541958 19.90389640
78.73702884 75.17172722 20.10300438
78.95705036 75.11287475 20.29615097
79.17680698 75.00708915 20.47084214
79.38818994 74.88077496 20.64032967
79.58929613 74.72926660 20.80343091
79.78260747 74.55803448 20.95378343
79.96694849 74.36410422 21.08946470
80.12831900 74.14725092 21.21451502
80.26414843 73.90490933 21.32774473
80.39997787 73.66256774 21.44097444
80.50146747 73.39327374 21.52380090
80.59906576 73.12092554 21.60318213
80.68545910 72.84391459 21.67331123
80.72935556 72.54921925 21.70834990
80.77325202 72.25452390 21.74338858
80.77588637 71.95679475 21.75050250
80.75699849 71.65748318 21.74305092
80.73811060 71.35817161 21.73559933
80.67824228 71.07016706 21.69789422
80.58755592 70.79066560 21.63743788
80.49668279 70.51132750 21.57668503
80.37902562 70.25541620 21.47340935
80.26136845 69.99950490 21.37013366
80.13678011 69.74646633 21.26885372
79.99019066 69.50254647 21.17390869
79.84360121 69.25862661 21.07896366
79.68045737 69.02167494 20.99918900
79.49113508 68.79574248 20.94340417
79.30181279 68.56981002 20.88761934
79.14721686 68.31364965 20.87835397
78.99583008 68.05469584 20.87338756
78.84444330 67.79574203 20.86842116
78.69115620 67.54020278 20.89918657
78.53749236 67.28534045 20.93703562
78.38382853 67.03047812 20.97488467
78.22584081 66.78561430 21.04310493
78.06607794 66.54485535 21.12379407
77.90571061 66.30387681 21.20235642
77.74051877 66.06114549 21.26394349
77.58098802 65.82312717 21.35148613
77.42327306 65.58662055 21.44735399
77.29446439 65.35852472 21.58429674
77.19494057 65.13894984 21.76285229
77.09541675 64.91937496 21.94140784
77.03529458 64.70617010 22.14269951
76.98284201 64.49420519 22.34841681
76.93038944 64.28224027 22.55413411
76.88759841 64.08615332 22.77631877
76.85033513 63.89915081 23.00792507
76.82160932 63.71660532 23.24305236
76.83892192 63.55809440 23.49716663
76.85846602 63.40227180 23.75199862
76.94773739 63.33045011 24.02925719
77.03700876 63.25862842 24.30651576
77.14038789 63.21171187 24.58032589
77.28008236 63.22890462 24.84525925
77.41977682 63.24609737 25.11019261
77.60456673 63.34129236 25.32257666
77.79633599 63.44855964 25.52682772
77.98810525 63.55582691 25.73107879
78.16946326 63.68270848 25.93323018
78.34777615 63.81532690 26.13476744
78.53380727 63.94354019 26.33189832
78.72716321 64.06757290 26.52484741
78.92089494 64.19227292 26.71692963
79.12090512 64.32812150 26.89452904
79.32446379 64.46818496 27.06445672
79.53084433 64.61160021 27.22828363
79.73722486 64.75501546 27.39211054
79.93182755 64.92643755 27.53865236
80.11419050 65.12696479 27.66723121
80.29655346 65.32749203 27.79581006
80.49967637 65.50427885 27.92788606
80.67952914 65.69339293 28.07130809
80.82348052 65.90235362 28.23134993
80.96743190 66.11131432 28.39139177
81.06705136 66.33565291 28.56314910
81.16198187 66.56161800 28.73614556
81.25691237 66.78758310 28.90914202
81.31465263 67.00457683 29.10585972
81.35620809 67.21766630 29.31290065
81.39776355 67.43075578 29.51994157
81.42637547 67.63919143 29.73312700
81.43857318 67.84172536 29.95410451
81.45077089 68.04425929 30.17508202
81.43051645 68.23510765 30.40483079
81.40047109 68.42243042 30.63722588
81.36925483 68.61150781 30.86786629
81.32554931 68.81930053 31.07979061
81.28184379 69.02709326 31.29171494
81.23440369 69.22945839 31.50752512
81.17268601 69.41107341 31.73819126
81.11096832 69.59268844 31.96885740
81.03829444 69.76391177 32.20300387
80.93931576 69.91018565 32.44550625
80.84033708 70.05645953 32.68800863
80.74135839 70.20273341 32.93051102
80.59111966 70.28107132 33.17789343
80.44021925 70.35853230 33.42533883
80.29099296 70.42595598 33.67647259
80.13064752 70.46651572 33.92329559
79.92695984 70.45036289 34.14295482
79.72327216 70.43421006 34.36261405
79.51958447 70.41805723 34.58227328
79.28819034 70.38256004 34.76925129
79.05383234 70.34499350 34.95273326
78.81947434 70.30742697 35.13621523
