#spline3d 238
58.07350159 87.03410339 4.00124979
58.31447941 86.86974725 4.07136932
58.55545723 86.70539111 4.14148885
58.79346633 86.53615491 4.20938921
59.02354441 86.35388157 4.27136102
59.25362250 86.17160822 4.33333284
59.48370059 85.98933488 4.39530465
59.70163558 85.79288471 4.45783804
59.91952819 85.59638506 4.52037339
60.13963067 85.40199895 4.58157848
60.36427477 85.21195648 4.64004968
60.58891886 85.02191401 4.69852088
60.81437419 84.83283993 4.75686029
61.04857735 84.65420834 4.81377852
61.28278051 84.47557674 4.87069676
61.52453947 84.30413631 4.90841356
61.77798057 84.14381425 4.91644268
62.03142167 83.98349219 4.92447180
62.28727430 83.82776941 4.92130163
62.54755465 83.68049125 4.89756871
62.80783500 83.53321309 4.87383579
63.06764873 83.38545652 4.84891039
63.31659486 83.22655802 4.79621248
63.56554098 83.06765953 4.74351457
63.80212976 82.88991924 4.69877234
64.02936415 82.69791589 4.66005249
64.25659854 82.50591254 4.62133264
64.48587786 82.31437074 4.59760879
64.71676153 82.12319103 4.58565007
64.94814854 81.93265079 4.57333542
65.18131322 81.74436900 4.55976367
65.41447791 81.55608720 4.54619192
65.66737106 81.39581253 4.53697824
65.92476647 81.24192942 4.52875913
66.18688446 81.09673740 4.52424478
66.45717530 80.96658610 4.52614185
66.72424629 80.83050343 4.53075266
66.98319966 80.67946701 4.54220514
67.24215304 80.52843060 4.55365762
67.50164277 80.37818662 4.56183473
67.76228366 80.22964340 4.56298216
68.02292454 80.08110018 4.56412959
68.27422094 79.92027131 4.58680255
68.51925558 79.75120982 4.62389978
68.76429023 79.58214834 4.66099700
69.01391555 79.42154664 4.70428430
69.26425812 79.26226671 4.74853875
69.51460070 79.10298678 4.79279319
69.77215757 78.95700679 4.83920625
70.03589345 78.82241812 4.88746816
70.29962934 78.68782946 4.93573007
70.55354281 78.53646529 4.98503878
70.80264845 78.37688990 5.03485987
71.05175408 78.21731451 5.08468096
71.30344739 78.06747074 5.14873025
71.55594997 77.92067042 5.21722923
71.80845255 77.77387009 5.28572821
72.06268795 77.64783016 5.38253147
72.31300912 77.52201269 5.48945382
72.55930198 77.39462253 5.60395859
72.79787000 77.26259908 5.72822097
73.02706831 77.12495575 5.86431865
73.25626662 76.98731243 6.00041634
73.48572559 76.86188016 6.14611459
73.71560305 76.75605317 6.30722688
73.94548051 76.65022619 6.46833918
74.17408121 76.54721111 6.63286261
74.39895516 76.45240368 6.80734281
74.62306263 76.35922307 6.98364162
74.84576107 76.26903306 7.16328366
75.06845951 76.17884306 7.34292570
75.27681930 76.10106137 7.54374523
75.48149333 76.02646923 7.75000844
75.68616736 75.95187710 7.95627165
75.88058587 75.90097313 8.17890311
76.07450332 75.85122653 8.40233429
76.26317801 75.81204944 8.63148147
76.44091272 75.79492762 8.87255614
76.61864743 75.77780580 9.11363080
76.78324917 75.75642779 9.36349209
76.95234528 75.74775505 9.61103633
77.12282809 75.74242110 9.85783002
77.29331090 75.73708715 10.10462371
77.43369338 75.74918520 10.36857210
77.56451859 75.76681814 10.63796736
77.66879895 75.77084414 10.91785637
77.75259723 75.76437098 11.20584239
77.83639550 75.75789782 11.49382840
77.91929528 75.75995025 11.78186994
78.00029359 75.78004485 12.07002897
78.08129191 75.80013945 12.35818801
78.12947966 75.81569088 12.65239895
78.15231230 75.82773146 12.95128664
78.17514494 75.83977204 13.25017432
78.18496518 75.84157985 13.54942927
78.17832535 75.83044370 13.84914877
78.15710683 75.82340751 14.14807818
78.12692033 75.81889338 14.44652156
78.09064605 75.82230347 14.74410989
78.04748796 75.83467391 15.04073135
78.00432987 75.84704436 15.33735282
77.94352510 75.85893631 15.63031796
77.86465552 75.87033844 15.91954014
77.78578593 75.88174056 16.20876232
77.70662298 75.87649190 16.49662729
77.62657796 75.82117889 16.78041149
77.54653294 75.76586589 17.06419568
77.44928926 75.67915746 17.33268412
77.34138311 75.57298513 17.59168981
77.23347696 75.46681281 17.85069551
77.12188648 75.33949930 18.09738597
77.00739021 75.19551202 18.33436358
76.89289394 75.05152473 18.57134119
76.74894596 74.87790931 18.76577729
76.59397025 74.69320011 18.94428440
76.43899454 74.50849090 19.12279150
76.30134509 74.29138354 19.27269551
76.17524813 74.05267429 19.40352803
76.04915117 73.81396505 19.53436056
75.93924983 73.55980977 19.64691800
75.84210213 73.29349111 19.74508426
75.74495442 73.02717245 19.84325052
75.66988511 72.74716359 19.90912617
75.61564073 72.45424175 19.94454443
75.56139635 72.16131991 19.97996269
75.51639938 71.86533401 19.98775785
75.47471299 71.56825117 19.98566391
75.43441029 71.27163729 19.97614959
75.40150141 70.97752934 19.92698426
75.36859253 70.68342138 19.87781893
75.33389934 70.39016850 19.82499462
75.29833583 70.09733269 19.77038559
75.26277231 69.80449689 19.71577656
75.25410278 69.50756094 19.69665082
75.26410450 69.20777845 19.70215951
75.28620852 68.91268946 19.67046319
75.31945118 68.62192027 19.60452430
75.35269385 68.33115108 19.53858542
75.40292129 68.04243055 19.47819855
75.47786977 67.75669182 19.42589256
75.56596571 67.47350023 19.39047008
75.67633828 67.19462443 19.38365449
75.79574473 66.92040234 19.39657631
75.92206735 66.64974305 19.42460869
76.04838996 66.37908376 19.45264108
76.16838901 66.10795597 19.49714718
76.28617846 65.83666447 19.54740962
76.40223157 65.57217201 19.62322336
76.51623837 65.31569235 19.72914976
76.63024518 65.05921268 19.83507616
76.74374285 64.80579850 19.94732861
76.85417876 64.57081881 20.09762317
76.96461467 64.33583913 20.24791774
77.08326859 64.11256433 20.40640817
77.23067005 63.93023455 20.59356864
77.38464352 63.74925363 20.77639127
77.55036824 63.57068459 20.95145751
77.73680143 63.42359780 21.13258818
77.93460224 63.29379277 21.31704783
78.14289406 63.18626085 21.50239036
78.36327362 63.10439208 21.68875015
78.58365319 63.02252330 21.87510994
78.79696041 62.98090729 22.07805259
79.00451515 62.97203190 22.29448335
79.21206988 62.96315652 22.51091410
79.40110140 62.97888683 22.74107047
79.57306635 63.01728786 22.98387306
79.74503130 63.05568890 23.22667566
79.90906827 63.11648376 23.46767921
80.05476433 63.22908541 23.70452076
80.20046040 63.34168707 23.94136232
80.34371609 63.45834974 24.17765075
80.48313684 63.58139411 24.41307000
80.62255759 63.70443847 24.64848924
80.75221400 63.82630316 24.88963449
80.86774152 63.94646088 25.13906519
80.98326905 64.06661860 25.38849588
81.09198270 64.18590842 25.64131192
81.19656112 64.30467153 25.89618248
81.29017228 64.43845253 26.14713883
81.37283638 64.58722382 26.39418817
81.45550048 64.73599510 26.64123750
81.51901355 64.89986778 26.88368501
81.57223372 65.07185686 27.12365921
81.59418934 65.26782287 27.34509047
81.58178839 65.49013710 27.54614493
81.56938744 65.71245133 27.74719938
81.52406281 65.94370301 27.92834340
81.44380726 66.18443701 28.08836310
81.36355171 66.42517102 28.24838281
81.28014258 66.66452110 28.40872748
81.18508940 66.89876128 28.57027206
81.09003621 67.13300147 28.73181663
80.99498303 67.36724165 28.89336121
80.88996390 67.59118643 29.06306101
80.78414233 67.81430223 29.23341746
80.64321648 68.02260369 29.39451665
80.48408305 68.22322138 29.55081436
80.32494961 68.42383906 29.70711206
80.13251501 68.60501669 29.84785905
79.93365223 68.78244178 29.98560425
79.73478945 68.95986687 30.12334945
79.51349469 69.12293348 30.24001115
79.27610166 69.27569575 30.34154231
79.03870863 69.42845803 30.44307348
78.79662529 69.56951362 30.54962552
78.55083415 69.70131484 30.66014665
78.30468198 69.83306999 30.76987546
78.05423351 69.96427684 30.87017561
77.80304532 70.09504232 30.96900323
77.54225633 70.22007915 31.04871893
77.28044855 70.34423514 31.12606914
77.01057050 70.46141372 31.18468161
76.74069246 70.57859231 31.24329408
76.47084061 70.70928366 31.24483640
76.20098949 70.84035562 31.24477126
75.93113837 70.97142758 31.24470612
75.65733962 71.09398553 31.24296393
75.38309228 71.21557598 31.24103117
75.10883789 71.33713741 31.23913001
74.82223614 71.40778623 31.29268451
74.53563439 71.47843505 31.34623901
74.24903264 71.54908387 31.39979351
73.96070919 71.55538898 31.47641954
73.67203303 71.54851257 31.55777204
73.38211423 71.53358229 31.63202944
73.08996697 71.50420882 31.69356306
72.79930884 71.49502421 31.76456518
72.50981785 71.50166286 31.84298835
72.22032685 71.50830152 31.92141151
71.93324403 71.51438015 32.00765519
71.65004119 71.51955648 32.10649902
71.36752608 71.52235048 32.20732924
71.08578698 71.52245638 32.31040078
70.80404787 71.52256228 32.41347232
70.54589004 71.53160145 32.56148070
70.29987224 71.54523961 32.73262328
70.05385444 71.55887778 32.90376587
