#spline3d 205
63.06729889 85.40930176 3.38972998
63.27289373 85.22766345 3.51038802
63.47154513 85.02996739 3.61741083
63.67019653 84.83227133 3.72443365
63.87052283 84.63440266 3.82786172
64.07297466 84.43631492 3.92672788
64.28097350 84.23958254 4.01566737
64.49415870 84.04411738 4.09532560
64.70734391 83.84865223 4.17498384
64.92612371 83.65151200 4.23070906
65.14643234 83.45391404 4.27989417
65.38155421 83.27097871 4.31317180
65.61979981 83.09113535 4.34309494
65.85805759 82.91130998 4.37301589
66.11662154 82.76145888 4.39927093
66.37518548 82.61160778 4.42552596
66.63374943 82.46175668 4.45178100
66.89714691 82.32050699 4.47716111
67.16183387 82.18155197 4.50230781
67.42289124 82.03462746 4.51271755
67.68204802 81.88352986 4.51541052
67.94099372 81.73213220 4.51775721
68.18306171 81.55674381 4.49241772
68.42666032 81.38325602 4.46917363
68.67343429 81.21371116 4.45027661
68.92020826 81.04416631 4.43137958
69.17203426 80.88453418 4.40133452
69.42790282 80.73283408 4.36236898
69.68377137 80.58113397 4.32340344
69.93708568 80.42350588 4.29292499
70.18913538 80.26294289 4.26664847
70.44128911 80.10251104 4.24096279
70.69905670 79.94915714 4.24716421
70.95682429 79.79580323 4.25336564
71.21293793 79.63969277 4.25488022
71.46736157 79.48076571 4.25160584
71.72178521 79.32183864 4.24833146
71.97832420 79.16642159 4.24787289
72.23768513 79.01568700 4.25117072
72.49685766 78.86464151 4.25321178
72.75486305 78.71166995 4.24746714
73.01286844 78.55869839 4.24172250
73.27087383 78.40572683 4.23597787
73.52891381 78.25271188 4.23534731
73.78695548 78.09969480 4.23496673
74.05568676 77.96811182 4.23825909
74.33276524 77.85326606 4.24441954
74.60984371 77.73842030 4.25057998
74.88293913 77.61519240 4.25958232
75.14957908 77.47837930 4.27319063
75.41637897 77.34237013 4.28889601
75.68546775 77.21786566 4.33461173
75.95455653 77.09336119 4.38032745
76.21932133 76.96417757 4.43296719
76.46258182 76.81172324 4.52004190
76.70584231 76.65926890 4.60711662
76.94245814 76.50236636 4.70199555
77.15818184 76.33147775 4.82141244
77.37390553 76.16058914 4.94082934
77.58804031 75.98965965 5.06246050
77.77324040 75.81798586 5.22441421
77.95844048 75.64631207 5.38636792
78.14364056 75.47463828 5.54832163
78.30944617 75.28854481 5.71500464
78.47223058 75.10020509 5.88242436
78.62954685 74.90880846 6.05104931
78.76207181 74.70355251 6.22513853
78.89459678 74.49829657 6.39922775
78.99949565 74.29560553 6.59292559
79.09497301 74.09378922 6.79331069
79.19164470 73.89620376 6.99704534
79.29248742 73.71339395 7.21247780
79.39333013 73.53058415 7.42791027
79.47538181 73.36067102 7.66036134
79.54898828 73.19655402 7.90046106
79.62259475 73.03243702 8.14056077
79.67857306 72.87626638 8.38993657
79.72347290 72.72508966 8.64514196
79.76460677 72.57603873 8.90195069
79.78072895 72.44110628 9.16940803
79.79685113 72.30617383 9.43686536
79.79567826 72.18769361 9.71206638
79.78831301 72.07510401 9.99003997
79.78094776 71.96251440 10.26801357
79.74792255 71.86035066 10.54705962
79.69468346 71.76640000 10.82695052
79.64144437 71.67244934 11.10684141
79.58641047 71.57558567 11.38531017
79.52564352 71.46941719 11.65923631
79.46487658 71.36324871 11.93316245
79.40310170 71.25696054 12.20679159
79.32898893 71.14920717 12.47678532
79.25547382 71.04219800 12.74721940
79.18740952 70.94197614 13.02166956
79.11934521 70.84175427 13.29611972
79.03688567 70.76755576 13.57424965
78.94899515 70.70317527 13.85376787
78.86110463 70.63879477 14.13328608
78.77620432 70.55835384 14.40943587
78.69197477 70.47431020 14.68483004
78.63334061 70.34244490 14.94442883
78.58899697 70.18387958 15.19520866
78.54465334 70.02531426 15.44598849
78.47843216 69.80569032 15.63600677
78.40868462 69.57622458 15.81623112
78.34102609 69.33912976 15.98697453
78.27412095 69.09928356 16.15429870
78.20721580 68.85943736 16.32162286
78.13468338 68.62958581 16.49963919
78.05853701 68.41246357 16.69179898
77.98714227 68.20881356 16.90019691
77.91574754 68.00516354 17.10859484
77.86203381 67.78923228 17.30473316
77.86646721 67.53291196 17.46055357
77.87090062 67.27659165 17.61637398
77.87699686 67.00910392 17.75154697
77.88351823 66.73876114 17.88144125
77.89003960 66.46841836 18.01133553
77.86182017 66.18800509 18.10822277
77.81643016 65.90261451 18.18879632
77.77104014 65.61722392 18.26936988
77.76153250 65.33733264 18.37688335
77.75221753 65.05747088 18.48454147
77.77801270 64.76806626 18.55783288
77.80672487 64.47786879 18.62826906
77.84439527 64.19230247 18.71071034
77.89068093 63.91119000 18.80469711
77.95234152 63.62978073 18.88399139
78.03845318 63.34789947 18.93991990
78.12456484 63.06601821 18.99584841
78.23463832 62.79873904 19.07504949
78.35033594 62.53507029 19.15835688
78.50317097 62.29675359 19.25758500
78.65600600 62.05843690 19.35681312
78.81265109 61.83017823 19.47008412
78.97574837 61.61895249 19.60713621
79.14203305 61.41402196 19.74864519
79.32334051 61.23876201 19.91116031
79.50612311 61.06582395 20.07396086
79.72333997 60.94708635 20.24342438
79.94055683 60.82834875 20.41288790
80.15712984 60.71038538 20.58333209
80.33158821 60.64306552 20.81792263
80.50604658 60.57574565 21.05251317
80.70440523 60.54062172 21.27247109
80.91639110 60.52385494 21.48408593
81.12798766 60.53305987 21.69480772
81.33915866 60.57065507 21.90455330
81.55858591 60.62588889 22.10143618
81.77858770 60.68235017 22.29742396
82.00087595 60.74221637 22.48951265
82.23072413 60.81334060 22.66870941
82.46057230 60.88446483 22.84790616
82.68623109 60.96223933 23.02894412
82.89551280 61.06601097 23.21717966
83.10479451 61.16978261 23.40541521
83.31407621 61.27355425 23.59365075
83.51110781 61.38526951 23.79031092
83.70715134 61.49762549 23.98765060
83.89357679 61.63255799 24.17731155
84.06447734 61.80393210 24.35457799
84.23009189 61.98552348 24.52609397
84.39001292 62.17811981 24.69141620
84.54412460 62.38456273 24.84421646
84.69394013 62.60124556 24.98775642
84.83373180 62.82545383 25.12906821
84.95991981 63.05987509 25.26735610
85.08610783 63.29429634 25.40564399
85.20838300 63.53204583 25.54097444
85.30728765 63.78967410 25.65864077
85.40619229 64.04730238 25.77630710
85.50191054 64.30785639 25.88892955
85.57846355 64.58600788 25.97121465
85.64178941 64.86492090 26.05665420
85.64114921 65.14751667 26.15734862
85.64050902 65.43011244 26.25804304
85.63868341 65.70201567 26.38476072
85.63684642 65.97381622 26.51172828
85.63500943 66.24561678 26.63869585
85.58451341 66.48720207 26.80918234
85.53350716 66.72867302 26.97972762
85.47119303 66.97036439 27.14616745
85.40887890 67.21205576 27.31260728
85.34656477 67.45374713 27.47904712
85.26648911 67.68486430 27.65246285
85.18270448 67.91377336 27.82733528
85.08358969 68.14508127 27.98860104
84.96050126 68.38014054 28.12858836
84.83330428 68.61306713 28.26834380
84.69952061 68.84257468 28.40772748
84.56787280 69.07123563 28.55016156
84.45017213 69.29436833 28.71251463
84.33247146 69.51750103 28.87486771
84.20715131 69.72622947 29.04750336
84.06285949 69.89909297 29.24574146
83.91856767 70.07195646 29.44397955
83.76897875 70.22973090 29.64906751
83.60767268 70.35412841 29.86930735
83.44636661 70.47852592 30.08954719
83.28443389 70.60226897 30.30959781
83.09093477 70.69304462 30.52011669
82.89743564 70.78382026 30.73063558
82.69923566 70.86504502 30.93943179
82.47986670 70.90326009 31.14047043
82.26049773 70.94147516 31.34150906
