#spline3d 254
122.27300262 83.17980194 0.74644399
122.00995492 83.04368336 0.79416858
121.74190360 82.91226052 0.81246765
121.47088358 82.78362370 0.81330832
121.19986356 82.65498688 0.81414900
120.92733880 82.52961894 0.81404083
120.65338817 82.40734853 0.81303354
120.37943754 82.28507811 0.81202626
120.10532165 82.16389958 0.81828895
119.83078694 82.04548824 0.84297606
119.55625222 81.92707690 0.86766316
119.28097510 81.80966731 0.88065950
119.00425548 81.69420416 0.87094018
118.72704658 81.58035211 0.85729767
118.44965490 81.46710187 0.84218971
118.17292623 81.35268759 0.82521310
117.90151736 81.22893323 0.79324262
117.63233628 81.09941021 0.76771517
117.36633139 80.96166273 0.75137361
117.10032651 80.82391526 0.73503206
116.85152819 80.66034453 0.70028972
116.60454075 80.49405608 0.66361082
116.35755332 80.32776762 0.62693191
116.11572438 80.15967848 0.57171760
115.87688158 79.99054695 0.50577358
115.63803877 79.82141542 0.43982956
115.38923732 79.66027287 0.39434537
115.13937259 79.49998329 0.35104565
114.88406195 79.34615780 0.32288878
114.62220732 79.20009979 0.31292811
114.36035268 79.05404178 0.30296744
114.10102176 78.90377142 0.29472567
113.85086337 78.73819114 0.29273125
113.60050343 78.57292801 0.29075631
113.34426765 78.41691116 0.28934893
113.08803187 78.26089431 0.28794154
112.83154102 78.10537126 0.28840836
112.57339432 77.95305395 0.30104253
112.31845367 77.79619063 0.32032992
112.06466867 77.63768865 0.34201552
111.81774143 77.46891114 0.36402550
111.57335794 77.29632210 0.38615579
111.32887559 77.12463326 0.41340806
111.08436151 76.95323321 0.44230350
110.83965301 76.78171141 0.46822538
110.59437401 76.60983237 0.48542262
110.34909501 76.43795333 0.50261986
110.10538804 76.26520429 0.52897968
109.86294042 76.09175829 0.56267976
109.62049281 75.91831228 0.59637985
109.37917456 75.74260549 0.62606135
109.13663347 75.57103848 0.66454862
108.89099027 75.40858865 0.72172872
108.64534707 75.24613881 0.77890881
108.39897327 75.09095714 0.84788193
108.15084768 74.95320259 0.94513153
107.90272209 74.81544804 1.04238114
107.65459651 74.67769350 1.13963075
107.43014627 74.53736254 1.28067209
107.20604416 74.39699370 1.42235733
106.98194204 74.25662485 1.56404258
106.76097012 74.11484361 1.70916709
106.54111538 73.97255828 1.85551908
106.32126064 73.83027295 2.00187108
106.09859184 73.69993669 2.15489589
105.87571314 73.57049172 2.30841843
105.65283443 73.44104676 2.46194097
105.43167561 73.30971334 2.61633777
105.21101213 73.17783603 2.77098637
104.99034865 73.04595871 2.92563497
104.78256453 72.92617614 3.10484809
104.57985249 72.81115666 3.29373507
104.37714045 72.69613717 3.48262206
104.19828531 72.59916980 3.70060342
104.03439385 72.51352519 3.93683354
103.87050238 72.42788059 4.17306366
103.72291641 72.34717150 4.42055038
103.59311395 72.27184533 4.68031407
103.46320499 72.19827153 4.94041338
103.33133624 72.15694704 5.20668911
103.19946749 72.11562255 5.47296484
103.07198159 72.07387567 5.74114504
102.96046221 72.03059002 6.01626311
102.84894282 71.98730437 6.29138118
102.77816632 71.94973411 6.57808938
102.73811105 71.91647341 6.87353686
102.69805578 71.88321271 7.16898434
102.67397184 71.85357768 7.46634729
102.65676715 71.82550431 7.76453527
102.65258797 71.78878898 8.06182307
102.66193486 71.74309959 8.35817611
102.67174807 71.69706724 8.65444254
102.69643455 71.64009573 8.94794667
102.72112103 71.58312423 9.24145081
102.74580751 71.52615272 9.53495495
102.80754635 71.50813402 9.82794116
102.86980931 71.49384763 10.12098959
102.93289173 71.49177689 10.41427479
102.99597415 71.48970614 10.70755999
103.06011687 71.49123336 11.00045261
103.13150396 71.51734316 11.29066303
103.20289104 71.54345297 11.58087346
103.27487170 71.56952236 11.87093708
103.35038148 71.59535151 12.16012795
103.42589127 71.62118066 12.44931883
103.51252377 71.64984031 12.73509707
103.59947604 71.67858132 13.02077720
103.68642830 71.70732233 13.30645733
103.77722379 71.70431864 13.59229577
103.86818402 71.69995415 13.87814099
103.95914426 71.69558967 14.16398621
104.05090846 71.69953689 14.44953446
104.14297497 71.70660959 14.73497103
104.23504148 71.71368228 15.02040761
104.34909916 71.73674468 15.29585319
104.47858616 71.77102570 15.56428894
104.60807317 71.80530672 15.83272470
104.74314626 71.84129712 16.09809212
104.88333938 71.87885427 16.36064720
105.02235458 71.90309157 16.62411260
105.15695540 71.87741129 16.89098946
105.29155623 71.85173101 17.15786632
105.42615705 71.82605073 17.42474319
105.55755275 71.75604724 17.68514080
105.69140677 71.68304323 17.94323242
105.84640764 71.58989018 18.18260088
105.99815965 71.49208364 18.42172382
106.12721132 71.36176249 18.65913123
106.25626300 71.23144134 18.89653863
106.37849954 71.08928262 19.12999087
106.48896381 70.92667601 19.35661105
106.59942807 70.76406940 19.58323123
106.70888515 70.59922897 19.80856845
106.80913743 70.41397339 20.02218053
106.90938971 70.22871782 20.23579260
107.00277141 70.03295564 20.44140760
107.07507108 69.80495443 20.62248397
107.14663324 69.55739471 20.77456106
107.21791472 69.30239164 20.91560196
107.27957703 69.03802470 21.04102433
107.32814937 68.76091520 21.14519266
107.37672171 68.48380571 21.24936100
107.41838457 68.20007868 21.33562691
107.45465965 67.91119153 21.40793313
107.49093472 67.62230438 21.48023936
107.52955669 67.33242715 21.54642988
107.57342555 67.04033643 21.59894764
107.61729442 66.74824571 21.65146540
107.63409535 66.44982503 21.64146265
107.64764273 66.15064350 21.62394493
107.66119010 65.85146197 21.60642722
107.67710518 65.55773279 21.55228448
107.69394698 65.26613762 21.48380696
107.69699860 64.98517823 21.38029815
107.69699860 64.70657241 21.26903729
107.69699860 64.42796659 21.15777644
107.69036308 64.14940740 21.04667235
107.68125806 63.87086555 20.93562661
107.67215304 63.59232371 20.82458086
107.62442781 63.30727044 20.74986799
107.56472848 63.02019831 20.68642003
107.50502914 62.73312618 20.62297208
107.42794486 62.45720385 20.53726231
107.33473924 62.19066578 20.43753622
107.18987285 61.94778062 20.33743318
107.04148573 61.70817205 20.23526810
106.87621232 61.48427881 20.12321296
106.71093891 61.26038556 20.01115783
106.53862608 61.03130263 19.93652529
106.35554541 60.79428132 19.91913613
106.17246475 60.55726000 19.90174697
105.98223296 60.32811267 19.90151638
105.76913300 60.12414509 19.95615620
105.55603304 59.92017751 20.01079602
105.34262297 59.71897959 20.06981543
105.12354943 59.56836139 20.20881537
104.90447589 59.41774318 20.34781531
104.68735640 59.28057366 20.49979747
104.47546538 59.17938887 20.68651624
104.26428423 59.07758255 20.87367055
104.06055755 58.96924940 21.06539852
103.85683087 58.86091626 21.25712649
103.65310419 58.75258312 21.44885446
103.44029515 58.64959332 21.63340590
103.22490366 58.54812282 21.81591681
103.00951217 58.44665232 21.99842771
102.79558597 58.35925090 22.18911829
102.58294189 58.28415985 22.38696604
102.37029780 58.20906879 22.58481379
102.14961072 58.22381945 22.78536133
101.92660145 58.29194088 22.97269611
101.70322073 58.37112770 23.15662784
101.49177630 58.46989760 23.34307805
101.29787959 58.59776132 23.53292319
101.10920275 58.74095783 23.71703218
100.92052590 58.88415434 23.90114117
100.73262705 59.02839797 24.08501617
100.57931289 59.21918957 24.25848966
100.42599873 59.40998117 24.43196315
100.27012897 59.61144796 24.59033194
100.12238188 59.82141787 24.74426228
99.99896414 60.05296250 24.88971161
99.87554640 60.28450713 25.03516094
99.77626632 60.54068972 25.15515755
99.67849157 60.79840884 25.27356682
99.60649551 61.06591380 25.38711889
99.54646289 61.33796019 25.49841681
99.50315439 61.61375598 25.60579285
99.48861538 61.89600161 25.70642232
99.51129524 62.17961414 25.79824237
99.54969183 62.46380389 25.88634237
99.60877388 62.73489557 25.99721841
99.68127024 62.99749328 26.12286448
99.75376660 63.26009100 26.24851056
99.86313970 63.49864530 26.39215551
99.98059558 63.73192968 26.53974553
100.11435275 63.96426065 26.67357376
100.25602849 64.19612849 26.80071703
100.39770422 64.42799633 26.92786030
100.53547060 64.66392038 27.05150225
100.66677050 64.90655382 27.16935266
100.79807040 65.14918727 27.28720307
100.94057149 65.38890529 27.39465326
101.11465748 65.62040249 27.47277710
101.28874347 65.85189968 27.55090095
101.46785725 66.08001436 27.62669462
101.66337886 66.29709046 27.69488395
101.85890046 66.51416656 27.76307327
102.05323961 66.73251145 27.83041921
102.24033010 66.95863430 27.89259496
102.42742058 67.18475714 27.95477072
102.62540390 67.40149069 28.01476328
102.83526229 67.60798827 28.07237578
103.05364259 67.80615289 28.12578711
103.28210620 67.99445777 28.17422751
103.51056981 68.18276266 28.22266791
103.76081192 68.33361711 28.28904073
104.01319261 68.48079405 28.35717446
104.25960599 68.61219252 28.46224513
104.50243951 68.73410324 28.58939616
104.74312531 68.84938227 28.72644021
104.98381111 68.96466131 28.86348426
105.22449691 69.07994035 29.00052830
105.46436154 69.19219859 29.14143903
105.70397426 69.30353016 29.28353591
105.94954825 69.39757759 29.42593959
106.20528577 69.46215672 29.56886635
106.46102329 69.52673585 29.71179311
106.71156232 69.59504734 29.86184681
106.95942228 69.66528231 30.01557339
107.20591294 69.73243399 30.17277299
107.45116773 69.79680289 30.33310711
107.70335191 69.85921138 30.48269831
107.96097325 69.92008162 30.62386005
