#spline3d 261
60.22629929 89.87779999 1.98756003
60.18155390 89.83513914 2.27953407
60.11613414 89.78476778 2.56794868
60.05071438 89.73439643 2.85636330
59.98227770 89.66446096 3.13955305
59.91219260 89.58383577 3.41988796
59.84210750 89.50321058 3.70022287
59.74656386 89.39003389 3.95624796
59.62318154 89.24126244 4.18569049
59.49979922 89.09249099 4.41513302
59.42757028 88.91675174 4.64650882
59.36090225 88.73808081 4.87809479
59.29423422 88.55940987 5.10968077
59.27461163 88.40870144 5.36503062
59.27743338 88.27133330 5.63171771
59.28025514 88.13396516 5.89840479
59.31590396 88.01546469 6.17131651
59.35614603 87.89960423 6.44509920
59.41513576 87.77068227 6.70814482
59.49490271 87.62728480 6.95929102
59.57466965 87.48388733 7.21043722
59.65633685 87.33616923 7.45815588
59.74611861 87.17000092 7.69123804
59.84374564 87.00391617 7.92031237
59.98278859 86.83827259 8.12822898
60.12183153 86.67262901 8.33614559
60.28460109 86.50692184 8.52330579
60.47168232 86.34114953 8.68919774
60.65876356 86.17537722 8.85508970
60.85184603 86.00196520 8.99982600
61.06374057 85.80460498 9.07824568
61.27563510 85.60724476 9.15666536
61.48752964 85.40988454 9.23508504
61.74108497 85.25757111 9.28240885
61.99702470 85.10783586 9.32795294
62.25296442 84.95810061 9.37349703
62.50276568 84.79759619 9.41583871
62.75088542 84.63414177 9.45730315
62.99900516 84.47068734 9.49876759
63.25978078 84.32660189 9.53030643
63.52536280 84.18987232 9.55807577
63.79084167 84.05294905 9.58575988
64.04421843 83.89330160 9.60344649
64.29759519 83.73365415 9.62113311
64.55099632 83.57404385 9.63862613
64.80830145 83.42038452 9.62510157
65.06560658 83.26672519 9.61157701
65.32291172 83.11306586 9.59805245
65.58747183 82.97392021 9.57548998
65.85492149 82.84055514 9.54932784
66.12237115 82.70719007 9.52316571
66.37042767 82.53891201 9.52197149
66.61718209 82.36828984 9.52245366
66.88591575 82.23880224 9.54791099
67.15753266 82.11471072 9.57664459
67.42914957 81.99061920 9.60537819
67.67895601 81.82736880 9.62164033
67.92189382 81.65178635 9.63397493
68.16483163 81.47620391 9.64630953
68.41416557 81.31015471 9.65932366
68.66790394 81.15067019 9.67280571
68.92233738 80.99230572 9.68625024
69.17823587 80.83630210 9.69961567
69.43413437 80.68029848 9.71298110
69.68965392 80.52363863 9.72590153
69.94501794 80.36670945 9.73863932
70.20056832 80.21221485 9.76325140
70.45639715 80.06135804 9.80560627
70.71222599 79.91050124 9.84796114
70.96401709 79.75103686 9.88162516
71.21485941 79.58954988 9.91324702
71.46467689 79.42690294 9.94662276
71.71015238 79.25934154 9.98742912
71.95447407 79.09019072 10.02838458
72.19353127 78.91378785 10.07002029
72.43258847 78.73738498 10.11165600
72.67190298 78.56114576 10.15245444
72.91240953 78.38566472 10.18937414
73.15291608 78.21018367 10.22629384
73.38364116 78.02300970 10.26545339
73.60619306 77.82606538 10.30648452
73.82874495 77.62912106 10.34751565
74.05019836 77.43219011 10.39335738
74.26826400 77.23530040 10.45403501
74.48632965 77.03841069 10.51471264
74.70194119 76.84193817 10.58219445
74.90089145 76.64829800 10.69587090
75.09984172 76.45465782 10.80954735
75.29875738 76.26105273 10.92331859
75.48010707 76.08525798 11.08520894
75.66145676 75.90946324 11.24709930
75.81680621 75.73666498 11.43657177
75.97022311 75.56408944 11.62809437
76.12364001 75.39151390 11.81961698
76.26208342 75.21434507 12.01778873
76.39161019 75.03444095 12.21992002
76.52454374 74.86992407 12.43236627
76.65807117 74.71128635 12.64915699
76.78685656 74.55464605 12.87024099
76.91564195 74.39800575 13.09132498
77.04124561 74.24928822 13.31839141
77.15081652 74.14049370 13.57560350
77.26038742 74.03169918 13.83281558
77.36927135 73.92761745 14.09206260
77.47553503 73.84151130 14.35907133
77.58179871 73.75540515 14.62608006
77.68103805 73.66961076 14.89538866
77.74642950 73.58531863 15.17577959
77.81182095 73.50102649 15.45617051
77.84690059 73.41813531 15.74158926
77.86806276 73.33588737 16.02931649
77.89175703 73.26589157 16.31981289
77.91777809 73.20715443 16.61285391
77.94379915 73.14841729 16.90589493
77.97114857 73.11113227 17.20105097
78.00061945 73.10810728 17.49958478
78.03009033 73.10508228 17.79811860
78.06766837 73.12878021 18.09260125
78.11854769 73.19632194 18.38043725
78.16942700 73.26386368 18.66827324
78.21726355 73.33192521 18.95649598
78.26291436 73.40036012 19.24499654
78.30363568 73.47068743 19.53365134
78.33123800 73.54605107 19.82271663
78.35884032 73.62141470 20.11178193
78.43220160 73.73636725 20.37717637
78.51607914 73.86041806 20.63713081
78.63954977 73.98937612 20.87538598
78.78911584 74.12156852 21.09933937
78.93868190 74.25376091 21.32329277
79.10187877 74.37258408 21.54330173
79.29533846 74.46172520 21.75455333
79.48879815 74.55086632 21.96580493
79.68370472 74.63840580 22.17573361
79.94142929 74.65640816 22.32822640
80.19915386 74.67441051 22.48071918
80.45764404 74.68933373 22.63128439
80.73226151 74.63939554 22.74124579
81.00687899 74.58945734 22.85120720
81.28005941 74.52563444 22.95435953
81.54931457 74.42388619 23.03891325
81.81856973 74.32213793 23.12346697
82.08549878 74.20558016 23.19080617
82.34962133 74.07115452 23.23737584
82.60866961 73.92448127 23.27249715
82.86527723 73.77191706 23.30211193
83.12188484 73.61935284 23.33172671
83.35360651 73.43318109 23.35277691
83.56890605 73.22483187 23.36817538
83.77766663 73.01102064 23.38089205
83.94196900 72.76007342 23.37537524
84.10627136 72.50912620 23.36985842
84.26900771 72.25769994 23.36140759
84.39977431 71.99649422 23.29305970
84.53054091 71.73528849 23.22471181
84.64469828 71.46731363 23.15847456
84.71964424 71.18335804 23.09722014
84.79459021 70.89940245 23.03596571
84.86042263 70.61420516 22.97504993
84.85981000 70.31995485 22.91660310
84.85919737 70.02570454 22.85815627
84.78244185 69.74386477 22.79853466
84.69135811 69.46436035 22.73869198
84.60027436 69.18485593 22.67884931
84.45447482 68.93242111 22.61627207
84.29250664 68.68798542 22.55288676
84.10500982 68.46554529 22.48567152
83.89870611 68.25930922 22.41563477
83.69240241 68.05307316 22.34559803
83.46576984 67.87239467 22.27455450
83.22112992 67.71435514 22.20261915
82.97649001 67.55631560 22.13068381
82.72691934 67.40740248 22.05793272
82.46612123 67.27927039 21.98332417
82.20532313 67.15113829 21.90871563
81.93474027 67.04007010 21.84710990
81.65265458 66.94906205 21.80079014
81.37056889 66.85805400 21.75447039
81.07725629 66.81146175 21.72717257
80.77914508 66.78385377 21.70800514
80.48103386 66.75624578 21.68883770
80.18706238 66.70481439 21.66581659
79.89589288 66.63725800 21.64018709
79.60528934 66.56776166 21.61466229
79.32418130 66.46571670 21.59089417
79.04307327 66.36367174 21.56712604
78.76196523 66.26162678 21.54335792
78.48983036 66.13646639 21.54149845
78.21994077 66.00552202 21.54512100
77.95134944 65.87249322 21.55238055
77.69012202 65.72764126 21.58026973
77.42889460 65.58278930 21.60815891
77.16766717 65.43793733 21.63604809
76.95679929 65.23044537 21.67890879
76.75078604 65.01691494 21.72321274
76.57545063 64.78406765 21.79153318
76.40615387 64.54741800 21.86458105
76.26098918 64.30144643 21.94414965
76.18682904 64.02804667 22.04290441
76.11266891 63.75464690 22.14165917
76.09578602 63.48073458 22.25973240
76.09059431 63.20671764 22.38174884
76.17835684 62.96050645 22.52766392
76.26972014 62.71537238 22.67450477
76.36108345 62.47023831 22.82134562
76.51066088 62.26753833 22.97770661
76.68329208 62.08164296 23.13783772
76.89706532 61.95226230 23.30176330
77.11663100 61.83083843 23.46622311
77.33619668 61.70941456 23.63068292
77.59521285 61.64580702 23.75935601
77.86896143 61.60379043 23.87466490
78.14271000 61.56177384 23.98997378
78.41885564 61.55308721 24.10338782
78.69672458 61.56836204 24.21543963
78.97459351 61.58363686 24.32749143
79.24167143 61.63875752 24.44265751
79.49383741 61.74894057 24.56212715
79.74164805 61.89673307 24.64424082
79.98945239 62.04457998 24.72630045
80.22227192 62.20873833 24.81976444
80.45239875 62.37582777 24.91527775
80.67663829 62.55045562 25.01015724
80.88681907 62.74308507 25.10352318
81.08281474 62.94966885 25.19043130
81.23487759 63.19947072 25.25733882
81.38694044 63.44927259 25.32424635
81.52664107 63.70989880 25.37375541
81.66405266 63.97252928 25.42004290
81.79568376 64.23624833 25.47234979
81.89557124 64.50594526 25.55771223
81.99419407 64.77553979 25.64457472
82.07714769 65.04386559 25.75002290
82.16010131 65.31219139 25.85547109
82.22361607 65.58141308 25.96731778
82.24194835 65.85271712 26.09403678
82.26028063 66.12402116 26.22075578
82.27625962 66.39367135 26.35047320
82.26408447 66.64353531 26.51606306
82.25185256 66.88847831 26.68799155
82.23936146 67.11095527 26.88885823
82.22689976 67.33403650 27.08902904
82.21480413 67.56464627 27.28053002
82.20270850 67.79525605 27.47203101
82.16243645 68.03824856 27.63968469
82.09940424 68.29124351 27.78807517
82.01486299 68.52651186 27.95258670
81.92124856 68.75430257 28.12389860
81.82763413 68.98209328 28.29521050
81.68295006 69.19131935 28.45202827
81.52698731 69.39644543 28.60564502
81.36159814 69.57198442 28.78032848
81.18738931 69.71984077 28.97472264
81.01318049 69.86769712 29.16911680
80.81540939 69.94905516 29.37567434
80.61027517 70.00963272 29.58603290
80.40463339 70.06540350 29.79704111
80.19735050 70.10563241 30.01014985
79.98955499 70.14573040 30.22275222
79.76904404 70.18258083 30.42279397
79.54853308 70.21943126 30.62283572
