#spline3d 214
126.50299835 102.96700287 6.06018019
126.66973419 102.82206756 6.26314058
126.82900500 102.67078463 6.46691387
126.97107738 102.50487766 6.67255997
127.11314976 102.33897069 6.87820606
127.25392562 102.17108890 7.08293776
127.37797345 101.97772749 7.27587167
127.50202128 101.78436608 7.46880559
127.62606912 101.59100466 7.66173951
127.74407292 101.40732236 7.86748517
127.86198123 101.22379296 8.07343323
127.97200630 101.03981415 8.28265375
128.05256686 100.85415562 8.50410546
128.13312742 100.66849708 8.72555717
128.21368798 100.48283854 8.94700888
128.20230240 100.28216748 9.16777094
128.18174793 100.07999936 9.38846423
128.16119345 99.87783124 9.60915751
128.06884519 99.69068372 9.81910253
127.94552582 99.51001593 10.02441085
127.82220645 99.32934815 10.22971917
127.69920001 99.14850165 10.43505761
127.57640842 98.96753246 10.64041673
127.45361684 98.78656326 10.84577585
127.31477073 98.61355247 11.04726330
127.16676070 98.44508434 11.24654078
127.00839040 98.27971224 11.43950883
126.82792781 98.12094210 11.61902260
126.64746522 97.96217196 11.79853637
126.46216966 97.81811078 11.98482087
126.27332053 97.68486476 12.17608371
126.08401457 97.55170137 12.36677939
125.83867215 97.42867485 12.48790574
125.59332973 97.30564832 12.60903209
125.34677435 97.17674613 12.72065958
125.09893149 97.04160733 12.82220470
124.85108863 96.90646852 12.92374981
124.60036052 96.77332213 13.01991203
124.33842827 96.64791279 13.09517108
124.07649601 96.52250346 13.17043013
123.81070365 96.39788065 13.23041509
123.54141481 96.27397027 13.27656480
123.27212598 96.15005989 13.32271452
123.00203889 96.02597119 13.36283690
122.73097590 95.90166451 13.39559071
122.46569555 95.77045051 13.44447121
122.20075328 95.63883268 13.49429457
121.93491446 95.50780803 13.53802845
121.66322213 95.38065625 13.54200427
121.39152979 95.25350446 13.54598008
121.12305170 95.12079718 13.56008038
120.85702398 94.98385466 13.58189909
120.59099627 94.84691213 13.60371781
120.35021316 94.66867709 13.61943002
120.10952530 94.49028626 13.63511919
119.86883744 94.31189543 13.65080836
119.62342461 94.14107166 13.67405520
119.37623271 93.97309708 13.70014769
119.12904081 93.80512250 13.72624017
118.87681017 93.64685771 13.76260731
118.62436627 93.48900389 13.79940931
118.37192462 93.33114786 13.83621597
118.12666095 93.16627721 13.88782387
117.87961566 93.00420177 13.93944915
117.62689586 92.85102909 13.99112982
117.37417606 92.69785642 14.04281048
117.12037007 92.54208455 14.07007597
116.86553127 92.38384123 14.07412619
116.61069247 92.22559791 14.07817641
116.35301915 92.07403090 14.10024571
116.09425770 91.92502683 14.12923230
115.83549624 91.77602277 14.15821888
115.58208180 91.62630301 14.21350783
115.33095322 91.47627729 14.28004115
115.07982465 91.32625156 14.34657446
114.81709443 91.19428029 14.40004373
114.54154459 91.08225886 14.43907746
114.26599476 90.97023743 14.47811118
113.99054597 90.85934604 14.52018485
113.71568267 90.75500292 14.57987429
113.44081937 90.65065980 14.63956373
113.16526800 90.55325932 14.70585952
112.88830424 90.47010972 14.78571590
112.61134048 90.38696011 14.86557228
112.33439241 90.30985763 14.94899037
112.05757055 90.28140335 15.06106189
111.78074869 90.25294907 15.17313341
111.50515588 90.22662685 15.28825599
111.23776539 90.21453329 15.42374037
110.97037490 90.20243973 15.55922475
110.70645462 90.18890166 15.70003285
110.46997644 90.16394060 15.88294031
110.23349825 90.13897954 16.06584777
110.01025928 90.11518148 16.26258348
109.81916674 90.09420730 16.49289592
109.62807419 90.07323313 16.72320836
109.48610359 90.02924311 16.97707096
109.39277483 89.96246218 17.25425357
109.29944607 89.89568125 17.53143617
109.22653142 89.81714966 17.80963098
109.19489591 89.71485723 18.08987258
109.16326040 89.61256479 18.37011418
109.13171587 89.50966750 18.65007805
109.10767698 89.35687337 18.90713063
109.08363809 89.20407924 19.16418322
109.05959921 89.05128510 19.42123581
109.05106556 88.88792630 19.67248065
109.04723913 88.72136017 19.92196232
109.04341271 88.55479404 20.17144400
109.07015199 88.38718584 20.41858411
109.10059397 88.21945139 20.66544057
109.13103595 88.05171695 20.91229703
109.15854859 87.89584943 21.16684284
109.18388925 87.74878074 21.42708999
109.20922990 87.60171204 21.68733715
109.22804614 87.45021738 21.94554512
109.24448219 87.29710808 22.20300919
109.27810021 87.11244390 22.43424237
109.32300788 86.90704620 22.64824023
109.36791554 86.70164850 22.86223808
109.41990442 86.48722424 23.06475943
109.48008230 86.26236128 23.25400890
109.54026018 86.03749833 23.44325837
109.59514423 85.81157861 23.63275314
109.64280022 85.58421599 23.82258285
109.69045620 85.35685338 24.01241255
109.74148673 85.12845961 24.20003994
109.79802227 84.89838370 24.38407462
109.85954213 84.66700172 24.56428345
109.94556427 84.42919930 24.72568490
110.03158640 84.19139687 24.88708635
110.08326269 83.92856873 25.02128976
110.13169910 83.66337988 25.15292755
110.19017507 83.39705940 25.27685834
110.26699331 83.12867139 25.38670842
110.34381155 82.86028339 25.49655851
110.43581050 82.58879856 25.58213871
110.53711305 82.31541583 25.65284496
110.63841559 82.04203310 25.72355120
110.75144511 81.77303417 25.79282122
110.86931195 81.50584353 25.86149879
110.98717879 81.23865290 25.93017636
111.11392044 80.97311597 25.98645228
111.25045269 80.70940338 26.02904686
111.38698493 80.44569080 26.07164144
111.52047579 80.17995773 26.10679610
111.63935088 79.90451496 26.10619719
111.75822598 79.62907218 26.10559828
111.87264802 79.35205260 26.10196583
111.96518545 79.06728376 26.08342495
112.05772288 78.78251493 26.06488407
112.14403456 78.49607204 26.04866055
112.19881421 78.20115043 26.04417394
112.25265969 77.90622329 26.04186614
112.28771476 77.61118477 26.08338399
112.32276984 77.31614624 26.12490184
112.29800130 77.03455261 26.21944460
112.26273507 76.75531826 26.32329204
112.22746884 76.47608390 26.42713947
112.13745742 76.23161814 26.57297590
112.03950136 75.99219800 26.72490579
111.91969977 75.77344948 26.88558144
111.75580671 75.59642311 27.06390893
111.57550533 75.45900083 27.25499246
111.37803217 75.36302539 27.45942555
111.18055901 75.26704994 27.66385865
110.94436099 75.25211011 27.84607702
110.70461885 75.24458672 28.02626229
110.46472767 75.23741444 28.20611126
110.19327595 75.30459968 28.31473947
109.92182422 75.37178492 28.42336769
109.66478630 75.49964613 28.50886241
109.40864075 75.63126383 28.59292493
109.15249520 75.76288153 28.67698745
108.91441674 75.91734569 28.77283210
108.68133520 76.07812863 28.87193541
108.44825366 76.23891157 28.97103872
108.23597682 76.42981606 29.06255424
108.02546769 76.62327991 29.15342505
107.81495856 76.81674375 29.24429585
107.64768560 77.05364534 29.31726335
107.48649377 77.29665641 29.38771277
107.32530195 77.53966748 29.45816219
107.17607715 77.78243395 29.55168135
107.02775443 78.02518198 29.64693952
106.87943172 78.26793002 29.74219769
106.76293089 78.50843846 29.87621205
106.65430814 78.74839245 30.01982121
106.54969999 78.98634685 30.16730782
106.52309108 79.18545128 30.39012894
106.49648217 79.38455571 30.61295007
106.47008115 79.58339371 30.83596354
106.48670230 79.72709575 31.09878136
106.50332345 79.87079779 31.36159919
106.53573438 80.01201902 31.62403608
106.57634078 80.15195262 31.88627526
106.62638795 80.29060564 32.14682368
106.71523942 80.42399510 32.40042255
106.83113268 80.55700430 32.64054847
106.98306038 80.68950679 32.86272104
107.14059283 80.82221444 33.08004309
107.33308890 80.95620194 33.26710661
107.52558498 81.09018945 33.45417012
107.72786482 81.21691625 33.63402749
107.96308875 81.31919464 33.78962018
108.19831269 81.42147303 33.94521288
108.43880954 81.51959003 34.09346253
108.70893850 81.59432131 34.20044663
108.97906746 81.66905258 34.30743073
109.25001961 81.74209760 34.41310636
109.53387935 81.78870189 34.49826495
109.81773909 81.83530618 34.58342354
110.10520106 81.88890471 34.64959384
110.39363381 81.94438816 34.71064687
