#spline3d 212
121.80899811 82.10590363 0.33699301
121.58502074 81.91779218 0.40368802
121.35516908 81.73104185 0.45051732
121.12396080 81.54460586 0.49275877
120.89275252 81.35816986 0.53500022
120.65488006 81.17939532 0.57308541
120.41668267 81.00099432 0.61096796
120.17635466 80.82397796 0.64102158
119.93588669 80.64705254 0.67056093
119.69280198 80.47246315 0.68729491
119.44751510 80.29983969 0.69325226
119.18466209 80.15721887 0.71383883
118.92003397 80.01762991 0.73590373
118.65768985 79.87327064 0.75288991
118.39736077 79.72470278 0.76539542
118.13703170 79.57613493 0.77790092
117.87782078 79.42558570 0.78984112
117.61902943 79.27429300 0.80156919
117.36023808 79.12300030 0.81329727
117.10953822 78.96352351 0.84798850
116.86513324 78.79767980 0.90054423
116.62072825 78.63183609 0.95309996
116.36521363 78.47952582 0.97907544
116.10049690 78.33842528 0.98303453
115.83526881 78.19831005 0.98681018
115.56701031 78.06403379 0.98949875
115.29722419 77.93325187 0.99352362
115.01852379 77.82286066 1.00534629
114.73982340 77.71246946 1.01716895
114.46599292 77.59087783 1.02399485
114.19735534 77.45734298 1.02549260
113.92863565 77.32476100 1.03291777
113.65955933 77.19631736 1.06608565
113.39048301 77.06787373 1.09925353
113.12934719 76.92732986 1.14370299
112.87009024 76.78392285 1.19082189
112.61083329 76.64051584 1.23794080
112.34670041 76.50155147 1.26675939
112.08137825 76.36367070 1.29111437
111.82537646 76.21848132 1.34004655
111.58175702 76.06358227 1.42163020
111.33452675 75.92175867 1.51368794
111.08374743 75.79278677 1.61604053
110.83296812 75.66381486 1.71839312
110.58051915 75.56199537 1.84278649
110.32748638 75.46967005 1.97488669
110.07445361 75.37734472 2.10698688
109.82647720 75.29715967 2.25427394
109.58331839 75.22854165 2.41603076
109.34015959 75.15992362 2.57778758
109.10529204 75.08371155 2.74757110
108.87921940 74.99944413 2.92586889
108.65528965 74.91369606 3.10585944
108.45491682 74.81167120 3.30445855
108.25454399 74.70964634 3.50305765
108.05417116 74.60762148 3.70165676
107.89945759 74.49771102 3.93248463
107.75480284 74.38606335 4.17041255
107.61014808 74.27441568 4.40834047
107.49042351 74.16037842 4.65849494
107.37340144 74.04608212 4.90997482
107.27717764 73.94123106 5.17376956
107.18587840 73.83861641 5.44048018
107.08487258 73.77014262 5.71391948
106.98133646 73.71056864 5.98911281
106.87780034 73.65099466 6.26430613
106.82810448 73.55169049 6.54109080
106.79113845 73.44299263 6.81825172
106.75417241 73.33429478 7.09541263
106.73808096 73.23160165 7.37608174
106.74010068 73.13411834 7.65979463
106.74265940 73.03634120 7.94339146
106.75348401 72.93405797 8.22520837
106.76430861 72.83177475 8.50702529
106.79793102 72.72492536 8.78514419
106.83577195 72.61723105 9.06257881
106.88535380 72.49792915 9.33293305
106.94284047 72.37081221 9.59852028
107.02760225 72.24913994 9.85880733
107.12125528 72.12930436 10.11739384
107.20711960 72.02882257 10.38670898
107.29298392 71.92834078 10.65602412
107.37667066 71.82347992 10.92367183
107.43055764 71.65869230 11.16850105
107.48444462 71.49390467 11.41333027
107.53391689 71.32512683 11.65591098
107.55925466 71.13453512 11.88619945
107.58470983 70.94409742 12.11659786
107.61506573 70.76008880 12.35158537
107.64542164 70.57608017 12.58657288
107.66690657 70.39236515 12.82271856
107.68593702 70.20873137 13.05918469
107.72569764 70.00451991 13.27450612
107.77108983 69.79471830 13.48408337
107.82301106 69.58171207 13.68885383
107.87506636 69.36864004 13.89352559
107.92835947 69.15226243 14.09407085
107.98678070 68.92219019 14.27752054
108.04520192 68.69211796 14.46097023
108.10572627 68.46066392 14.64195986
108.16769624 68.22826009 14.82125856
108.22966620 67.99585626 15.00055725
108.28234171 67.74255791 15.15210930
108.33431814 67.48768801 15.30157441
108.38629458 67.23281810 15.45103952
108.43288762 66.97318212 15.59372242
108.47619390 66.71063631 15.73226455
108.51900726 66.44762954 15.86996650
108.54810555 66.17179735 15.98429156
108.57720383 65.89596516 16.09861662
108.60630212 65.62013297 16.21294168
108.60896081 65.32762563 16.27370363
108.60652893 65.03190771 16.32415278
108.59276768 64.73609660 16.36936896
108.55993594 64.44012860 16.40577661
108.51699768 64.14511347 16.43323360
108.45371818 63.85201617 16.44267572
108.39526775 63.55815015 16.45532242
108.34615921 63.26279703 16.47416844
108.29705068 62.96744391 16.49301447
108.23672930 62.67509973 16.51231692
108.13289054 62.39443333 16.53339078
107.99376908 62.13322599 16.57976501
107.85051433 61.87429824 16.62910313
107.67661417 61.65332780 16.72187603
107.48602348 61.45303021 16.83830499
107.29328700 61.25637572 16.95650944
107.07942090 61.09559497 17.09219720
106.86555480 60.93481422 17.22788496
106.64184874 60.81177480 17.38457306
106.41360149 60.69980975 17.54292328
106.16543125 60.62483530 17.69388876
105.91726102 60.54986085 17.84485425
105.66909079 60.47488639 17.99581974
105.41983055 60.43712684 18.15786384
105.17043674 60.40392787 18.32126559
104.91566988 60.37941268 18.47705080
104.65350901 60.36684749 18.62235467
104.38965581 60.38954389 18.76252329
104.12551121 60.41831213 18.90180765
103.86598236 60.45525026 19.04533585
103.63605058 60.54457514 19.21607630
103.40611880 60.63390003 19.38681676
103.18013815 60.72901238 19.55927366
102.96514558 60.84021965 19.73650399
102.76003252 60.96155347 19.91734050
102.57830574 61.10685839 20.10671337
102.39657896 61.25216331 20.29608623
102.21927823 61.41391099 20.47561778
102.04392738 61.58290249 20.65081376
101.86857654 61.75189398 20.82600974
101.69999583 61.92617903 21.00240397
101.53952584 62.10680582 21.18023371
101.37905585 62.28743262 21.35806345
101.24428199 62.48811365 21.53253289
101.13639961 62.70978180 21.70348571
101.02851723 62.93144995 21.87443852
100.93291702 63.16230991 22.03933061
100.85424055 63.40583534 22.19587155
100.77556407 63.64936078 22.35241250
100.71136207 63.88458328 22.52647632
100.65334924 64.11625552 22.70803278
100.63240445 64.35706234 22.88492115
100.61858371 64.59962473 23.06091236
100.64530865 64.84970240 23.22148930
100.69216407 65.10351132 23.37441321
100.75358272 65.35717769 23.51965698
100.85719732 65.61043101 23.64264800
100.96081192 65.86368434 23.76563903
101.07776228 66.11315531 23.88342191
101.20773390 66.35893313 23.99611947
101.33770552 66.60471095 24.10881702
101.46392657 66.83577982 24.24926533
101.58658720 67.05288554 24.41605734
101.70924783 67.26999126 24.58284934
101.83004847 67.49931178 24.73309701
101.94978076 67.73564819 24.87384202
102.06911981 67.96196996 25.02974710
102.18818437 68.18130124 25.19623434
102.30365362 68.40755421 25.35563088
102.41687400 68.63813675 25.51059214
102.53307147 68.86976470 25.66147644
102.65828905 69.10456009 25.80000814
102.78297044 69.34197956 25.93439591
102.90707840 69.58220540 26.06435186
103.03085663 69.81343644 26.20903379
103.15432703 70.03626954 26.36746451
103.27779742 70.25910263 26.52589524
103.38431206 70.46887903 26.71114110
103.48603541 70.67496592 26.90396427
103.61584119 70.86503898 27.09558178
103.75383653 71.05044200 27.28684769
103.89183186 71.23584502 27.47811359
104.06650821 71.41397524 27.64457785
104.24204554 71.59193474 27.81045996
104.41758287 71.76989425 27.97634207
104.60523179 71.93311176 28.14358453
104.79876782 72.08916360 28.31148822
104.99230384 72.24521544 28.47939191
105.19795337 72.34822055 28.66538444
105.41283250 72.41080800 28.86515931
105.62771162 72.47339546 29.06493419
105.84341166 72.52131707 29.26634468
106.06140803 72.52821421 29.47233046
106.27932997 72.53495017 29.67839453
106.49255896 72.53152399 29.88939527
106.70578794 72.52809782 30.10039601
106.91901693 72.52467164 30.31139675
107.12903597 72.46677621 30.51701784
107.32636559 72.37655479 30.72290534
107.51650063 72.27032706 30.92921710
107.70663566 72.16409933 31.13552885
