#spline3d 242
117.92199707 83.85070038 4.90069008
117.84131428 83.74660866 5.17023635
117.76027150 83.64050537 5.43885920
117.67808899 83.52803362 5.70455855
117.59590649 83.41556186 5.97025790
117.51372399 83.30309010 6.23595724
117.38393697 83.16263691 6.46666375
117.25189179 83.02085639 6.69571035
117.11293343 82.86754578 6.91164738
116.96304201 82.69600057 7.10685194
116.81315060 82.52445536 7.30205650
116.65762894 82.34874539 7.48877079
116.49853824 82.17039534 7.67010305
116.33944754 81.99204530 7.85143530
116.17185929 81.80777056 8.01693806
115.99083669 81.61412906 8.15741488
115.80800950 81.41590413 8.28789659
115.62146781 81.20824478 8.39780465
115.43492613 81.00058543 8.50771270
115.23796466 80.80599878 8.62237883
115.03431502 80.61980317 8.74009904
114.83066537 80.43360755 8.85781926
114.62222973 80.24809835 8.96703030
114.40310594 80.06412205 9.05723852
114.18398215 79.88014575 9.14744674
113.96524467 79.69249408 9.23068222
113.74658561 79.50409624 9.31250210
113.52808898 79.31169246 9.38436733
113.30955148 79.11677910 9.44954234
113.08509357 78.92654541 9.50810616
112.86063566 78.73631172 9.56666997
112.63895320 78.54527510 9.63239666
112.41922120 78.35367422 9.70315713
112.19701995 78.16182201 9.76365779
111.97129341 77.96961097 9.80951087
111.74556688 77.77739993 9.85536395
111.51806818 77.58705732 9.89987554
111.28367592 77.40398274 9.93916882
111.04928366 77.22090816 9.97846210
110.81779087 77.03164512 9.99688525
110.58780850 76.83915828 10.00443638
110.34601823 76.66198753 10.00752885
110.10007800 76.49019970 10.00905429
109.85745411 76.31387277 10.00645353
109.61726320 76.13421582 10.00082568
109.37707228 75.95455887 9.99519782
109.13122069 75.78308797 9.99949389
108.88146277 75.61726610 10.01063828
108.63163384 75.45172548 10.02308029
108.38071650 75.29049515 10.05540942
108.12979916 75.12926481 10.08773856
107.87888182 74.96803448 10.12006769
107.63036237 74.80182713 10.14468495
107.38203804 74.63521480 10.16867468
107.13176320 74.47160038 10.19185244
106.87340772 74.32040580 10.21166630
106.61505224 74.16921121 10.23148016
106.35577406 74.02033687 10.25388144
106.08868841 73.89109530 10.29817628
105.82160275 73.76185372 10.34247112
105.56387623 73.63474712 10.42653832
105.30812785 73.50809176 10.51901175
105.05237947 73.38143641 10.61148518
104.80348667 73.24720283 10.71161489
104.55491311 73.11261637 10.81210112
104.30226007 72.99193718 10.91732284
104.04028453 72.90303913 11.03336620
103.77793936 72.81807095 11.15068964
103.51150005 72.77662953 11.28219111
103.24506074 72.73518812 11.41369258
102.98075252 72.70601250 11.55240900
102.71693735 72.67967468 11.69279466
102.45963104 72.66708266 11.84567016
102.20676152 72.66386050 12.00705942
101.95389200 72.66063835 12.16844867
101.75906127 72.66570005 12.39574790
101.56684281 72.67113460 12.62601367
101.37155137 72.69281231 12.85242947
101.17490430 72.72165563 13.07714687
100.99170713 72.76575413 13.30949666
100.82297712 72.82626158 13.55005607
100.66840532 72.90467724 13.79416522
100.52362417 72.99547672 14.04072906
100.37884301 73.08627620 14.28729290
100.24396462 73.17355743 14.54012140
100.12678643 73.25455013 14.80414734
100.01134038 73.33854528 15.06791942
99.90185185 73.43286716 15.33081832
99.79236332 73.52718904 15.59371723
99.68811408 73.61942013 15.85942515
99.58715880 73.71033673 16.12689910
99.48948403 73.79801411 16.39659390
99.39647137 73.88108805 16.66944488
99.33888647 73.95403287 16.95232524
99.31390159 74.01765705 17.24443447
99.28891670 74.08128122 17.53654370
99.26664132 74.13141562 17.83132203
99.24569348 74.17494061 18.12740811
99.22857597 74.21815668 18.42369558
99.22524016 74.26026124 18.72070771
99.22166792 74.30239021 19.01771285
99.21632680 74.34470176 19.31466567
99.21098569 74.38701331 19.61161850
99.19063536 74.43233601 19.90736254
99.16600574 74.47851722 20.20276194
99.14137611 74.52469843 20.49816135
99.13145582 74.58045841 20.79269719
99.12348306 74.63748661 21.08711870
99.11551030 74.69451482 21.38154020
99.11287263 74.73047191 21.67882076
99.11383678 74.75220346 21.97803151
99.11478770 74.77385657 22.27724084
99.10680520 74.74250413 22.57549084
99.09882269 74.71115168 22.87374084
99.09179285 74.66346603 23.16949529
99.08547883 74.60350745 23.46337457
99.07987376 74.54188458 23.75686023
99.08197638 74.46216736 24.04606656
99.08407899 74.38245013 24.33527288
99.07230773 74.26569362 24.61134049
99.05631017 74.13806188 24.88042468
99.01571965 73.94722334 25.10831260
98.97512914 73.75638479 25.33620052
98.93389283 73.56418669 25.56255247
98.87532839 73.33550831 25.74769066
98.81676396 73.10682994 25.93282885
98.75819953 72.87815156 26.11796704
98.69214507 72.62891410 26.26999224
98.62416060 72.37437898 26.41348490
98.55617612 72.11984386 26.55697756
98.49072735 71.84168725 26.63533914
98.42644173 71.55269534 26.68382472
98.36215612 71.26370342 26.73231031
98.30359289 70.97409245 26.69746239
98.24624446 70.68435005 26.64492359
98.18889604 70.39460766 26.59238479
98.18079089 70.12616171 26.46027707
98.17492526 69.85868430 26.32455067
98.16951896 69.59112363 26.18899098
98.17503907 69.32158249 26.05739709
98.18055918 69.05204135 25.92580320
98.18701663 68.78225530 25.79485116
98.21097403 68.50789681 25.67588232
98.23493142 68.23353833 25.55691347
98.27560820 67.96631864 25.42796627
98.32841124 67.70427661 25.29178193
98.39732663 67.44264664 25.16460246
98.49584100 67.18177365 25.05396526
98.59435536 66.92090066 24.94332805
98.70649253 66.65910380 24.85306127
98.83538851 66.39617039 24.78785425
98.96428449 66.13323698 24.72264724
99.09705414 65.86853882 24.67507272
99.23033842 65.60360621 24.62984076
99.36362270 65.33867359 24.58460879
99.49304637 65.07041730 24.59937590
99.62133056 64.80118001 24.63185212
99.74961475 64.53194271 24.66432833
99.86296169 64.25788310 24.70583400
99.96167297 63.97909855 24.75618682
100.06038426 63.70031399 24.80653964
100.16703489 63.43220763 24.88396098
100.28023447 63.17290941 24.98371038
100.39223800 62.91572582 25.08876234
100.49455167 62.67567409 25.23677340
100.59686534 62.43562236 25.38478446
100.67542474 62.21433004 25.56788987
100.72244479 62.01917043 25.78759702
100.73578136 61.85306456 26.03705877
100.74911793 61.68695869 26.28652052
100.75979843 61.52263758 26.53668030
100.69501904 61.40902206 26.80667147
100.63023965 61.29540653 27.07666263
100.56019207 61.18739419 27.34571323
100.39900846 61.17631330 27.59849270
100.23782484 61.16523240 27.85127216
100.04812655 61.17505018 28.07893168
99.82675201 61.20808377 28.27868609
99.60537748 61.24111737 28.47844050
99.37218684 61.31505494 28.65054523
99.13654148 61.39749005 28.81690591
98.90089612 61.47992517 28.98326659
98.67440186 61.58955652 29.14440489
98.45561048 61.72208013 29.30114728
98.23681910 61.85460374 29.45788966
98.03887664 62.01012292 29.61825764
97.86046419 62.18718292 29.78202183
97.68579125 62.37696239 29.93456853
97.51362863 62.57528029 30.07958505
97.34146600 62.77359820 30.22460156
97.21286060 63.02073814 30.33179265
97.09106157 63.27550715 30.43307303
96.96926254 63.53027615 30.53435342
96.89232580 63.80272078 30.63319570
96.81701747 64.07580699 30.73194947
96.73869382 64.34975654 30.82548728
96.65487842 64.62527847 30.90952537
96.57302651 64.89793998 31.00372145
96.49258804 65.16854239 31.10522992
96.41214957 65.43914479 31.20673838
96.34239244 65.68882879 31.34934769
96.28433406 65.91560187 31.53697279
96.22627568 66.14237495 31.72459789
96.18460493 66.35812256 31.92570118
96.17944630 66.54930510 32.15683425
96.17428768 66.74048764 32.38796733
96.17792970 66.92226554 32.62540445
96.20584497 67.07810433 32.88022890
96.23726675 67.23040190 33.13634498
96.29821303 67.35288263 33.40333647
96.35915931 67.47536335 33.67032796
96.43774253 67.53979553 33.95194229
96.51798597 67.59876343 34.23493311
96.61551505 67.62862038 34.51678102
96.71810271 67.64338855 34.79730191
96.83222284 67.61043502 35.07278471
96.94634296 67.57748149 35.34826751
97.08529215 67.55812127 35.61229895
97.24038207 67.54759770 35.86888614
97.39547199 67.53707414 36.12547334
97.57261076 67.59188515 36.35902521
97.75421676 67.65993332 36.58791000
97.93892900 67.72961596 36.81288560
98.16992154 67.82365087 36.97961788
98.40091408 67.91768577 37.14635017
98.63239569 67.98444656 37.32307688
98.86429849 68.02771885 37.50841081
99.09620128 68.07099115 37.69374474
99.32636617 68.09267326 37.88261104
99.55334227 68.07474067 38.07795868
99.78031837 68.05680808 38.27330632
100.00690689 68.00588845 38.46288058
100.23345196 67.95127058 38.65180757
100.45999317 67.87346905 38.83242005
100.69171590 67.80144041 39.00842201
100.93214252 67.73937702 39.17677543
101.18206467 67.67506591 39.32871606
101.44024791 67.60879928 39.46637759
101.69843115 67.54253265 39.60403912
101.93951144 67.42465968 39.73427468
102.17476962 67.28921915 39.86198234
102.41002780 67.15377862 39.98969000
