#spline3d 311
122.54799652 104.23300171 5.84801006
122.81085368 104.24954540 5.99164993
123.07371084 104.26608908 6.13528979
123.33656800 104.28263277 6.27892965
123.60239932 104.30643666 6.41578159
123.86929819 104.33284659 6.55019701
124.13619707 104.35925652 6.68461244
124.39801211 104.39092340 6.82722238
124.65508546 104.42749341 6.97747532
124.91215880 104.46406343 7.12772826
125.16954536 104.49755625 7.27815038
125.42704876 104.52990117 7.42863560
125.68597664 104.55528802 7.57762623
125.94797771 104.56566347 7.72339242
126.20997878 104.57603891 7.86915861
126.46873959 104.57122264 8.01812326
126.71681810 104.51632323 8.17763241
126.96663159 104.46748132 8.33636868
127.21689607 104.42021393 8.49490406
127.46617296 104.37252301 8.65473395
127.70114704 104.31869833 8.83331189
127.92746109 104.24933196 9.01583865
128.13671584 104.14935019 9.20614414
128.31803548 104.03461386 9.41284196
128.47212532 103.90549549 9.63551824
128.62621515 103.77637712 9.85819452
128.77429901 103.65445863 10.08782694
128.90140966 103.55768252 10.34175054
129.02852032 103.46090640 10.59567414
129.15563097 103.36413028 10.84959774
129.26430154 103.24971926 11.10464490
129.37150591 103.13390606 11.35978139
129.47257403 103.00703122 11.61156923
129.56321452 102.86135881 11.85766653
129.65385501 102.71568639 12.10376384
129.70609262 102.54662788 12.34304358
129.73167188 102.36133532 12.57759074
129.75725114 102.17604276 12.81213789
129.75618004 101.98586142 13.04151064
129.71244880 101.78785443 13.26260054
129.66871757 101.58984744 13.48369044
129.61976868 101.38820217 13.69852885
129.51915695 101.15053221 13.85146784
129.41854523 100.91286225 14.00440684
129.29974893 100.70732755 14.18351588
129.16707668 100.52631404 14.38259427
129.03440443 100.34530053 14.58167267
128.86123146 100.22096218 14.79008910
128.67892678 100.10940239 15.00061097
128.49662210 99.99784260 15.21113285
128.29554099 99.88704416 15.40303565
128.08202666 99.77674988 15.58260941
127.85833583 99.64768620 15.73218233
127.62764368 99.50570939 15.86111503
127.39284556 99.33739298 15.94065074
127.15776912 99.16729115 16.01683808
126.91986328 99.00247078 16.09533298
126.67689792 98.84709474 16.17795425
126.43393255 98.69171870 16.26057552
126.18810903 98.53936647 16.34006696
125.93798712 98.39156175 16.41485147
125.68326160 98.24427099 16.46532080
125.42197507 98.09771273 16.48113651
125.16068854 97.95115446 16.49695221
124.89879149 97.80659723 16.51829529
124.63588711 97.66534168 16.54875850
124.37298272 97.52408612 16.57922170
124.10311979 97.39571415 16.60512867
123.83255834 97.26863548 16.63057827
123.56224946 97.14051327 16.65316314
123.29215288 97.01151395 16.67334016
123.02205629 96.88251462 16.69351718
122.75402193 96.75147674 16.72423051
122.48673795 96.61969710 16.75877767
122.22261373 96.48129404 16.79088247
121.96125456 96.33709497 16.82085003
121.70040960 96.19178188 16.84972886
121.44148946 96.04229881 16.87453231
121.18256933 95.89281574 16.89933577
120.92364919 95.74333267 16.92413923
120.67427879 95.57758160 16.94138378
120.42591308 95.41011902 16.95783308
120.18955589 95.22653952 16.94894309
119.95727256 95.03749238 16.93145680
119.72764048 94.84493987 16.92180061
119.50127796 94.64806451 16.92180061
119.27491544 94.45118915 16.92180061
119.04839207 94.25449959 16.92158845
118.82148158 94.05825722 16.92086565
118.59457108 93.86201484 16.92014286
118.36654917 93.66725890 16.91557234
118.13516265 93.47700284 16.89935360
117.90377612 93.28674679 16.88313487
117.66187262 93.10969396 16.87248149
117.41925170 92.93354181 16.86220776
117.16575247 92.77344916 16.85536778
116.90898369 92.61870583 16.84867451
116.64040565 92.48539811 16.83892846
116.37182760 92.35209039 16.82918241
116.10007921 92.22573169 16.81829329
115.82472972 92.10726613 16.80610579
115.55372450 91.97991796 16.79120500
115.28753280 91.84272771 16.77329784
115.02134111 91.70553746 16.75539067
114.74747079 91.58464090 16.73831495
114.47153872 91.46811926 16.72146247
114.19625632 91.34998875 16.70611426
113.92455293 91.22299496 16.69905305
113.65284953 91.09600117 16.69199183
113.38628559 90.95869237 16.68919280
113.12252296 90.81576127 16.68871691
112.85834864 90.67463572 16.69405296
112.59121769 90.54647688 16.74112811
112.32408674 90.41831805 16.78820327
112.06271778 90.29713289 16.86275173
111.81128612 90.18797474 16.98468150
111.55985447 90.07881660 17.10661127
111.31049391 89.97097481 17.23306639
111.07666997 89.87300781 17.39346878
110.84284603 89.77504081 17.55387118
110.60902209 89.67707381 17.71427358
110.43627273 89.56379949 17.92900199
110.27428352 89.44782832 18.15330159
110.13718383 89.33175994 18.39220969
110.01964281 89.21561518 18.64259743
109.92821840 89.10722178 18.90591325
109.85278865 89.00357557 19.17714666
109.77801137 88.89619183 19.44660767
109.71319120 88.73177071 19.68902063
109.64837103 88.56734958 19.93143359
109.57750606 88.40787217 20.17471014
109.47122934 88.27735611 20.42304576
109.36495262 88.14684005 20.67138138
109.26445022 88.01931459 20.92269900
109.21763074 87.91959227 21.20173980
109.17081127 87.81986996 21.48078060
109.15366962 87.71824669 21.75733584
109.23304965 87.61044088 22.02580724
109.31242969 87.50263507 22.29427864
109.41624918 87.41401098 22.55960546
109.54435791 87.34445071 22.82180702
109.67246665 87.27489045 23.08400859
109.79333613 87.23445915 23.35507184
109.91213154 87.20237341 23.62867399
110.03092694 87.17028767 23.90227614
110.16438897 87.14881979 24.16962929
110.30782137 87.13456994 24.43273436
110.45125377 87.12032008 24.69583942
110.59361443 87.09509577 24.95836775
110.73442730 87.05402227 25.22006317
110.87524018 87.01294877 25.48175858
111.02273766 86.93791260 25.73178844
111.17073308 86.86034655 25.98094933
111.30845559 86.75589899 26.22410914
111.43433000 86.62044806 26.46034768
111.55557684 86.47783018 26.69414225
111.65922535 86.30795688 26.91864256
111.76287385 86.13808358 27.14314287
111.86652236 85.96821028 27.36764318
111.96240974 85.76590903 27.56679517
112.05733083 85.55957031 27.76279115
112.15225191 85.35323160 27.95878713
112.20158042 85.11702789 28.12995944
112.21945661 84.86022164 28.28400698
112.23733281 84.60341538 28.43805452
112.25445424 84.33630355 28.56904328
112.27015723 84.04982413 28.65669696
112.28586021 83.76334471 28.74435063
112.30989239 83.47247276 28.81029995
112.34086795 83.17793913 28.85815609
112.37184350 82.88340549 28.90601223
112.37477352 82.58366051 28.91294318
112.37661475 82.28371322 28.91828532
112.37845598 81.98376592 28.92362747
112.36081780 81.68467206 28.91843767
112.33505722 81.38593406 28.90885633
112.28907834 81.09051826 28.89577686
112.22231348 80.79851796 28.87910104
112.15554862 80.50651766 28.86242523
112.08036813 80.21683178 28.84770449
111.98276271 79.93331308 28.83819340
111.88515728 79.64979437 28.82868231
111.78643074 79.36669179 28.82010308
111.67185162 79.08947317 28.82470040
111.55727249 78.81225455 28.82929773
111.43895062 78.53704182 28.83868591
111.30514355 78.27012828 28.86789574
111.17133648 78.00321474 28.89710557
111.03246599 77.73775734 28.91206296
110.89308110 77.47244787 28.92557244
110.77134199 77.20234671 28.96955081
110.65366534 76.93114240 29.02054382
110.52875824 76.66963875 29.09298890
110.39472173 76.42038344 29.19252006
110.26068523 76.17112814 29.29205122
110.11032702 75.97792801 29.46512298
109.95976132 75.78544049 29.63912961
109.80740084 75.60057235 29.81804761
109.64246671 75.46908340 30.03137312
109.47753257 75.33759445 30.24469863
109.30412075 75.22375968 30.45907571
109.10839017 75.15640219 30.67622119
108.91265960 75.08904469 30.89336668
108.71692902 75.02168719 31.11051216
108.48763520 75.01293622 31.30327838
108.25710945 75.00633640 31.49514976
108.03476037 75.00737820 31.69575400
107.82531567 75.02047995 31.91014039
107.60984767 75.03531762 32.11737813
107.36731606 75.05795505 32.29249592
107.12478446 75.08059247 32.46761372
106.87763911 75.10578287 32.63407585
106.60465567 75.14527055 32.75206416
106.33167224 75.18475823 32.87005247
106.06172068 75.25202906 32.97628835
105.79610668 75.35904784 33.06571064
105.53049267 75.46606663 33.15513293
105.26833983 75.57348912 33.25322634
105.01071180 75.68143937 33.36265558
104.75458295 75.79079207 33.47374537
104.51979131 75.92010539 33.60846911
104.28499967 76.04941871 33.74319286
104.05905198 76.18556328 33.88420469
103.86147686 76.34362338 34.04538948
103.66390173 76.50168348 34.20657428
103.48981449 76.66895014 34.38057810
103.35789991 76.85274722 34.57759857
103.22598533 77.03654430 34.77461904
103.09835929 77.22235236 34.97168728
103.03781451 77.43961594 35.16950273
102.97726973 77.65687952 35.36731819
102.93219393 77.86923263 35.57282664
102.91785025 78.07183014 35.79361871
102.90350656 78.27442764 36.01441077
102.91322386 78.46613624 36.24314551
102.94933057 78.64590220 36.48059156
102.98543728 78.82566816 36.71803760
103.03966162 79.00972167 36.94551281
103.15233746 79.20760774 37.14081991
103.26501330 79.40549382 37.33612701
103.40029572 79.60357187 37.51484742
103.55060127 79.80177751 37.68254517
103.70090682 79.99998314 37.85024293
103.86325342 80.19293091 38.01204021
104.03933491 80.37988118 38.16710696
104.21541640 80.56683146 38.32217372
104.41098578 80.74124199 38.46733257
104.61462927 80.91045714 38.60838643
104.81827275 81.07967230 38.74944030
105.04141246 81.23325888 38.87496537
105.28401154 81.37124643 38.98499099
105.52661062 81.50923399 39.09501661
105.77808317 81.61765363 39.21442914
106.03592675 81.70484392 39.34058133
106.31080510 81.76777614 39.44123358
106.58958730 81.82514917 39.53604203
106.86921944 81.88107613 39.62901762
107.15346478 81.92915434 39.71204515
107.43771012 81.97723255 39.79507267
107.72458879 82.02023027 39.86959331
108.01895562 82.04878111 39.91992371
108.31332294 82.07735115 39.97023285
108.60813920 82.12361731 40.00093705
108.90295547 82.16988347 40.03164125
109.19626490 82.23164295 40.03438753
109.48935777 82.29562917 40.03311566
109.78245064 82.35961538 40.03184379
110.07854610 82.40407314 40.04094457
110.37625760 82.43802047 40.05562801
110.67430497 82.46917395 40.06923785
110.97281026 82.49651854 40.08138402
111.27131555 82.52386314 40.09353019
111.56993429 82.54490904 40.11128749
111.86866264 82.55986941 40.13446603
112.16756531 82.57478148 40.15498809
112.46680225 82.58960091 40.17041611
112.76603919 82.60442034 40.18584414
113.06507097 82.61328763 40.20796679
113.36407294 82.62129012 40.23106213
113.66022890 82.64207064 40.27254693
113.95561088 82.66632616 40.31903276
114.24499108 82.70273908 40.38529466
114.52870932 82.75062106 40.47021293
114.80967563 82.80825391 40.55754032
115.08783402 82.87583600 40.64732583
115.36533003 82.94243195 40.73960947
115.63888177 83.00315568 40.84676859
115.91243350 83.06387941 40.95392771
116.14841032 83.12031159 41.12911194
116.38165119 83.17643130 41.30924929
116.61768600 83.21926707 41.48808055
116.86081724 83.22836248 41.66359444
117.10394848 83.23745790 41.83910833
117.34593087 83.24490603 42.01596442
117.56594077 83.22084875 42.21849111
117.78595067 83.19679147 42.42101781
117.99860142 83.15737188 42.62741121
118.19611228 83.08634761 42.84175955
118.39362314 83.01532334 43.05610788
118.56249883 82.91996482 43.28422751
118.72512628 82.81929653 43.51535205
118.88775374 82.71862824 43.74647659
119.00191320 82.59817258 43.99398877
119.09681409 82.46985448 44.24801251
119.19171498 82.34153638 44.50203625
119.26770243 82.19710481 44.75251505
119.32490911 82.03667281 44.99947377
119.38211580 81.87624080 45.24643249
119.45090118 81.72118009 45.49310886
119.54633949 81.57848354 45.73913528
119.64177781 81.43578698 45.98516170
