#spline3d 230
116.98000336 81.65540314 2.45965004
116.74474389 81.48169230 2.52656441
116.50651525 81.31071976 2.58874533
116.25685744 81.15028771 2.63270590
116.00719962 80.98985565 2.67666646
115.75200913 80.83761767 2.71252592
115.48274792 80.70621887 2.72778264
115.21348671 80.57482007 2.74303936
114.95340948 80.42593955 2.74819731
114.69646523 80.27109539 2.74991022
114.43952098 80.11625123 2.75162312
114.18080108 79.96781885 2.77783727
113.92113171 79.82281492 2.81715255
113.66514771 79.67188905 2.85749592
113.41405800 79.51309864 2.89920464
113.16475500 79.35186825 2.94194145
112.92007117 79.18432984 2.98733617
112.67538734 79.01679144 3.03273090
112.42885242 78.85428500 3.08434000
112.17823243 78.70288339 3.14966331
111.92761243 78.55148178 3.21498663
111.67740286 78.39954506 3.28060587
111.43059111 78.24317835 3.34867492
111.18377936 78.08681164 3.41674398
110.94052461 77.93302249 3.50070031
110.69893739 77.78044171 3.59210467
110.45763032 77.62805295 3.68450784
110.21890449 77.47743343 3.78611408
109.98017866 77.32681392 3.88772031
109.73971373 77.18109529 3.99221137
109.49792878 77.03867411 4.09828688
109.25320689 76.89469144 4.19513866
109.00986658 76.75001559 4.29413085
108.77743123 76.59986838 4.41001754
108.54499588 76.44972117 4.52590423
108.31716963 76.29422462 4.64371619
108.09247301 76.13509581 4.76283544
107.86777639 75.97596701 4.88195468
107.64558680 75.83493928 5.02529003
107.42393643 75.69780476 5.17383379
107.20228606 75.56067023 5.32237756
106.97875364 75.44194761 5.48281578
106.75445236 75.33074650 5.64811304
106.53015109 75.21954538 5.81341030
106.31346949 75.10341140 5.98528993
106.09949921 74.99200670 6.16271228
105.89496703 74.91454557 6.36805671
105.69043485 74.83708445 6.57340114
105.48590266 74.75962332 6.77874557
105.29973638 74.68779867 7.00262766
105.11511833 74.61644916 7.22807246
104.93050028 74.54509966 7.45351727
104.76124379 74.47994336 7.69230766
104.59490864 74.41596485 7.93363602
104.42857349 74.35198633 8.17496438
104.28557886 74.28278145 8.42905707
104.16594692 74.20628056 8.69259383
104.06449159 74.12350365 8.96251047
103.96303626 74.04072673 9.23242712
103.87270959 73.95923619 9.50653923
103.78728790 73.87831262 9.78250050
103.70186622 73.79738906 10.05846177
103.61799272 73.71747516 10.33518918
103.53444551 73.63777407 10.61207806
103.47578891 73.56967227 10.89766212
103.42803143 73.50664959 11.18705363
103.38410809 73.44644228 11.47752345
103.35196843 73.39488759 11.77130735
103.31982876 73.34333291 12.06509125
103.30118560 73.30218341 12.36164033
103.28335636 73.26166140 12.65835616
103.28022637 73.25066318 12.95785992
103.27933686 73.24416502 13.25778863
103.28407145 73.23634111 13.55761542
103.29224519 73.22770650 13.85737990
103.30041893 73.21907188 14.15714438
103.33926585 73.16679643 14.44879300
103.38548018 73.10403888 14.73849227
103.43169451 73.04128132 15.02819153
103.48628047 72.98179258 15.31701257
103.54742952 72.92486650 15.60514511
103.60364176 72.87603661 15.89543708
103.65012295 72.84316528 16.18998555
103.69660414 72.81029395 16.48453401
103.74964699 72.74594666 16.77260946
103.80304604 72.67989067 17.06033351
103.85644510 72.61383468 17.34805757
103.90160919 72.49302296 17.61833568
103.94600533 72.36710498 17.88698688
103.99008409 72.24046917 18.15532960
104.02861539 72.10128616 18.41828060
104.06714669 71.96210316 18.68123159
104.09913387 71.80162384 18.92937970
104.11606970 71.59216339 19.14348142
104.13300553 71.38270294 19.35758314
104.12044062 71.16587456 19.56281940
104.08712286 70.94386306 19.76181907
104.05380510 70.72185156 19.96081875
104.01964965 70.48927570 20.14583149
103.98410084 70.23912775 20.30757927
103.94855203 69.98897980 20.46932705
103.92798802 69.71648138 20.58606092
103.91665872 69.43020903 20.67505404
103.90532941 69.14393667 20.76404716
103.89382260 68.85511111 20.84314251
103.88199086 68.56161179 20.90411959
103.87720090 68.26612310 20.94895688
103.88705810 67.96649644 20.96022283
103.89691530 67.66686978 20.97148877
103.92057578 67.37137796 20.94746983
103.95894503 67.08029223 20.88585129
103.99731429 66.78920651 20.82423274
104.04775206 66.50216666 20.75343491
104.10073546 66.21598021 20.68070088
104.15634400 65.93023194 20.60834804
104.21946543 65.64573771 20.53708613
104.29356280 65.36320131 20.46991377
104.38091787 65.08302975 20.40768113
104.48005092 64.80692175 20.34509957
104.58072049 64.53134388 20.28247248
104.68139006 64.25576600 20.21984540
104.76265172 63.98189977 20.12992326
104.83860757 63.70850147 20.03253908
104.90269188 63.43222783 19.93575892
104.95095354 63.15212188 19.83978384
104.99921521 62.87201592 19.74380875
105.03759583 62.59055472 19.65038466
105.02206958 62.30169988 19.57087773
105.00654334 62.01284505 19.49137080
104.94464769 61.72567594 19.44201912
104.86356366 61.43920441 19.40514613
104.78247962 61.15273288 19.36827315
104.68273638 60.87016275 19.38067608
104.58264588 60.58766523 19.39399602
104.47029979 60.31387821 19.42848514
104.33559904 60.05597945 19.50158760
104.20089828 59.79808069 19.57469006
104.05244431 59.57149181 19.69633127
103.89688158 59.36108634 19.84306115
103.74131886 59.15068088 19.98979103
103.58004108 58.97177855 20.16547703
103.41533575 58.81176989 20.35852917
103.25063043 58.65176124 20.55158132
103.08096128 58.53796047 20.76841532
102.90902546 58.44525990 20.99610898
102.73708965 58.35255933 21.22380264
102.56004947 58.33648238 21.46213265
102.38165306 58.34076427 21.70328873
102.20325666 58.34504615 21.94444481
102.03130311 58.40655735 22.18236481
101.86239561 58.48215619 22.41758039
101.70003230 58.58724371 22.64691534
101.53766899 58.69233123 22.87625029
101.36947807 58.80593934 23.09613147
101.18775832 58.93948343 23.29396971
101.04781183 59.10046609 23.50491953
100.90786533 59.26144875 23.71586934
100.76791884 59.42243141 23.92681916
100.60948463 59.60004068 24.10848438
100.44664682 59.78161027 24.28317427
100.28429125 59.96673751 24.45422559
100.12397089 60.16687897 24.60992116
99.97199419 60.38168487 24.75189576
99.83068923 60.61524695 24.87632090
99.68938428 60.84880903 25.00074605
99.55874340 61.09793962 25.10229285
99.43483545 61.35689963 25.18939507
99.31092749 61.61585964 25.27649730
99.20213898 61.88096983 25.36316017
99.11441105 62.15464689 25.44921104
99.02668311 62.42832394 25.53526191
98.95100144 62.71548933 25.57488043
98.87647649 63.00394992 25.61004034
98.80195154 63.29241051 25.64520025
98.79208402 63.58740427 25.68926457
98.79633217 63.88382432 25.73527286
98.80058033 64.18024438 25.78128115
98.84780334 64.47141155 25.82253880
98.92424004 64.75900788 25.86056703
99.02174658 65.03939423 25.89707926
99.14221867 65.31192188 25.93193909
99.26269076 65.58444953 25.96679893
99.38724204 65.85488287 26.00229950
99.52939506 66.11627921 26.04056486
99.67933127 66.37304976 26.07716119
99.85209089 66.61625570 26.10886326
100.02485050 66.85946163 26.14056533
100.19706592 67.10176246 26.18067825
100.36910572 67.34377118 26.22350558
100.54114551 67.58577990 26.26633291
100.72309527 67.81573792 26.32503636
100.91639802 68.03189049 26.40192775
101.10970076 68.24804306 26.47881913
101.31364086 68.44351375 26.57740141
101.52263923 68.62914979 26.68629817
101.73423046 68.80753836 26.80174102
101.94783532 68.98029850 26.92226758
102.16144018 69.15305865 27.04279415
102.37946697 69.31872430 27.16507635
102.60150191 69.47795931 27.28894991
102.82353685 69.63719433 27.41282347
103.04921744 69.79250052 27.53460144
103.28791820 69.93377524 27.64889517
103.52661896 70.07504996 27.76318890
103.76535260 70.21565858 27.87812906
104.00499693 70.33781384 28.01097778
104.24464126 70.45996910 28.14382651
104.47433612 70.54036229 28.31298311
104.69722272 70.59217843 28.50698456
104.92010932 70.64399457 28.70098601
105.13907026 70.69332607 28.89991036
105.35362325 70.73986770 29.10436241
105.56817624 70.78640933 29.30881446
105.77874328 70.83173463 29.51730283
105.97280365 70.87202287 29.74250644
106.16686402 70.91231111 29.96771005
106.36209220 70.93426645 30.19338988
106.55895300 70.93059223 30.41973549
106.75465696 70.92665260 30.64698438
106.92830681 70.91765323 30.89145372
107.10195666 70.90865386 31.13592305
107.27560652 70.89965448 31.38039239
107.41517940 70.87744267 31.64458410
107.55021835 70.85347293 31.91139989
107.68525729 70.82950320 32.17821567
107.80105240 70.78920869 32.45168160
107.91164465 70.74450052 32.72694548
108.02223690 70.69979236 33.00220936
108.11563475 70.64562617 33.28194980
108.20529139 70.58940207 33.56266425
