#spline3d 274
62.10290146 87.59809875 3.85203004
62.15240652 87.44422934 4.10476203
62.20130932 87.29364404 4.35955121
62.24962238 87.14627457 4.61635481
62.29793544 86.99890511 4.87315840
62.35805294 86.84947122 5.12530751
62.45218405 86.69408888 5.36404508
62.54631516 86.53870654 5.60278264
62.66151303 86.35979829 5.81333551
62.78128223 86.17578511 6.01777253
62.89119394 85.97676461 6.21282611
62.99653516 85.76430862 6.39619586
63.10698038 85.54103148 6.56337587
63.21742561 85.31775434 6.73055589
63.33874256 85.08118467 6.86809516
63.46376468 84.84008482 6.99553264
63.58878681 84.59898496 7.12297012
63.76045161 84.37257346 7.21707129
63.93762904 84.14789795 7.30723249
64.11480648 83.92322244 7.39739369
64.30715555 83.70349836 7.46138600
64.50964791 83.48708465 7.50788260
64.72375221 83.28266171 7.55167141
64.95625764 83.09724018 7.59116928
65.18876306 82.91181866 7.63066715
65.43931667 82.75022422 7.65928747
65.69506146 82.59548314 7.68477908
65.95877246 82.45360794 7.70121031
66.22274270 82.31201004 7.71395859
66.47355508 82.14764115 7.70524285
66.72646169 81.98730689 7.69350803
66.99297003 81.85317679 7.66216481
67.25947838 81.71904669 7.63082160
67.52333429 81.57903748 7.60631275
67.78188071 81.42725978 7.59548462
68.04042713 81.27548207 7.58465648
68.30113945 81.12786776 7.57363061
68.57338715 81.00242725 7.56155160
68.84563484 80.87698673 7.54947260
69.11685287 80.74999224 7.53304394
69.38607922 80.61999191 7.50820187
69.65547634 80.49094282 7.48086831
69.92545751 80.36514725 7.44501315
70.19543868 80.23935167 7.40915799
70.46600611 80.11383782 7.37716891
70.73719349 79.98862187 7.34926796
71.00938139 79.86612892 7.31961990
71.28421167 79.75082737 7.28535774
71.55677704 79.63004259 7.26114706
71.82048081 79.48780439 7.27626337
72.08418458 79.34556618 7.29137967
72.35087597 79.20836825 7.29824780
72.61772120 79.07142987 7.30469118
72.88456644 78.93449149 7.31113456
73.15662572 78.80816377 7.30714554
73.42887394 78.68222056 7.30277847
73.70074355 78.55619486 7.31130951
73.97231373 78.43010393 7.33004138
74.24388391 78.30401300 7.34877325
74.51318185 78.17369023 7.37008405
74.77937453 78.03758419 7.39491926
75.04558816 77.90151600 7.41973578
75.31248956 77.76669015 7.44393892
75.57939095 77.63186430 7.46814206
75.84431690 77.49422838 7.49557625
76.09875128 77.34166819 7.54017046
76.35318566 77.18910799 7.58476467
76.60725625 77.03629996 7.63003890
76.83460854 76.86528986 7.72525671
77.06196083 76.69427976 7.82047452
77.28931312 76.52326965 7.91569233
77.51258575 76.37108653 8.04362130
77.73409221 76.22705396 8.18571157
77.95559866 76.08302140 8.32780184
78.16716188 75.94401471 8.48862083
78.37756743 75.80559317 8.65162037
78.58413208 75.66487621 8.81686465
78.75636355 75.50364080 9.00217440
78.92737813 75.34240348 9.18851855
79.08283662 75.18114173 9.38808600
79.23125724 75.02101099 9.59309482
79.35335649 74.86511019 9.81845414
79.47393377 74.70003368 10.03762822
79.59239324 74.52218913 10.24819551
79.70622212 74.34888969 10.46427004
79.79946213 74.19579907 10.70483133
79.89270215 74.04270844 10.94539262
79.96946109 73.89506598 11.19403050
80.02422891 73.75469314 11.45344518
80.07899672 73.61432029 11.71285985
80.12486387 73.47629559 11.97432806
80.12272529 73.35093562 12.24687197
80.12058671 73.22557564 12.51941587
80.11844813 73.10021566 12.79195978
80.13264703 73.00392639 13.07544968
80.14896872 72.91141440 13.36036184
80.16351443 72.81963136 13.64557084
80.16865960 72.73170675 13.93235105
80.17380477 72.64378215 14.21913126
80.17894994 72.55585754 14.50591148
80.14783442 72.49000885 14.79631723
80.10952279 72.42854123 15.08744249
80.07121116 72.36707361 15.37856774
80.02617396 72.34483145 15.67210960
79.97559369 72.35491803 15.96764317
79.92501343 72.36500461 16.26317673
79.88007382 72.41618783 16.55436216
79.83698871 72.48088263 16.84411803
79.78335978 72.55321327 17.12993652
79.71832281 72.63380559 17.41149491
79.65904671 72.73719779 17.68596032
79.60421411 72.85817605 17.95495475
79.56229946 72.98641333 18.22193796
79.55034056 73.13148370 18.48425730
79.53838167 73.27655407 18.74657663
79.53208066 73.43950311 18.99817948
79.52695933 73.60652684 19.24732885
79.51487882 73.78109044 19.49101272
79.50279830 73.95565404 19.73469660
79.50411660 74.15462416 19.95818102
79.51068518 74.36315787 20.17375037
79.51707674 74.57571415 20.38485934
79.52243083 74.81184709 20.56982556
79.52778493 75.04798003 20.75479177
79.54896115 75.29132165 20.92694300
79.59388626 75.54548344 21.07985902
79.63881138 75.79964523 21.23277505
79.70730425 76.05758394 21.36163268
79.82036716 76.32266534 21.44499241
79.93343008 76.58774674 21.52835214
80.06574764 76.84615802 21.59074918
80.23912470 77.09034566 21.60844437
80.41250177 77.33453329 21.62613957
80.60138212 77.56343531 21.63197572
80.83804115 77.74522949 21.60126416
81.07470017 77.92702366 21.57055261
81.32460093 78.05582059 21.49392742
81.58773696 78.13164614 21.37141103
81.85087299 78.20747169 21.24889463
82.11621321 78.26270889 21.12297494
82.38499625 78.28578844 20.99173953
82.65377928 78.30886798 20.86050413
82.92286101 78.32042244 20.72985834
83.19282361 78.29798873 20.60095139
83.46278620 78.27555502 20.47204444
83.72749801 78.20061968 20.35306579
83.99192449 78.12283142 20.23462664
84.25635097 78.04504315 20.11618750
84.48037313 77.91160837 19.96983957
84.70005558 77.77219673 19.82049404
84.91973802 77.63278510 19.67114851
85.12590190 77.45971178 19.54025386
85.32873132 77.27833552 19.41391028
85.53156074 77.09695927 19.28756670
85.69063462 76.86543965 19.18602070
85.84292080 76.62614138 19.08832150
85.99520698 76.38684311 18.99062231
86.12928797 76.14209118 18.88222844
86.24922225 75.89310136 18.76552405
86.36915653 75.64411155 18.64881966
86.46185635 75.39671717 18.51261459
86.51457144 75.15166515 18.34777927
86.56728653 74.90661314 18.18294395
86.61898741 74.66036995 18.01972788
86.66032366 74.40195379 17.87305954
86.65474273 74.13044744 17.75146438
86.62622444 73.85254141 17.64212727
86.59770614 73.57463539 17.53279016
86.53499721 73.30173114 17.43045825
86.44151898 73.03332815 17.33443057
86.34804074 72.76492515 17.23840288
86.24715319 72.49963345 17.14214239
86.12612344 72.24279977 17.04524901
86.00509369 71.98596610 16.94835563
85.87097430 71.73252802 16.86306367
85.71597597 71.48450619 16.79627685
85.55882596 71.23655066 16.73590873
85.39334622 70.98885185 16.70038930
85.22786647 70.74115304 16.66486988
85.04309170 70.50719270 16.65418114
84.84182351 70.28497602 16.66471771
84.63711625 70.06668289 16.67680339
84.39790592 69.88775360 16.70443095
84.16708109 69.69849069 16.72459126
83.95402271 69.48733388 16.72893068
83.74096432 69.27617706 16.73327010
83.52351409 69.07094774 16.75225116
83.30220353 68.87092856 16.78410193
83.07234088 68.68571969 16.82660596
82.82026005 68.53898770 16.89678696
82.56817922 68.39225570 16.96696795
82.31816564 68.27291916 17.07846833
82.06884049 68.16270589 17.20372894
81.81951535 68.05249263 17.32898956
81.60204176 67.92574303 17.48689892
81.40763340 67.78701868 17.66845079
81.21322504 67.64829433 17.85000265
81.01226684 67.52953849 18.03663370
80.80175726 67.43990195 18.23067153
80.59124768 67.35026540 18.42470935
80.39439028 67.23659492 18.61877739
80.20938977 67.10205102 18.81287165
80.02438926 66.96750712 19.00696592
79.86280623 66.82865632 19.21391171
79.75830832 66.67930655 19.45218580
79.65381040 66.52995678 19.69045989
79.55679986 66.38440115 19.93355681
79.48425467 66.25124307 20.19241252
79.41170949 66.11808499 20.45126823
79.38821888 65.99577403 20.72311363
79.37545058 65.87583402 20.99779831
79.37890138 65.74531013 21.26555808
79.43052991 65.58334747 21.51274786
79.51036592 65.44587119 21.76435513
79.61852730 65.33298362 22.02039833
79.72668868 65.22009605 22.27644154
79.86274791 65.14556325 22.53099102
80.01290634 65.09041444 22.78478559
80.16306478 65.03526563 23.03858016
80.33161692 65.00747041 23.28331097
80.51472555 65.00132238 23.52086885
80.73246627 65.03413334 23.72239999
80.95795521 65.07566056 23.91587091
81.18344414 65.11718779 24.10934183
81.41633702 65.22551970 24.25940133
81.65097240 65.34957392 24.39924407
81.88752215 65.49388047 24.51207770
82.12488962 65.64683772 24.61337447
82.36225709 65.79979498 24.71467124
82.56489280 65.99329062 24.80663987
82.73156924 66.22875736 24.88895067
82.89824568 66.46422411 24.97126146
83.05164854 66.70560384 25.05846292
83.17117693 66.96207363 25.15814546
83.29070531 67.21854341 25.25782800
83.41023370 67.47501320 25.35751054
83.51098735 67.73349812 25.47165859
83.61157189 67.99200119 25.58593692
83.71215644 68.25050426 25.70021525
83.80195861 68.49399095 25.85013359
83.89059109 68.73584865 26.00391821
83.95764888 68.97533031 26.17031946
84.00887708 69.21306866 26.34597766
84.05982060 69.45063058 26.52195545
84.11018114 69.68783125 26.69858765
84.15037415 69.93166956 26.86790794
84.17750783 70.18403335 27.02783672
84.19927113 70.43987005 27.18209758
84.20058663 70.70892988 27.31477781
84.19534785 70.97663075 27.44912211
84.15436073 71.23691961 27.59254260
84.11337362 71.49720846 27.73596309
84.06815349 71.74964373 27.89126218
84.02076799 71.99806154 28.05263769
83.97010527 72.24844450 28.20991339
83.91886824 72.49917183 28.36647064
83.85955549 72.74964212 28.51909533
83.75503458 72.99867356 28.64970544
83.63853508 73.24306187 28.77763442
83.49863070 73.47837802 28.90032479
83.35860966 73.71352735 29.02313491
83.18421586 73.89951965 29.18122888
83.01012007 74.06277467 29.36067282
82.83628104 74.20643870 29.55851239
82.65462501 74.34953979 29.74815672
82.43904772 74.49019804 29.90223843
82.22347044 74.63085630 30.05632014
81.98200622 74.75837281 30.17740126
81.73016831 74.88062301 30.28525802
81.47801693 75.00220232 30.39299647
81.20853051 75.08667928 30.49419213
80.93867532 75.15891661 30.60059717
80.66749166 75.18706113 30.72576886
80.39630800 75.21520565 30.85094055
