#spline3d 255
123.83599854 113.71900177 4.37259007
123.99721659 113.64777390 4.61535606
124.15843464 113.57654604 4.85812206
124.32476794 113.51446253 5.09958313
124.49914938 113.46676636 5.33899110
124.67353082 113.41907019 5.57839907
124.84546978 113.37360747 5.81971664
124.99466506 113.34894201 6.07881585
125.15455836 113.32041488 6.33057378
125.32836269 113.28686627 6.57278557
125.50866838 113.25353890 6.80987229
125.70499831 113.22075682 7.03432694
125.90132824 113.18797475 7.25878158
126.10174458 113.13270469 7.47401967
126.30519595 113.06073249 7.68241247
126.50864733 112.98876029 7.89080528
126.71052184 112.91341841 8.09948206
126.90964365 112.83219408 8.30865459
127.10876546 112.75096975 8.51782711
127.30870347 112.66962069 8.72612050
127.52043477 112.58646927 8.92171123
127.73216608 112.50331785 9.11730197
127.94942154 112.41230042 9.30273438
128.17037013 112.31602425 9.48137553
128.38283477 112.21249112 9.66575387
128.58752814 112.10231063 9.85538746
128.78859538 111.97258205 10.03435338
128.98457908 111.81544861 10.19836408
129.18032965 111.65793303 10.36228084
129.37397832 111.49697205 10.52535066
129.56762700 111.33601107 10.68842048
129.75254998 111.17238217 10.85774421
129.91190359 111.00093530 11.04539410
130.07016827 110.82866312 11.23297112
130.17635918 110.61692360 11.41706294
130.28255008 110.40518408 11.60115476
130.38874098 110.19344456 11.78524658
130.44995688 109.95044464 11.94882271
130.50530257 109.70336456 12.10972109
130.56064827 109.45628449 12.27061947
130.60297348 109.19895223 12.41864124
130.64298462 108.93979790 12.56437450
130.68299575 108.68064356 12.71010777
130.68716359 108.41477301 12.84466187
130.66199542 108.14340556 12.97006638
130.63682725 107.87203811 13.09547088
130.58727253 107.60989776 13.22492333
130.46525226 107.37517607 13.36640438
130.34323200 107.14045437 13.50788543
130.18903107 106.91304230 13.62647768
130.02601792 106.68763187 13.73880214
129.86300478 106.46222144 13.85112660
129.69604657 106.23324248 13.94890661
129.52690876 106.00229195 14.03865095
129.33801585 105.78079840 14.10542746
129.13341676 105.56682358 14.15394354
128.92881767 105.35284876 14.20245963
128.71172670 105.14997847 14.22079846
128.48016221 104.95997429 14.20417285
128.24859772 104.76997012 14.18754723
128.00158377 104.60595852 14.14707841
127.74991779 104.44977364 14.09943008
127.49825181 104.29358875 14.05178176
127.23985357 104.15122127 13.99984731
126.97445947 104.02321219 13.94345892
126.70169150 103.90480724 13.90444878
126.42800279 103.78760150 13.86760855
126.15431409 103.67039576 13.83076833
125.89182512 103.53210956 13.78883290
125.63343386 103.38611052 13.74503326
125.37504261 103.24011148 13.70123361
125.10744968 103.11267343 13.65499773
124.83952294 102.98590869 13.60867346
124.57159620 102.85914396 13.56234919
124.29768185 102.74111643 13.53180957
124.02198009 102.62569712 13.50598194
123.74357700 102.51717701 13.48040346
123.46217790 102.41630877 13.45510129
123.18077880 102.31544053 13.42979913
122.89487142 102.22933496 13.40435282
122.60526757 102.15533370 13.37878832
122.31566373 102.08133244 13.35322383
122.02573658 102.00843122 13.32821172
121.73537732 101.93700035 13.30393795
121.44501806 101.86556947 13.27966418
121.15557499 101.79128038 13.25400304
120.86993751 101.70511904 13.22257915
120.58430004 101.61895770 13.19115526
120.30105026 101.52462126 13.16369355
120.02094260 101.41952673 13.14144591
119.74146432 101.31318172 13.12345821
119.47009848 101.19071840 13.16037955
119.19873265 101.06825509 13.19730089
118.92736681 100.94579177 13.23422222
118.66307654 100.82047041 13.29910477
118.40020963 100.69535924 13.37144802
118.13185923 100.58017556 13.44015653
117.86350882 100.46499188 13.50886505
117.59515842 100.34980820 13.57757356
117.33532660 100.21478443 13.64217549
117.07695023 100.07637087 13.70607578
116.82276376 99.93687494 13.77977911
116.58674398 99.79268608 13.89598677
116.35072420 99.64849721 14.01219442
116.11525972 99.50576234 14.13088277
115.88603144 99.37935597 14.27742957
115.65680317 99.25294960 14.42397638
115.42723880 99.12801737 14.57112537
115.19267024 99.02503429 14.72724056
114.95810169 98.92205121 14.88335575
114.72353313 98.81906813 15.03947095
114.48008171 98.73206867 15.19152860
114.23559262 98.64693639 15.34311226
113.99110352 98.56180411 15.49469592
113.78104851 98.46434540 15.68370749
113.57921070 98.36394516 15.88165068
113.37737290 98.26354492 16.07959388
113.20968049 98.18736092 16.31392783
113.05489763 98.12033249 16.56202025
112.91600543 98.04136591 16.81488146
112.79745310 97.94711864 17.07384668
112.67890077 97.85287136 17.33281191
112.56684462 97.73642766 17.58386134
112.46412156 97.58809423 17.82353812
112.36139850 97.43976079 18.06321489
112.26497524 97.28341970 18.29908301
112.20189027 97.08470238 18.51479584
112.13880529 96.88598506 18.73050867
112.07572032 96.68726774 18.94622151
112.04503084 96.49721216 19.17595965
112.01820369 96.30818928 19.40736996
111.99137655 96.11916639 19.63878026
111.99737223 95.91391887 19.85616166
112.01581313 95.70251957 20.06822382
112.03430942 95.49402737 20.28311603
112.05284111 95.28739276 20.49981662
112.06008126 95.07973919 20.71523755
112.03074531 94.86878494 20.92651338
112.00140935 94.65783069 21.13778920
111.96737714 94.44619125 21.34727365
111.90293659 94.23011522 21.54515888
111.83849604 94.01403919 21.74304410
111.77405549 93.79796316 21.94092933
111.73553813 93.56500565 22.12561354
111.70020889 93.32997200 22.30867424
111.66487965 93.09493835 22.49173494
111.63279461 92.87013086 22.68766129
111.60122902 92.64696072 22.88564761
111.56966342 92.42379058 23.08363393
111.56183657 92.19207927 23.27378352
111.55712468 91.95924721 23.46290478
111.55670515 91.72159727 23.64393511
111.58635382 91.45019794 23.76828800
111.60402408 91.17699860 23.89027179
111.60831460 90.90178867 24.00960933
111.61260511 90.62657874 24.12894687
111.60234760 90.34349151 24.22099096
111.57374760 90.05047240 24.27862284
111.55513600 89.75564709 24.30529438
111.55552990 89.45738504 24.27305595
111.55592379 89.15912298 24.24081752
111.52535554 88.86369750 24.20148951
111.48738920 88.56894980 24.16046752
111.44071005 88.27619185 24.11547565
111.38584830 87.98530258 24.06675550
111.33098655 87.69441331 24.01803535
111.26582446 87.40486463 23.98130724
111.17747454 87.11833388 23.97157527
111.09500754 86.83077915 23.96221553
111.08224689 86.53109140 23.95726645
111.06948624 86.23140365 23.95231736
111.05672558 85.93171590 23.94736827
111.08042798 85.63301382 23.94481824
111.10983104 85.33446584 23.94264328
111.14367540 85.03644285 23.94210562
111.18470102 84.73926871 23.94421532
111.22572664 84.44209456 23.94632503
111.25668304 84.14439528 23.96470293
111.28546898 83.84658280 23.98658751
111.31425493 83.54877033 24.00847209
111.33241953 83.25250827 23.97698221
111.34733427 82.95672061 23.92916108
111.36527443 82.65988762 23.89054483
111.38565686 82.36221079 23.85935919
111.42518218 82.06687628 23.85157045
111.48874450 81.77448294 23.87316027
111.55408297 81.48731079 23.92494627
111.62051750 81.20336065 23.99536638
111.68695203 80.91941051 24.06578649
111.70958936 80.64038685 24.16236893
111.69379388 80.36568626 24.28190927
111.66589442 80.09591958 24.40510819
111.55459616 79.86014855 24.55351543
111.44329789 79.62437752 24.70192266
111.31726642 79.40158531 24.85318857
111.13142129 79.23148429 25.01606007
110.94557616 79.06138326 25.17893157
110.72614396 78.94137209 25.33547617
110.47985419 78.86141479 25.48696155
110.23356442 78.78145749 25.63844692
109.98214376 78.76257259 25.79526322
109.72822881 78.77337701 25.95467106
109.47431385 78.78418144 26.11407891
109.24196615 78.86954841 26.28147999
109.01211214 78.96353656 26.44980528
108.78225812 79.05752471 26.61813057
108.57394100 79.17113656 26.79999886
108.37856131 79.29653656 26.99000257
108.18318163 79.42193656 27.18000628
108.00046998 79.56006627 27.37230131
107.83937322 79.71991608 27.56850592
107.67827647 79.87976589 27.76471053
107.54574606 80.07508565 27.94842020
107.42009702 80.27894981 28.12911994
107.29444798 80.48281396 28.30981968
107.17638761 80.69345483 28.48758752
107.06451759 80.90962371 28.66296370
106.96600294 81.13135463 28.83699054
106.92097877 81.37536245 29.00561305
106.87595460 81.61937028 29.17423557
106.86907861 81.85239002 29.36079081
106.87933737 82.08047431 29.55540078
106.89262794 82.30844718 29.74956585
106.95505517 82.53461405 29.93652034
107.01748241 82.76078092 30.12347483
107.10630382 82.97687868 30.31140916
107.19820319 83.19180223 30.49945775
107.33055628 83.40090226 30.66444774
107.49117098 83.60593390 30.81332863
107.65178568 83.81096553 30.96220952
107.82647688 84.01372709 31.09641710
108.01325858 84.21453885 31.21802158
108.20004028 84.41535061 31.33962605
108.39459485 84.61205028 31.45388018
108.61306310 84.79609892 31.54552058
108.83244052 84.97936940 31.63617619
109.07727327 85.14085314 31.69925925
109.32527405 85.29790020 31.75812351
109.59770239 85.42073757 31.78445808
109.87013073 85.54357495 31.81079265
110.14880162 85.64538824 31.82787916
110.44603464 85.68468678 31.81746670
110.74326766 85.72398532 31.80705423
111.03868863 85.74609929 31.78999764
111.32381790 85.67061136 31.73520493
111.60894717 85.59512344 31.68041221
111.88255642 85.49328324 31.62885598
112.12717037 85.32511571 31.58544580
112.37178432 85.15694819 31.54203562
112.59962715 84.96455576 31.52318637
112.81928624 84.76034238 31.51632202
113.02805603 84.54526564 31.51505295
113.23050000 84.32387814 31.51703430
113.41681191 84.08952904 31.52231778
113.59059404 83.84511263 31.53016604
