#spline3d 279
125.47100067 109.37899780 4.04530001
125.60372025 109.40169617 4.31338637
125.73643983 109.42439454 4.58147273
125.86548502 109.43675491 4.85201124
125.99442900 109.44883050 5.12261731
126.12473068 109.47042992 5.39172015
126.25701734 109.50595313 5.65862530
126.38930399 109.54147634 5.92553044
126.52685267 109.57946622 6.18931838
126.67082023 109.62046507 6.44930380
126.81478779 109.66146391 6.70928922
126.96616340 109.69343252 6.96565003
127.13450606 109.70471868 7.21370920
127.30284872 109.71600484 7.46176837
127.46589861 109.72396364 7.71307813
127.60818479 109.71886910 7.97714012
127.75047097 109.71377456 8.24120210
127.88725883 109.70055959 8.50764629
128.01746341 109.67762182 8.77694277
128.14766799 109.65468406 9.04623925
128.29070780 109.62817654 9.30814745
128.44707891 109.59796130 9.56238181
128.60345003 109.56774606 9.81661618
128.75884092 109.53280373 10.07072796
128.91171395 109.48571904 10.32452487
129.06458698 109.43863435 10.57832178
129.21739245 109.39128613 10.83209508
129.36317411 109.31654316 11.08341386
129.50895576 109.24180019 11.33473263
129.65473742 109.16705723 11.58605141
129.77809700 109.06700990 11.83988817
129.89482731 108.95948114 12.09446939
129.98339832 108.84403211 12.35610271
130.06031306 108.72530457 12.62065517
130.13343885 108.61841394 12.89115523
130.20543292 108.51505888 13.16343178
130.27742699 108.41170381 13.43570833
130.33018923 108.29072400 13.70440554
130.37236080 108.16003851 13.97113166
130.41419459 108.02887744 14.23761902
130.42953519 107.86041548 14.48537946
130.44487578 107.69195351 14.73313990
130.46021638 107.52349155 14.98090034
130.43994191 107.33788165 15.21399555
130.40354734 107.14451023 15.44045297
130.36715276 106.95113882 15.66691039
130.33941291 106.74560763 15.88365242
130.31195683 106.53967775 16.10007588
130.28450075 106.33374786 16.31649935
130.25567036 106.10948432 16.51282044
130.22622374 105.87700018 16.70012787
130.19677713 105.64451604 16.88743529
130.13882428 105.42128249 17.07615459
130.04308473 105.21031113 17.26674542
129.94734518 104.99933978 17.45733625
129.81800282 104.79532927 17.63118546
129.65577775 104.59813043 17.78865182
129.48915286 104.39937880 17.93721336
129.29364710 104.19043450 18.02732266
129.09814135 103.98149019 18.11743197
128.88841840 103.76931224 18.14731832
128.67831165 103.55704699 18.17557893
128.46820490 103.34478174 18.20383953
128.27824469 103.11381233 18.20380074
128.09564429 102.87667590 18.18911097
127.91307397 102.64676628 18.12738959
127.73050366 102.41685666 18.06566821
127.54436217 102.18790906 18.01263969
127.35333177 101.96027847 17.97151162
127.16230138 101.73264788 17.93038355
126.96453362 101.51073493 17.89237538
126.75158786 101.30170275 17.86139574
126.53864209 101.09267057 17.83041610
126.32414819 100.88643303 17.79393345
126.10477644 100.68900076 17.74011203
125.88540470 100.49156850 17.68629060
125.65717100 100.30268215 17.64063857
125.42295502 100.11956474 17.60050130
125.19384252 99.92876105 17.56818923
124.96673038 99.73494463 17.53894433
124.73961824 99.54112821 17.50969943
124.49761045 99.36877825 17.47625043
124.24265405 99.21508882 17.43914685
123.98505412 99.06565645 17.41069949
123.71416473 98.93762501 17.42576850
123.44327533 98.80959358 17.44083751
123.17355885 98.67901280 17.44946984
122.90687139 98.54184840 17.44147959
122.64018393 98.40468400 17.43348934
122.37620611 98.26302498 17.42027828
122.11588524 98.11529999 17.40002120
121.85556438 97.96757500 17.37976412
121.59505503 97.82008929 17.36344755
121.33313880 97.67438957 17.37654336
121.07122257 97.52868986 17.38963917
120.81019417 97.38164629 17.40518201
120.54923607 97.23449629 17.42091865
120.28397238 97.09622524 17.44329269
120.01822749 96.95894653 17.46640855
119.75089515 96.82483021 17.48790883
119.47473840 96.70829327 17.50042829
119.19858164 96.59175634 17.51294775
118.94451357 96.44187818 17.56696233
118.69090110 96.29131233 17.62183278
118.43728862 96.14074649 17.67670322
118.19053603 95.98879693 17.75345461
117.94552233 95.83649662 17.83575256
117.70275620 95.68505224 17.92558454
117.46213086 95.53442314 18.02259262
117.22150552 95.38379403 18.11960070
116.98296238 95.23662669 18.22601068
116.74672737 95.09329675 18.34284276
116.51049237 94.94996681 18.45967484
116.29309730 94.80095047 18.60221220
116.07959941 94.65075786 18.75006691
115.86610153 94.50056524 18.89792162
115.69306493 94.33551809 19.07796175
115.52566489 94.16840160 19.26248556
115.35826485 94.00128511 19.44700936
115.22613929 93.84388192 19.66355332
115.10708551 93.69007823 19.89196309
114.98803173 93.53627454 20.12037285
114.88521366 93.36182345 20.34138049
114.78567954 93.18319606 20.56089093
114.68703336 93.00458102 20.78074227
114.61842771 92.82638385 21.01212718
114.54982205 92.64818668 21.24351208
114.48261150 92.47325885 21.47761335
114.42094835 92.31133108 21.72251588
114.35928520 92.14940331 21.96741840
114.29371612 91.98989816 22.21273879
114.21404533 91.83913953 22.45956780
114.13437455 91.68838089 22.70639681
114.05470376 91.53762226 22.95322582
114.01532996 91.34870928 23.18276403
113.97683600 91.15896325 23.41192473
113.93986439 90.96955084 23.64148641
113.93666379 90.78753943 23.87994336
113.93346320 90.60552801 24.11840031
113.93026261 90.42351659 24.35685726
113.94601990 90.25686180 24.60568417
113.96346959 90.09157792 24.85543682
113.98091928 89.92629403 25.10518946
113.98653106 89.79454909 25.37400597
113.98960362 89.66999821 25.64691166
113.99197352 89.54803883 25.92097905
113.99376013 89.42823077 26.19601081
114.00044838 89.31388010 26.47304314
114.01833334 89.21199561 26.75464531
114.03135767 89.07354375 27.01901685
114.04212650 88.91812339 27.27539281
114.05111019 88.75918893 27.52919214
114.04036075 88.56140947 27.75450913
114.00179626 88.32689305 27.93597223
113.95920534 88.08705870 28.11108718
113.91072804 87.83535840 28.26471877
113.85583679 87.57072860 28.39494147
113.80094554 87.30609879 28.52516417
113.74452565 87.03724644 28.64184957
113.68119497 86.74930432 28.69733404
113.61786430 86.46136219 28.75281851
113.56138436 86.17039592 28.79067120
113.51826830 85.87353039 28.79412921
113.47515224 85.57666487 28.79758721
113.42166059 85.28216543 28.77942972
113.36676120 84.98798701 28.75833949
113.31186182 84.69380860 28.73724925
113.27655026 84.39717633 28.71627472
113.25744830 84.09851340 28.69539594
113.24367286 83.80022399 28.66903698
113.24255705 83.50282234 28.62965317
113.24144125 83.20542069 28.59026937
113.23908475 82.91125779 28.53326590
113.23590848 82.61923483 28.46462046
113.23273221 82.32721188 28.39597502
113.23658665 82.03480135 28.32915359
113.24253896 81.74227517 28.26287641
113.24849127 81.44974899 28.19659923
113.24121694 81.15187576 28.17461515
113.22945178 80.85218704 28.16766986
113.21964241 80.55248512 28.16048286
113.22537354 80.25267826 28.15137537
113.23110468 79.95287141 28.14226788
113.23683581 79.65306455 28.13316039
113.23389120 79.35325145 28.14268928
113.23069150 79.05343816 28.15276616
113.22749179 78.75362487 28.16284304
113.16509758 78.46162340 28.17654912
113.09188512 78.17104961 28.19091847
113.01867267 77.88047582 28.20528781
112.92281854 77.59877354 28.23386307
112.80871661 77.32422116 28.27388742
112.69461468 77.04966878 28.31391176
112.54311114 76.79729506 28.36474876
112.36277431 76.57117469 28.44027378
112.17258046 76.35712343 28.52976493
111.98238661 76.14307217 28.61925607
111.77566125 75.96103506 28.73675761
111.56638949 75.78392919 28.85857368
111.34356639 75.63413627 28.99056373
111.11430692 75.49731596 29.12738603
110.88504745 75.36049566 29.26420834
110.68434738 75.24029008 29.44991769
110.49006126 75.12381588 29.64660622
110.29577513 75.00734169 29.84329476
110.09220911 74.91078960 30.04103763
109.88602301 74.81986228 30.23907818
109.67697604 74.75667155 30.44437765
109.46738343 74.69877093 30.65106159
109.25779082 74.64087030 30.85774554
109.03238132 74.59077134 31.04924877
108.80675815 74.54077777 31.24054693
108.58651617 74.49444487 31.43885423
108.36753244 74.44896792 31.63880044
108.14854870 74.40349098 31.83874665
107.96434009 74.40230178 32.06954437
107.80374044 74.43117970 32.32128729
107.64314078 74.46005762 32.57303021
107.50452374 74.49617161 32.83649865
107.36802952 74.53298438 33.10109941
107.23479074 74.58835748 33.36317528
107.10602889 74.66925495 33.62177892
106.97817266 74.75019976 33.88080169
106.85732741 74.83151116 34.14306919
106.73648215 74.91282256 34.40533669
106.62633821 75.00471603 34.66753603
106.54807900 75.12813896 34.92953226
106.46981979 75.25156189 35.19152849
106.42455308 75.40565798 35.44417193
106.38515575 75.56521083 35.69515150
106.35321717 75.74820676 35.92890039
106.32833916 75.95339423 36.14633848
106.30346116 76.15858170 36.36377657
106.29177090 76.37577211 36.57022364
106.28220971 76.59490031 36.77489628
106.27492558 76.82054466 36.97159490
106.27461696 77.06615062 37.14386585
106.27430835 77.31175658 37.31613681
106.27412609 77.55744985 37.48826693
106.29044600 77.81454495 37.64200450
106.30676591 78.07164004 37.79574208
106.32308582 78.32873514 37.94947966
106.33349871 78.58434703 38.10611299
106.34136436 78.83931934 38.26399502
106.34923002 79.09429165 38.42187704
106.36972691 79.35950900 38.56033333
106.39159145 79.62583563 38.69668629
106.40086556 79.89138743 38.83565007
106.40368447 80.15654196 38.97595245
106.40650338 80.42169650 39.11625482
106.42736189 80.68920233 39.24878552
106.46855493 80.95935857 39.37255587
106.50974797 81.22951482 39.49632622
106.58372454 81.50380702 39.59157109
106.66147455 81.77857529 39.68353263
106.73922456 82.05334355 39.77549418
106.86161532 82.31227955 39.85847614
107.00488385 82.56381106 39.93725850
107.14815237 82.81534258 40.01604086
107.30232696 83.06097224 40.09133415
107.47145686 83.29850878 40.16184295
107.64058677 83.53604532 40.23235174
107.83084693 83.73914101 40.32673708
108.05606703 83.88525440 40.46062608
108.28203941 84.02822780 40.59570739
108.52373527 84.10557122 40.75570955
108.76543113 84.18291463 40.91571170
108.99509641 84.26011182 41.09173138
109.21543140 84.33719560 41.28017339
109.43576640 84.41427939 41.46861541
109.66912709 84.43463853 41.65039719
109.91039520 84.42056229 41.82813580
110.15166330 84.40648605 42.00587441
110.38807051 84.36859156 42.18381485
110.61615102 84.28989654 42.36210101
110.84423152 84.21120151 42.54038717
111.06518800 84.11626835 42.71680619
111.26279195 83.96810674 42.88710474
111.46039591 83.81994512 43.05740329
