#spline3d 295
67.81469727 109.70999908 9.42317963
67.61394638 109.75074917 9.64235653
67.41319550 109.79149926 9.86153344
67.21244461 109.83224934 10.08071034
67.03268457 109.86067045 10.31905692
66.85444345 109.88819941 10.55879064
66.67620233 109.91572837 10.79852435
66.49863056 109.93049072 11.03984453
66.32111897 109.94410526 11.28130735
66.14539257 109.94599488 11.52422249
65.97102809 109.93893967 11.76824559
65.79703270 109.93103893 12.01239863
65.64536247 109.87199686 12.26441090
65.49369223 109.81295479 12.51642317
65.34202199 109.75391272 12.76843544
65.21708401 109.65193502 13.02061656
65.09628175 109.54331479 13.27282379
64.97547949 109.43469457 13.52503103
64.87789046 109.31629422 13.78242715
64.78749532 109.19486297 14.04143134
64.69889327 109.07206108 14.30033051
64.62454806 108.93836135 14.55839473
64.55020286 108.80466161 14.81645895
64.47585766 108.67096188 15.07452317
64.43108276 108.53188988 15.33647511
64.38744748 108.39261084 15.59857688
64.35067209 108.25570636 15.86240010
64.35112777 108.13168944 16.13556618
64.35158345 108.00767252 16.40873227
64.36523230 107.87908434 16.67930503
64.38340657 107.74892816 16.94898825
64.40158085 107.61877198 17.21867147
64.47940400 107.49444532 17.47954010
64.56428359 107.37080830 17.73936595
64.64115200 107.26510382 18.00916199
64.71590710 107.16412986 18.28158812
64.79066219 107.06315590 18.55401425
64.90618345 106.92999707 18.79562818
65.02781020 106.79201795 19.03262742
65.14943695 106.65403883 19.26962666
65.25323944 106.49969030 19.50394008
65.34622081 106.33064062 19.73309628
65.48048521 106.15235861 19.93356705
65.61474960 105.97407660 20.13403782
65.74889116 105.79586291 20.33464627
65.87633076 105.62137643 20.54276553
66.00377036 105.44688996 20.75088479
66.15499386 105.28996982 20.95539536
66.32452294 105.14656983 21.15712846
66.49405202 105.00316984 21.35886156
66.68800168 104.86742879 21.54115909
66.89910615 104.73706793 21.70980364
67.11328569 104.60775652 21.87525998
67.33191164 104.47996255 22.03610632
67.55565416 104.35164396 22.18821155
67.79619605 104.22160288 22.31161687
68.03673794 104.09156179 22.43502220
68.27926910 103.96259188 22.55539419
68.52958075 103.83781159 22.66390212
68.77989240 103.71303130 22.77241005
69.03032547 103.58830550 22.88067530
69.28931810 103.46742118 22.97183314
69.54831073 103.34653687 23.06299097
69.80730336 103.22565255 23.15414881
70.06821788 103.08702865 23.20334611
70.32939752 102.94595764 23.24675514
70.59057715 102.80488664 23.29016416
70.85401683 102.66298973 23.30893012
71.11787160 102.52094112 23.32316999
71.38172638 102.37889251 23.33740987
71.63357918 102.21930355 23.37034854
71.88518246 102.05934992 23.40367596
72.13785884 101.90042723 23.43330099
72.39192810 101.74284270 23.45812031
72.64599737 101.58525816 23.48293963
72.90232534 101.43037705 23.48458445
73.15990741 101.27699694 23.47336216
73.41748948 101.12361683 23.46213986
73.67603660 100.97645654 23.42568759
73.93482438 100.83084730 23.38294363
74.19712708 100.69447778 23.33309362
74.46217467 100.56532383 23.27769427
74.72722226 100.43616988 23.22229493
74.99030786 100.30306653 23.16702665
75.25188334 100.16692340 23.11185923
75.51345881 100.03078027 23.05669182
75.77045359 99.88099173 23.02138049
76.02392591 99.72360321 22.99126774
76.27144674 99.56022831 22.94607863
76.51896756 99.39685341 22.90088952
76.76599620 99.23322099 22.85398701
77.01280871 99.06947549 22.80633205
77.25962121 98.90572998 22.75867710
77.49079770 98.72319226 22.70457533
77.71438073 98.53152830 22.64734275
77.93796376 98.33986435 22.59011017
78.15412139 98.13748685 22.54346505
78.36649821 97.92965433 22.50221077
78.58787664 97.73035970 22.46917481
78.81665305 97.53808195 22.44289310
79.04542946 97.34580421 22.41661139
79.27052537 97.15248358 22.37308816
79.49485855 96.95894683 22.32599187
79.71919172 96.76541007 22.27889557
79.90451554 96.53441048 22.23118869
80.08959357 96.30317484 22.18347796
80.27461368 96.07187943 22.13583667
80.45761868 95.83850430 22.09061117
80.64062369 95.60512918 22.04538566
80.81753750 95.36471712 22.01863292
80.99178072 95.12121984 21.99997926
81.16811023 94.87935270 21.99009874
81.35214517 94.64350627 22.01262074
81.53618011 94.40765985 22.03514274
81.71981363 94.17505820 22.07384529
81.90244991 93.95051753 22.15274503
82.08508620 93.72597685 22.23164476
82.24468638 93.51046562 22.36225190
82.39710279 93.29777019 22.50898390
82.54941480 93.08792400 22.65917615
82.70064526 92.90759596 22.84521675
82.85187572 92.72726791 23.03125734
83.00310618 92.54693987 23.21729794
83.11154283 92.39401737 23.44867771
83.20780631 92.24889070 23.69295473
83.30406978 92.10376402 23.93723174
83.40535163 91.98722649 24.19360991
83.50882152 91.88315402 24.45526427
83.61229141 91.77908155 24.71691863
83.70750924 91.68082453 24.98369855
83.79580279 91.58744726 25.25477931
83.87951944 91.49017959 25.52547411
83.93106256 91.36556415 25.79345571
83.98260567 91.24094870 26.06143732
84.02391497 91.11654093 26.33000826
83.99846247 90.99348793 26.60242386
83.97517350 90.86984225 26.87435876
84.04268794 90.72132209 27.12611846
84.11383234 90.57313162 27.37703732
84.18951536 90.42535338 27.62690486
84.25968334 90.28067262 27.87954492
84.29318806 90.15658360 28.15061626
84.32669278 90.03249458 28.42168761
84.36019750 89.90840557 28.69275896
84.36940111 89.80429563 28.97374484
84.37585642 89.70244519 29.25585200
84.37765515 89.60251263 29.53819233
84.32562194 89.52475138 29.82322832
84.27358873 89.44699013 30.10826430
84.22155552 89.36922888 30.39330028
84.17340441 89.32912747 30.68610172
84.12613794 89.29760794 30.98067275
84.07887148 89.26608841 31.27524378
84.04891683 89.24473046 31.57240098
84.03349984 89.23190573 31.87172991
84.01808285 89.21908100 32.17105885
84.01071703 89.21801734 32.47088567
84.00528376 89.21977674 32.77083199
84.00876381 89.22948442 33.06992940
84.03927486 89.26329646 33.36645234
84.06978590 89.29710851 33.66297529
84.09575343 89.33533251 33.95892922
84.09071487 89.40366478 34.25100003
84.08567630 89.47199705 34.54307084
84.09834423 89.54440059 34.83337208
84.12814434 89.62074334 35.12196114
84.15794446 89.69708610 35.41055021
84.21418152 89.76949069 35.69536573
84.28764304 89.83932945 35.97772269
84.37537783 89.89628279 36.25775280
84.48752368 89.93119866 36.53380338
84.59966953 89.96611453 36.80985397
84.72148292 89.99977874 37.08101808
84.88378816 90.02820043 37.33171552
85.04609340 90.05662213 37.58241297
85.20494110 90.06240792 37.83651104
85.36270600 90.06110479 38.09167410
85.53012137 90.04515108 38.33924110
85.70883687 90.01204240 38.57791357
85.88755237 89.97893373 38.81658604
86.07328738 89.89202918 39.03442785
86.26005135 89.79723890 39.24921618
86.44681532 89.70244862 39.46400451
86.62432599 89.55403974 39.64967956
86.76343699 89.38076561 39.85123375
86.90254799 89.20749147 40.05278795
87.04289531 89.02377665 40.24080929
87.18829199 88.79742012 40.37355992
87.33368866 88.57106359 40.50631054
87.46876526 88.32402990 40.59565686
87.59212234 88.05351514 40.63571305
87.71547942 87.78300038 40.67576924
87.82258415 87.50624300 40.70939827
87.89180445 87.21493400 40.72804553
87.96102475 86.92362501 40.74669278
88.02586920 86.63175342 40.76188493
88.03839581 86.33315545 40.73576779
88.05092242 86.03455748 40.70965065
88.04981684 85.74005466 40.65891557
88.03703504 85.44905942 40.58709479
88.02425324 85.15806418 40.51527401
88.01467643 84.86461431 40.45422512
88.00675642 84.56989554 40.39874469
87.99883641 84.27517676 40.34326425
87.99583653 83.97836140 40.30212084
87.99701106 83.67976720 40.27314147
87.99818559 83.38117300 40.24416210
88.00217190 83.08296271 40.21210951
88.01054543 82.78535142 40.17526177
88.01891897 82.48774013 40.13841404
88.02207082 82.19304637 40.08544610
88.01921337 81.90171020 40.01392643
88.01635592 81.61037404 39.94240676
88.01913823 81.31620388 39.88480145
88.02524139 81.02036500 39.83538930
88.03134454 80.72452611 39.78597714
88.04146223 80.42904653 39.73509206
88.05175597 80.13358272 39.68414237
88.06204971 79.83811890 39.63319269
88.03715672 79.54094013 39.60446364
88.00739422 79.24352402 39.57880971
87.96837659 78.94783533 39.57291028
87.90981924 78.65579363 39.60871716
87.85126189 78.36375193 39.64452405
87.77312598 78.08342803 39.70869807
87.67734209 77.81366650 39.79844209
87.58155819 77.54390497 39.88818610
87.48053249 77.32926786 40.05974507
87.37720137 77.13887523 40.26728738
87.27387025 76.94848260 40.47482968
87.17579893 76.78448796 40.70242570
87.08560865 76.66004689 40.96006928
86.99541836 76.53560581 41.21771286
86.91513021 76.43321100 41.48542702
86.85503991 76.37578506 41.77368264
86.79494961 76.31835913 42.06193826
86.75701223 76.33757438 42.35141032
86.73437584 76.40972561 42.64172256
86.72202613 76.50553163 42.92183863
86.73913588 76.66908134 43.17275440
86.75624564 76.83263104 43.42367018
86.78173157 76.99838671 43.67133595
86.85978291 77.17798606 43.89860598
86.93783425 77.35758542 44.12587601
87.02078182 77.53976592 44.34913142
87.11283986 77.72674917 44.56491679
87.20489789 77.91373242 44.78070216
87.29979619 78.10224030 44.99388947
87.39638111 78.29165355 45.20553398
87.49296603 78.48106679 45.41717849
87.58744680 78.67124315 45.62906055
87.67698776 78.86321101 45.84150032
87.76652872 79.05517888 46.05394009
87.83801572 79.23207712 46.28288845
87.88371287 79.38744857 46.53541914
87.92941002 79.54282002 46.78794984
87.92984791 79.67288476 47.05669668
87.91013184 79.79290466 47.33066858
87.87242975 79.90601092 47.60596005
87.83271622 80.02018371 47.88034885
87.76008508 80.15181058 48.13996525
87.69136754 80.28541161 48.39961293
87.62520461 80.42030130 48.65928103
87.55904168 80.55519098 48.91894913
87.47685151 80.69603789 49.17035168
87.38557475 80.84026223 49.41706811
87.28763486 80.99788823 49.65229243
87.18536087 81.16423149 49.88004156
87.07969409 81.33208133 50.10510116
86.97251998 81.50060050 50.32896586
86.85425080 81.65810972 50.55455964
86.72202063 81.80176509 50.78232912
86.58529885 81.94687540 51.00624122
86.43479894 82.09644877 51.21832070
86.28429902 82.24602215 51.43040018
86.13049624 82.38352260 51.64736423
85.97001522 82.49661223 51.87420463
85.80953421 82.60970186 52.10104502
85.66205221 82.69209999 52.34560334
85.52963156 82.73893728 52.61069059
85.39721092 82.78577457 52.87577783
85.26031583 82.82535627 53.13909619
85.10236887 82.83080111 53.39409207
84.94408022 82.83542707 53.64885758
84.77861397 82.82285101 53.89878373
84.61314772 82.81027494 54.14870988
84.44775222 82.79558365 54.39829046
84.28448621 82.71723647 54.63747132
84.13868608 82.60271204 54.87129892
84.00300318 82.46723169 55.10202560
83.87376564 82.32854946 55.33403589
83.77294890 82.17574861 55.57170624
83.67213216 82.02294776 55.80937659
83.58172308 81.86357379 56.04649796
83.50498133 81.69556798 56.28289841
