#spline3d 214
60.14229965 83.15100098 0.79393500
60.40927164 83.02223532 0.74761698
60.67627897 82.89352753 0.70134420
60.94443898 82.76670698 0.65654721
61.21259900 82.63988643 0.61175021
61.47798302 82.50548038 0.57299810
61.74324151 82.37073130 0.53451937
62.00850000 82.23598221 0.49604063
62.27143252 82.09584947 0.46123999
62.53348185 81.95367253 0.42783594
62.79633945 81.81280866 0.39953832
63.06665280 81.68405695 0.41834416
63.33696614 81.55530524 0.43715001
63.60766589 81.42728470 0.45354165
63.88214378 81.30641352 0.44632753
64.15662168 81.18554233 0.43911341
64.43111531 81.06473760 0.43292221
64.70592523 80.94526939 0.44730399
64.98073515 80.82580119 0.46168576
65.26005207 80.72412013 0.50089759
65.53986748 80.62440634 0.54285563
65.81978512 80.52512880 0.58507238
66.10268319 80.43856743 0.63483008
66.38558125 80.35200607 0.68458779
66.66809276 80.26245343 0.72829588
66.94842851 80.15606407 0.73795296
67.22876427 80.04967470 0.74761005
67.50993240 79.94558776 0.75570032
67.79553530 79.85376777 0.75544290
68.08113821 79.76194779 0.75518548
68.36850631 79.67669771 0.74391934
68.65613847 79.59243039 0.73100644
68.94357105 79.50871166 0.71218359
69.23089370 79.42529511 0.69010535
69.51832335 79.34173496 0.67372878
69.80619290 79.25758450 0.68079078
70.09408994 79.17355117 0.68803823
70.38266849 79.09242160 0.69988312
70.67086492 79.00946199 0.70571722
70.95880696 78.92528407 0.70754984
71.24674900 78.84110616 0.70938246
71.53555397 78.76342428 0.73166254
71.82447273 78.68659903 0.75663905
72.11030889 78.60412972 0.79299982
72.39299924 78.51590062 0.84097825
72.66958006 78.45036623 0.92895052
72.94198948 78.40032700 1.04422921
73.21439891 78.35028777 1.15950790
73.46758768 78.30211025 1.30777548
73.69984730 78.25595992 1.49196429
73.93086265 78.20808270 1.67714802
74.15137728 78.14563164 1.87072808
74.37189191 78.08318059 2.06430813
74.58745326 78.02418561 2.26419759
74.79670819 77.96959084 2.47212006
75.00596312 77.91499607 2.68004253
75.19725814 77.86941604 2.90651536
75.38762021 77.82430430 3.13395182
75.56471875 77.78286834 3.37118347
75.71205292 77.74968110 3.63039626
75.85938710 77.71649385 3.88960904
75.99984184 77.67982365 4.15177256
76.12030462 77.63303184 4.42251105
76.24076740 77.58624003 4.69324954
76.34648996 77.55754790 4.97224110
76.44828767 77.53367514 5.25343019
76.55008538 77.50980238 5.53461928
76.64349995 77.48034964 5.81797349
76.72769553 77.44476059 6.10370868
76.81189111 77.40917153 6.38944388
76.87474617 77.38156452 6.68087978
76.92397344 77.35905474 6.97595608
76.97320071 77.33654497 7.27103238
76.99615057 77.31626465 7.56858186
76.99938791 77.29765681 7.86798665
77.01012439 77.28561014 8.16723983
77.03499426 77.28592909 8.46620731
77.05986412 77.28624804 8.76517478
77.08621558 77.28617004 9.06401173
77.11391268 77.28573153 9.36273013
77.14632169 77.28107912 9.66090880
77.18077708 77.27459662 9.95885306
77.21688461 77.27135096 10.25664469
77.25372842 77.26954779 10.55436831
77.29071861 77.26726117 10.85206779
77.32860526 77.26201387 11.14961951
77.36649191 77.25676658 11.44717124
77.41178582 77.21802423 11.74067223
77.45901405 77.17080050 12.03313554
77.53466237 77.17162781 12.32344017
77.61011507 77.17263999 12.61379325
77.68274996 77.17631512 12.90484430
77.75538485 77.17999025 13.19589536
77.82458905 77.18024344 13.48758013
77.87500830 77.16175961 13.78273491
77.92542754 77.14327577 14.07788970
77.97122274 77.10759224 14.37039910
78.00178851 77.01526110 14.65419589
78.03235428 76.92292995 14.93799267
78.05969047 76.81554639 15.21598579
78.08176102 76.68362071 15.48451635
78.10383157 76.55169502 15.75304690
78.11818690 76.38886892 15.99872184
78.11785446 76.16721642 16.20088559
78.11752202 75.94556391 16.40304934
78.11759785 75.72317482 16.60431115
78.12756608 75.48293799 16.78371848
78.13753431 75.24270116 16.96312582
78.15029459 74.99400836 17.12963225
78.17050373 74.73063842 17.27061086
78.19910321 74.45673487 17.38960074
78.22770270 74.18283131 17.50859063
78.25707374 73.89488133 17.57245457
78.28695578 73.59762816 17.59980768
78.28698321 73.29895944 17.62308888
78.27863444 72.99989356 17.64522763
78.27072114 72.70098368 17.66898371
78.26682110 72.40351148 17.70764470
78.26292105 72.10603929 17.74630568
78.25076487 71.80948023 17.78879372
78.22879781 71.51400626 17.83582949
78.20683074 71.21853230 17.88286527
78.15836159 70.92837015 17.93741802
78.09370667 70.64145211 17.99656167
78.02905176 70.35453408 18.05570532
77.95696571 70.07280422 18.12781097
77.87797090 69.79589784 18.21196745
77.79897609 69.51899145 18.29612393
77.74814075 69.23047731 18.35431382
77.71117845 68.93624449 18.39971100
77.67421616 68.64201168 18.44510817
77.65156945 68.34699590 18.49103286
77.65282219 68.05067298 18.53783821
77.64992003 67.76177807 18.61369894
77.64349951 67.47917316 18.71416364
77.63707898 67.19656824 18.81462835
77.62500409 66.91878983 18.92609369
77.60430830 66.64837012 19.05433112
77.58701617 66.40229787 19.21649827
77.57525190 66.19576831 19.43377067
77.56348764 65.98923876 19.65104306
77.56277701 65.81502429 19.88903677
77.58290028 65.70171740 20.16608607
77.60302356 65.58841052 20.44313537
77.63338366 65.48803343 20.72205902
77.70848664 65.44416959 21.00917499
77.78358962 65.40030576 21.29629096
77.85869261 65.35644192 21.58340693
77.97053247 65.34509166 21.86104169
78.08651443 65.33740733 22.13760744
78.19022482 65.33708352 22.41909851
78.29358878 65.33696750 22.70072863
78.41729962 65.37298159 22.96629840
78.57055362 65.46145570 23.20854894
78.72380763 65.54992980 23.45079947
78.89790465 65.66369352 23.66664546
79.07386706 65.77972060 23.88012831
79.24982947 65.89574768 24.09361115
79.42869402 66.04009219 24.28540521
79.60843666 66.19300461 24.47063698
79.76736956 66.38996653 24.63098013
79.92465841 66.59040854 24.78935698
80.07373747 66.80167809 24.94119166
80.21967381 67.01709243 25.09052199
80.36561016 67.23250677 25.23985232
80.50636815 67.44829743 25.39345933
80.64408536 67.66430906 25.54957766
80.78180256 67.88032070 25.70569598
80.87824999 68.10048900 25.88452755
80.97021191 68.32110908 26.06582777
81.03598664 68.53949032 26.25694929
81.05333103 68.75373110 26.46623424
81.07067541 68.96797187 26.67551918
81.04064096 69.17667751 26.88405179
80.96784676 69.38038766 27.09190542
80.89505255 69.58409780 27.29975904
80.77986740 69.76506494 27.50882199
80.65962849 69.94332071 27.71802911
80.53483493 70.11315739 27.93141010
80.40793429 70.27909920 28.14672203
80.28103365 70.44504101 28.36203396
80.14654365 70.58022634 28.59352846
80.01137485 70.71132300 28.82690081
79.87313765 70.81948745 29.07019347
79.73490045 70.92765191 29.31348614
79.58986388 71.02611279 29.55686525
79.44307669 71.12207533 29.80026661
79.28766562 71.21164228 30.04059695
79.12766580 71.29780616 30.27929321
78.96766598 71.38397004 30.51798946
78.76457209 71.43358883 30.73108761
78.55162738 71.47485381 30.93833432
78.35873218 71.51180034 31.16456742
78.17212276 71.54739297 31.39675302
77.96803691 71.55790824 31.61610343
77.76197870 71.56559333 31.83400528
77.55592050 71.57327843 32.05190714
77.36181309 71.56921461 32.28028645
77.17226680 71.56066671 32.51266457
76.96943200 71.53843584 32.73206246
76.76088782 71.51032611 32.94588341
76.55088559 71.47954214 33.15754583
76.32511978 71.41984559 33.34587128
76.09935396 71.36014905 33.53419673
75.87704895 71.28828191 33.72182107
75.65938094 71.19727314 33.90674741
75.44222132 71.07134820 34.07101877
75.22506169 70.94542325 34.23529013
75.04494385 70.80144329 34.42621094
74.87061704 70.65464065 34.62129805
74.69629022 70.50783802 34.81638517
74.55326523 70.33815400 35.01805557
74.41186296 70.16728378 35.22006725
74.27046069 69.99641357 35.42207893
