#spline3d 243
119.11399841 88.57469940 0.79560000
118.87118499 88.41224449 0.86379119
118.63815086 88.23601996 0.93115040
118.40863071 88.05484763 0.99821065
118.17911056 87.87367530 1.06527090
117.94915810 87.68752568 1.11163169
117.71889972 87.49785402 1.14334509
117.48789478 87.30922568 1.17398875
117.22557671 87.16435715 1.15976483
116.96325863 87.01948862 1.14554090
116.70094055 86.87462009 1.13131698
116.42623133 86.75511328 1.12221615
116.14896025 86.64085001 1.11417452
115.87166044 86.52671236 1.10860322
115.59414284 86.41352713 1.12176083
115.31662524 86.30034191 1.13491845
115.04249244 86.17962011 1.14737735
114.77437839 86.04549702 1.15859381
114.51781645 85.89131218 1.17727899
114.26230659 85.73530029 1.19664437
114.00679673 85.57928840 1.21600975
113.75307838 85.41969335 1.22523737
113.50043454 85.25794922 1.22838462
113.24779070 85.09620508 1.23153187
112.99695192 84.93451636 1.20886480
112.74725301 84.77286263 1.16989623
112.49755411 84.61120890 1.13092767
112.25772502 84.43490821 1.09484473
112.02091919 84.25412096 1.05964570
111.78254314 84.07598510 1.02367289
111.52076560 83.93736387 0.97616824
111.25898806 83.79874264 0.92866359
110.98450692 83.68290758 0.89725212
110.70656981 83.57327141 0.87021873
110.42863271 83.46363525 0.84318534
110.15434832 83.34322510 0.85471635
109.88037228 83.22190549 0.86950266
109.60639623 83.10058588 0.88428897
109.34160476 82.96177861 0.90715322
109.07873462 82.81931306 0.93170731
108.81586448 82.67684752 0.95626140
108.55311612 82.53280336 0.96296176
108.29043209 82.38792526 0.96023040
108.02774806 82.24304716 0.95749904
107.76300817 82.10206573 0.95730186
107.49532084 81.96667085 0.96073786
107.22763351 81.83127596 0.96417387
106.95982378 81.69685723 0.97757165
106.69197744 81.56273048 0.99394912
106.43069052 81.42559965 1.04476504
106.17121557 81.28763899 1.10509421
105.91231652 81.17033008 1.19725348
105.65370405 81.06329786 1.30525198
105.39541245 80.95650604 1.41405865
105.15414671 80.86292157 1.56580621
104.91401274 80.77133196 1.72055396
104.67387877 80.67974234 1.87530171
104.45080653 80.58475153 2.05069736
104.23830789 80.48765289 2.23888906
104.02580924 80.39055426 2.42708076
103.83816749 80.29112444 2.63701075
103.66943523 80.18992121 2.86347782
103.50070297 80.08871798 3.08994488
103.36733868 80.00667701 3.34534923
103.23760348 79.92660227 3.60372284
103.12696384 79.84498119 3.87010217
103.02247362 79.76286213 4.13905962
102.91798340 79.68074306 4.40801707
102.83290016 79.63143681 4.69087766
102.75158318 79.58849847 4.97643639
102.67849830 79.54396682 5.26372352
102.62131999 79.49635652 5.55435036
102.56414168 79.44874622 5.84497720
102.50356837 79.41067772 6.13625218
102.44165924 79.37636359 6.42778216
102.39048069 79.32622741 6.71824548
102.35388083 79.25459522 7.00725959
102.31728097 79.18296302 7.29627371
102.28637717 79.11035711 7.58543321
102.28275630 79.03308731 7.87528908
102.27913543 78.95581750 8.16514494
102.27551456 78.87854769 8.45500080
102.30852519 78.81212687 8.74527253
102.34758285 78.74749697 9.03561291
102.42225632 78.67408640 9.31657598
102.49927777 78.60009698 9.59692084
102.57629921 78.52610755 9.87726571
102.67141834 78.46130884 10.15408110
102.77193836 78.39925291 10.42984318
102.88139088 78.32050869 10.69728327
102.99701304 78.23023794 10.95897540
103.11263520 78.13996719 11.22066753
103.22351745 78.04437814 11.48230997
103.32402382 77.93714707 11.74384362
103.42453020 77.82991599 12.00537728
103.50387095 77.71213854 12.26875638
103.56572435 77.58564751 12.53366022
103.62757775 77.45915648 12.79856405
103.69459587 77.32795981 13.05983175
103.76455119 77.19408701 13.31903155
103.83333910 77.05941670 13.57810250
103.89369795 76.91898810 13.83624306
103.95405680 76.77855949 14.09438362
104.02134651 76.64447344 14.35381256
104.10325489 76.52376520 14.61595899
104.18516327 76.40305696 14.87810541
104.24521963 76.27311566 15.14083185
104.28651581 76.13524770 15.40405624
104.32781200 75.99737974 15.66728063
104.37453412 75.84984469 15.92364533
104.43171641 75.68367341 16.16678589
104.48889869 75.51750212 16.40992644
104.55189552 75.31332470 16.62015651
104.61522543 75.10697020 16.82850140
104.68002444 74.87555862 17.00652272
104.74535295 74.63511583 17.17361466
104.81068147 74.39467304 17.34070659
104.87285063 74.14103185 17.48542789
104.93106447 73.87086703 17.60214245
104.98927830 73.60070220 17.71885700
105.02487234 73.31622198 17.80212764
105.04974047 73.02495366 17.86953976
105.07460860 72.73368533 17.93695188
105.08979251 72.43735465 17.97521697
105.10004421 72.13844570 17.99863736
105.10800280 71.83877383 18.00780347
105.11542168 71.53892239 18.01361465
105.12284056 71.23907096 18.01942583
105.12459640 70.93994463 18.00526486
105.12215295 70.64135598 17.97629400
105.12183969 70.34324896 17.94423626
105.13714619 70.04867352 17.88954366
105.15245270 69.75409807 17.83485106
105.16775921 69.45952262 17.78015846
105.18693306 69.16666789 17.71796835
105.20616853 68.87384057 17.65565879
105.22390866 68.58051823 17.59677931
105.22267157 68.28091368 17.58143066
105.22143447 67.98130913 17.56608202
105.22019737 67.68170457 17.55073338
105.22552026 67.38226266 17.56311640
105.23207924 67.08285138 17.58072492
105.23863823 66.78344011 17.59833343
105.23899841 66.48587450 17.63613280
105.23899841 66.18841613 17.67510534
105.22633982 65.89389996 17.72235959
105.16745468 65.61012814 17.79985693
105.10856954 65.32635632 17.87735427
105.03722300 65.04870793 17.96314384
104.94391138 64.78185299 18.06354972
104.85059976 64.51499806 18.16395559
104.74092338 64.26338453 18.28115323
104.61186258 64.02982478 18.41824108
104.48280178 63.79626502 18.55532893
104.33092790 63.61171893 18.72547828
104.15674945 63.47509393 18.92795218
103.98257101 63.33846892 19.13042607
103.80558354 63.25098553 19.35454049
103.62782351 63.17701764 19.58460676
103.44561350 63.11339824 19.81337738
103.24898953 63.08329878 20.03795128
103.05236556 63.05319932 20.26252517
102.85142684 63.04656497 20.48457443
102.64843634 63.05108891 20.70542317
102.43792153 63.06460473 20.91615756
102.19315006 63.11905882 21.08084338
101.94837860 63.17351292 21.24552921
101.70254315 63.23934366 21.40238826
101.45323413 63.34231600 21.53369508
101.20075747 63.45196024 21.65073383
100.94170828 63.57544806 21.73816767
100.68265910 63.69893587 21.82560152
100.45791804 63.85670146 21.94247451
100.24321969 64.02450088 22.06796495
100.02852134 64.19230030 22.19345539
99.83343184 64.36917407 22.33524841
99.65307878 64.55286739 22.48929313
99.47272571 64.73656071 22.64333784
99.30672881 64.93326968 22.79665593
99.15005793 65.13843384 22.94950199
98.99501140 65.33977997 23.10876552
98.84150531 65.53750528 23.27411505
98.68849679 65.73611046 23.43875654
98.54771841 65.95634286 23.58599439
98.40694002 66.17657526 23.73323225
98.27366384 66.40608983 23.87131486
98.15675844 66.65585933 23.98941953
98.03985304 66.90562883 24.10752419
97.95826679 67.16010758 24.24316959
97.88081463 67.41513755 24.38086811
97.80628454 67.67089812 24.51845407
97.76454348 67.93485690 24.65477687
97.72280242 68.19881569 24.79109966
97.70096759 68.46565003 24.92626132
97.68177994 68.73286676 25.06126857
97.66259228 69.00008350 25.19627582
97.66044848 69.26777016 25.33096267
97.66995841 69.53577813 25.46543046
97.67946834 69.80378610 25.59989824
97.71016339 70.06806658 25.73557587
97.77761374 70.32588002 25.87335254
97.84506409 70.58369346 26.01112920
97.91469153 70.84043997 26.14979092
97.98638410 71.09617441 26.28929219
98.06348367 71.35285000 26.42394265
98.14487221 71.61027212 26.55474535
98.22626074 71.86769424 26.68554804
98.33255742 72.10819944 26.82946433
98.44223988 72.34640511 26.97516314
98.55192234 72.58461077 27.12086196
98.69214073 72.80705245 27.26527911
98.83240898 73.02946839 27.40969417
98.97267723 73.25188432 27.55410923
99.14418513 73.46943692 27.66890052
99.31699808 73.68678634 27.78245427
99.48985023 73.90428382 27.89562461
99.66477470 74.12960795 27.98852553
99.83969917 74.35493209 28.08142645
100.01462365 74.58025623 28.17432737
100.18341493 74.81650275 28.24957069
100.35173922 75.05358094 28.32346953
100.52006350 75.29065912 28.39736836
100.70446006 75.50490023 28.49393916
100.89845485 75.70550322 28.60404948
101.09244964 75.90610621 28.71415980
101.30102517 76.07067417 28.85195427
101.51232619 76.22850632 28.99492357
101.72553107 76.37832266 29.14299851
101.94222288 76.51345806 29.30042442
102.16097311 76.63256800 29.46499856
102.38550161 76.70669236 29.64963870
102.61003010 76.78081671 29.83427885
102.83170602 76.83538017 30.02800339
103.05125241 76.87534095 30.22850964
103.27079879 76.91530172 30.42901589
103.51696888 76.90390210 30.59806726
103.76738595 76.88430953 30.76210098
104.01505395 76.86452869 30.92964309
104.23527777 76.84286824 31.13220960
104.45550158 76.82120779 31.33477611
104.65498499 76.78827932 31.55517833
104.84155584 76.74833561 31.78668470
105.02812669 76.70839190 32.01819107
