#spline3d 263
60.07880020 84.99150085 3.45239997
60.01566597 84.85796529 3.71351741
59.97597383 84.69905123 3.96427445
59.94153894 84.53444564 4.21270802
59.90874705 84.36852906 4.46039611
59.89147564 84.19022838 4.70104222
59.87420423 84.01192770 4.94168833
59.87111902 83.83447187 5.18242531
59.90635680 83.65929834 5.42340775
59.94159457 83.48412480 5.66439020
59.99414127 83.33413013 5.91671465
60.06416972 83.20956575 6.18049438
60.13419817 83.08500137 6.44427410
60.21745875 82.95589482 6.70122745
60.32115081 82.81977480 6.94764033
60.42484287 82.68365479 7.19405320
60.54111680 82.54424133 7.43026837
60.71481609 82.38979618 7.61993980
60.88851538 82.23535102 7.80961122
61.06294082 82.07928382 7.99632713
61.25909952 81.87466987 8.09458632
61.45525822 81.67005593 8.19284552
61.66286483 81.46614084 8.25822262
61.88032597 81.26282734 8.29529432
62.09778710 81.05951384 8.33236602
62.30982497 80.85148017 8.37254170
62.50878623 80.63206523 8.42020170
62.70774749 80.41265029 8.46786169
62.92119094 80.21412551 8.53570774
63.14049957 80.02406110 8.61172898
63.36433856 79.83538663 8.67307336
63.59836485 79.64983769 8.70141420
63.83239115 79.46428875 8.72975503
64.05866156 79.27000701 8.72552863
64.27820387 79.06814971 8.69305068
64.49718127 78.86582239 8.65991079
64.70789160 78.65661675 8.61708407
64.91860194 78.44741110 8.57425734
65.13879951 78.24603390 8.54805053
65.36506536 78.04966399 8.53247423
65.59133121 77.85329407 8.51689794
65.81156982 77.65037212 8.50526359
66.02021623 77.43484866 8.50121077
66.22886265 77.21932520 8.49715795
66.43670580 77.00377680 8.47965885
66.64439889 76.78822374 8.45964795
66.85926026 76.58264742 8.42355672
67.07885475 76.38365861 8.37684783
67.29353591 76.18132631 8.32349749
67.50033850 75.97363266 8.25949751
67.73035663 75.78986400 8.20697081
67.97086399 75.61690511 8.15962796
68.21597204 75.44857972 8.12287989
68.46815489 75.28737956 8.10242411
68.72033774 75.12617941 8.08196832
68.97208196 74.96346669 8.07052740
69.22372842 74.80041687 8.06109550
69.46081238 74.61911837 8.03859838
69.68943631 74.42721837 8.00851107
69.92264338 74.24077434 7.98092178
70.16322029 74.06310366 7.95734935
70.40256744 73.88349202 7.93916224
70.63755149 73.69699401 7.94008169
70.87253555 73.51049601 7.94100113
71.12174448 73.34426124 7.95690330
71.37109192 73.17822379 7.97295135
71.61515716 73.00733596 8.00753297
71.85977695 72.83884104 8.04861234
72.10694396 72.67744561 8.10209326
72.35403254 72.51806408 8.16013972
72.60056834 72.37287813 8.25036777
72.84710413 72.22769218 8.34059582
73.08130567 72.08008480 8.45596586
73.31470282 71.93231952 8.57297556
73.55738109 71.81690860 8.70498546
73.80252552 71.71009481 8.84098118
74.04766995 71.60328102 8.97697690
74.28516151 71.53724297 9.14682072
74.52161287 71.47674726 9.32126526
74.75806423 71.41625156 9.49570980
74.96404350 71.33542637 9.69770476
75.16657521 71.25230115 9.90281672
75.36868810 71.16916683 10.10826707
75.52887811 71.08512084 10.34758968
75.68906812 71.00107486 10.58691229
75.84925813 70.91702888 10.82623490
75.98425586 70.88012690 11.09158060
76.11921509 70.84329697 11.35696606
76.24020659 70.80389805 11.62777677
76.33277866 70.75927213 11.90962592
76.42535073 70.71464622 12.19147506
76.51150428 70.67360509 12.47559182
76.57913228 70.64291061 12.76625347
76.64676028 70.61221612 13.05691512
76.71281130 70.59351402 13.34861041
76.77670900 70.59118719 13.64171712
76.84060669 70.58886036 13.93482383
76.87801441 70.60281442 14.23021952
76.88415442 70.63598581 14.52831703
76.89029442 70.66915719 14.82641455
76.88702313 70.71644605 15.12183525
76.86844793 70.78669166 15.41290311
76.84987272 70.85693726 15.70397097
76.84035823 70.89039146 16.00141822
76.83277911 70.91598703 16.30022810
76.82551159 70.94227435 16.59894989
76.82966341 70.99391176 16.89444336
76.83381523 71.04554916 17.18993683
76.84825164 71.11123413 17.48068987
76.89237524 71.21746840 17.75775932
76.93649884 71.32370266 18.03482877
76.98661369 71.43386541 18.30877383
77.06682519 71.56376266 18.56702372
77.14703670 71.69365990 18.82527360
77.27331002 71.82162012 19.06440432
77.40879165 71.94919311 19.29971288
77.56268456 72.04924201 19.53621820
77.72282082 72.13995737 19.77312934
77.89218069 72.17731334 20.01731685
78.06245035 72.20940617 20.26222207
78.25945794 72.17828749 20.48503288
78.45942127 72.14018114 20.70540128
78.67334315 72.07835453 20.90452051
78.89611373 72.00149101 21.09016932
79.11888432 71.92462750 21.27581813
79.35145706 71.83067718 21.43812193
79.59181544 71.72315519 21.58188329
79.82843455 71.59512006 21.71206229
80.06099588 71.44482459 21.82750206
80.29355721 71.29452913 21.94294184
80.45990861 71.05463180 22.00193380
80.62075760 70.80728808 22.05623465
80.78160660 70.55994436 22.11053550
80.91612771 70.29649557 22.15304168
81.03396351 70.02284019 22.18807299
81.15179931 69.74918481 22.22310429
81.25241705 69.46902848 22.25138062
81.32665460 69.17891187 22.26930750
81.40089214 68.88879526 22.28723438
81.47450231 68.59849154 22.29312826
81.54694339 68.30783912 22.27659962
81.61938448 68.01718670 22.26007098
81.66479810 67.72524868 22.22124126
81.68378618 67.43205370 22.16060714
81.70127755 67.13926378 22.09866867
81.67061736 66.85950559 21.99476713
81.63995717 66.57974740 21.89086559
81.58669425 66.31400254 21.76368062
81.52680111 66.05236830 21.62966575
81.46690797 65.79073407 21.49565088
81.35721031 65.54709913 21.36501927
81.22021204 65.31333060 21.23624221
81.08321377 65.07956207 21.10746516
80.91626978 64.85626598 21.00184431
80.72772407 64.64052431 20.91292749
80.53625509 64.42740838 20.82429546
80.33240949 64.22540936 20.73686916
80.12856388 64.02341034 20.64944287
79.91583252 63.82714761 20.57165579
79.69548762 63.63579988 20.50212783
79.47514271 63.44445215 20.43259987
79.25024123 63.25309386 20.38691451
79.01981611 63.06172277 20.37013200
78.78939099 62.87035168 20.35334948
78.55820615 62.67974825 20.35328196
78.32600716 62.49048785 20.36769909
78.08237576 62.32170425 20.41412940
77.83874436 62.15292065 20.46055971
77.61323079 61.97365306 20.54299538
77.38992306 61.79310904 20.62981471
77.16661534 61.61256502 20.71663404
76.98523746 61.41026453 20.84306500
76.80597318 61.20686734 20.97149270
76.64031082 60.99103288 21.09728639
76.48043020 60.76991173 21.22196045
76.32054958 60.54879058 21.34663451
76.16879364 60.33458245 21.48998685
76.02643521 60.12837035 21.65494368
75.88407679 59.92215825 21.81990052
75.75131116 59.72110442 21.99782615
75.62835483 59.52532528 22.18901331
75.50539850 59.32954614 22.38020046
75.41929986 59.16202315 22.61211034
75.34036159 58.99998950 22.85193145
75.27273800 58.84001992 23.09482099
75.27233109 58.69231233 23.35593901
75.27192418 58.54460475 23.61705703
75.30558597 58.40697068 23.87848457
75.38188439 58.28194353 24.14029950
75.45818282 58.15691638 24.40211442
75.55645765 58.05343848 24.66188536
75.70447253 57.99873384 24.91703010
75.85248740 57.94402920 25.17217484
76.02039593 57.92578997 25.41556567
76.21216007 57.95127851 25.64486170
76.40392421 57.97676706 25.87415773
76.60661382 58.02933102 26.08657361
76.81922749 58.10648874 26.28365650
77.03339598 58.19010474 26.47526733
77.25648960 58.31079327 26.63546681
77.47965301 58.43188227 26.79511907
77.70988347 58.59352518 26.89935546
77.94018059 58.75543459 27.00282090
78.17477726 58.93453624 27.05654844
78.40937393 59.11363790 27.11027598
78.64397061 59.29273955 27.16400352
78.89026676 59.46090848 27.19266811
79.13967789 59.62616659 27.21465971
79.38434030 59.79819384 27.23380497
79.61780929 59.98617696 27.24624096
79.85127827 60.17416008 27.25867696
80.08022632 60.36788242 27.26602902
80.30916620 60.56161514 27.27337189
80.50955445 60.77990378 27.30002925
80.68628637 61.01853813 27.34268956
80.86301829 61.25717247 27.38534987
81.01994887 61.50613583 27.43619855
81.14871138 61.76979258 27.49869545
81.27747389 62.03344932 27.56119235
81.39265789 62.30070440 27.63059147
81.48060141 62.57517827 27.71383743
81.56854494 62.84965214 27.79708338
81.64112503 63.12179453 27.89484121
81.67584352 63.38819122 28.02836205
81.71056202 63.65458791 28.16188289
81.74474932 63.91950838 28.29827527
81.77666487 64.17811556 28.44694825
81.80858042 64.43672275 28.59562123
81.83523409 64.69618715 28.74350496
81.84413660 64.95854341 28.88872613
81.85303911 65.22089967 29.03394730
81.79811902 65.48121491 29.17247502
81.74273297 65.74151524 29.31095388
81.68734693 66.00181558 29.44943273
81.60505727 66.24877185 29.59771881
81.51598938 66.49236615 29.74847576
81.39317334 66.72660322 29.88895174
81.26234548 66.95861890 30.02698701
81.11719442 67.18530368 30.15900914
80.96588302 67.40969567 30.28844504
80.77437809 67.62318304 30.36969189
80.57149642 67.83358387 30.43729888
80.36861475 68.04398470 30.50490587
80.14530034 68.23376646 30.56344659
79.90682660 68.40825064 30.61526092
79.66069061 68.56837582 30.67429194
79.40749886 68.71527860 30.73996840
79.15430711 68.86218138 30.80564486
78.89863772 69.00437839 30.87192992
78.64123261 69.14327875 30.93864134
78.37018112 69.26510441 30.97857246
78.09803391 69.38555908 31.01635330
77.82398519 69.50033355 31.05754126
77.54883651 69.61182219 31.10070013
77.27289732 69.71858665 31.14742663
76.99086770 69.78895387 31.22163991
76.70883808 69.85932108 31.29585319
76.42680845 69.92968830 31.37006647
76.15332584 69.94256531 31.48993555
75.88089533 69.94836553 31.61542467
75.60846481 69.95416575 31.74091378
75.36897642 69.94199175 31.91373103
75.15325049 69.91685224 32.12068796
