#spline3d 255
126.78099823 107.63500214 3.07492995
127.00163233 107.57038215 3.26765993
127.22226643 107.50576217 3.46038991
127.45609488 107.44589161 3.63831316
127.69255909 107.38696981 3.81327857
127.92855459 107.33102833 3.98976076
128.16328771 107.28311372 4.17032809
128.39802083 107.23519912 4.35089543
128.62417859 107.19809735 4.54383504
128.84408465 107.16887849 4.74579442
129.06399072 107.13965962 4.94775380
129.27965365 107.11843665 5.15518542
129.49489186 107.09801404 5.36316479
129.69503312 107.07911967 5.58475005
129.87749428 107.06201503 5.82226923
130.04584048 107.02986568 6.06807590
130.20833020 106.99147408 6.31732117
130.37309240 106.95680775 6.56533685
130.55332299 106.94749861 6.80498300
130.73355358 106.93818947 7.04462914
130.87792831 106.92658950 7.30630491
131.01125679 106.91428378 7.57476743
131.14458527 106.90197806 7.84322995
131.25172848 106.90145376 8.12311805
131.35386103 106.90318388 8.40519249
131.45599358 106.90491400 8.68726693
131.53335166 106.86186661 8.97367000
131.60943313 106.81651186 9.26029613
131.67609636 106.76749859 9.54801302
131.70877206 106.70528292 9.83966609
131.74144776 106.64306724 10.13131916
131.77403777 106.58058274 10.42292040
131.80423248 106.51058307 10.71307257
131.83442718 106.44058339 11.00322473
131.86497088 106.37349757 11.29391595
131.89806900 106.32773924 11.58855268
131.90503466 106.25525073 11.87853239
131.90079050 106.17129598 12.16651442
131.88565955 106.06715494 12.44534997
131.84951995 105.92405967 12.70653521
131.81338034 105.78096440 12.96772044
131.74848556 105.63264361 13.21918040
131.66669151 105.48125182 13.46492485
131.58489747 105.32986003 13.71066931
131.45880189 105.16851980 13.92870585
131.32441780 105.00531829 14.14155844
131.19003370 104.84211678 14.35441102
131.02667673 104.67608361 14.54130243
130.84772208 104.50852600 14.71421752
130.66876744 104.34096840 14.88713262
130.47855533 104.16806108 15.03889055
130.27169165 103.98724071 15.15935371
130.06049184 103.80289165 15.26429887
129.84297181 103.61339930 15.34662546
129.62545178 103.42390694 15.42895205
129.40959025 103.23051578 15.50552576
129.19828251 103.02641960 15.56630372
128.98716890 102.82230482 15.62763440
128.77995530 102.61781626 15.70006928
128.57274170 102.41332769 15.77250415
128.35510540 102.21829093 15.83999309
128.13558373 102.02496392 15.90658736
127.91217864 101.83498046 15.96418431
127.66418073 101.66617103 15.96480340
127.41618282 101.49736159 15.96542249
127.16864127 101.32808076 15.96396786
126.92737506 101.15231799 15.93399833
126.68610885 100.97655522 15.90402880
126.41884281 100.84139261 15.89186402
126.15008251 100.70856335 15.88072250
125.88132221 100.57573409 15.86958098
125.61322985 100.44163220 15.87533401
125.34539280 100.30704387 15.88754494
125.07868964 100.17007202 15.89721206
124.81321699 100.03051355 15.90411860
124.54763396 99.89114779 15.91055968
124.28148393 99.75277199 15.91460975
124.01612214 99.61306707 15.91676972
123.75883620 99.45974482 15.89956487
123.50283628 99.30456308 15.88084266
123.25237912 99.14136690 15.85558056
123.00192196 98.97817071 15.83031846
122.75146479 98.81497452 15.80505636
122.48754801 98.67300673 15.79261418
122.22298543 98.53205749 15.78078710
121.95842284 98.39110825 15.76896003
121.68809485 98.26157238 15.75791873
121.41701777 98.13351942 15.74697952
121.14450098 98.00863025 15.75420371
120.87162590 97.88452844 15.76594818
120.59875082 97.76042664 15.77769265
120.33636551 97.61720780 15.80209206
120.07475412 97.47257855 15.82742514
119.80710961 97.34007988 15.85398496
119.53603921 97.21446949 15.88124140
119.26496882 97.08885910 15.90849783
119.00118085 96.95160194 15.94805221
118.73764217 96.81394610 15.98802757
118.47630502 96.67455444 16.03429950
118.22106717 96.53035374 16.09801598
117.96582933 96.38615303 16.16173246
117.71126249 96.24226827 16.22779172
117.47103667 96.10513574 16.34392160
117.23081085 95.96800321 16.46005149
116.98430465 95.85874146 16.58959770
116.73455517 95.76387257 16.72607230
116.49239064 95.65832762 16.86773838
116.25587045 95.54483808 17.01326769
116.02017943 95.43122429 17.15992941
115.79802998 95.31558127 17.32508517
115.58083763 95.20105141 17.49698401
115.37485480 95.08903874 17.68413100
115.16961836 94.97735827 17.87218353
114.98519667 94.87494198 18.08548929
114.80077497 94.77252568 18.29879505
114.62096224 94.68759577 18.52335767
114.44099371 94.60193532 18.74745757
114.25597421 94.49540882 18.95821722
114.07463598 94.38998219 19.17223527
113.92197599 94.29312388 19.41163715
113.76931600 94.19626557 19.65103903
113.62994242 94.10261180 19.89901254
113.50653358 94.01280856 20.15728559
113.41229111 93.91516332 20.42456931
113.32224930 93.81638865 20.69315078
113.24274340 93.71167288 20.96267338
113.16830687 93.60409854 21.23264881
113.09387034 93.49652419 21.50262424
113.04105258 93.36204727 21.76522179
112.99115992 93.22393031 22.02682109
112.94126727 93.08581335 22.28842039
112.92535182 92.96299175 22.55979845
112.93268539 92.85063606 22.83786767
112.94001896 92.73828037 23.11593688
112.97210320 92.61694896 23.38749805
113.02114677 92.48946734 23.65459986
113.07019034 92.36198572 23.92170166
113.12136874 92.23053475 24.18639869
113.17558653 92.09343255 24.44767201
113.22980433 91.95633036 24.70894533
113.28019943 91.79778906 24.95823600
113.32948550 91.63302783 25.20405025
113.38483264 91.46686819 25.44701902
113.47824435 91.29192636 25.67211770
113.57224275 91.11585166 25.89594824
113.67742832 90.91817521 26.09559785
113.78261388 90.72049876 26.29524746
113.88718212 90.51840100 26.48982569
113.98686482 90.28131284 26.64426889
114.08654752 90.04422469 26.79871208
114.18690899 89.80567333 26.94887532
114.30258339 89.53411216 27.00248263
114.41825780 89.26255100 27.05608994
114.53393220 88.99098983 27.10969725
114.67608594 88.72847822 27.09061914
114.82049177 88.46673627 27.06535906
114.96336769 88.20947860 27.01185868
115.10523118 87.95518845 26.93966996
115.24709466 87.70089829 26.86748124
115.37967832 87.44333160 26.79028677
115.50298884 87.18249073 26.70809016
115.62629936 86.92164986 26.62589354
115.73379979 86.65754656 26.53630129
115.80789266 86.38654958 26.43108165
115.88198552 86.11555261 26.32586201
115.92883658 85.83622449 26.22741752
115.97283895 85.55602519 26.12968152
116.01684131 85.27582589 26.03194551
116.03590708 84.99491599 25.92920434
116.05005547 84.71015121 25.83757212
116.06720366 84.41866924 25.76869275
116.08435186 84.12718727 25.69981338
116.09285559 83.82860861 25.67646807
116.10044106 83.52927610 25.65795970
116.07911533 83.23071604 25.67370387
116.05549900 82.93221719 25.69216184
116.02441746 82.63645752 25.72047388
115.95801416 82.35365838 25.79541055
115.89161086 82.07085923 25.87034722
115.82520756 81.78806009 25.94528389
115.74489794 81.54167295 26.09233398
115.66222067 81.30227612 26.25308041
115.58382990 81.07316433 26.43017534
115.50543913 80.84405255 26.60727028
115.42643028 80.61858003 26.78830227
115.34429929 80.41149106 26.98922200
115.26216829 80.20440208 27.19014174
115.18216659 80.01015003 27.40282996
115.09530348 79.84933110 27.63899409
114.95671296 79.72156743 27.87237973
114.81812244 79.59380376 28.10576538
114.62961663 79.54172028 28.32667269
114.42351295 79.51631819 28.54318070
114.21740927 79.49091611 28.75968872
114.00245245 79.53732390 28.95757598
113.78356149 79.61564242 29.14718858
113.56467053 79.69396094 29.33680118
113.34065371 79.78817454 29.51123986
113.11149008 79.89834818 29.67044261
112.88232644 80.00852182 29.82964535
112.69436989 80.14995312 30.00833790
112.54335275 80.31940485 30.20450176
112.39233561 80.48885657 30.40066563
112.24900182 80.66861729 30.59249368
112.12001036 80.86762157 30.77622818
111.99298092 81.06821759 30.95950013
111.87665464 81.27749688 31.14024880
111.76032836 81.48677617 31.32099747
111.64564859 81.69611745 31.50270519
111.53411112 81.90557704 31.68624321
111.42257365 82.11503663 31.86978122
111.32077086 82.32953793 32.05092360
111.28181133 82.57658642 32.21660070
111.24285180 82.82363492 32.38227779
111.22604502 83.07240232 32.54720367
111.23753210 83.32336511 32.71117010
111.24901918 83.57432789 32.87513653
111.26035879 83.82634602 33.03748024
111.27158560 84.07917141 33.19858267
111.30868831 84.33171210 33.35525389
111.35710732 84.58412829 33.50998722
111.42062469 84.83416885 33.66140666
111.51612619 85.07917692 33.80580601
111.61162768 85.32418499 33.95020537
111.70739681 85.56915304 34.09446867
111.82555894 85.81077301 34.22734817
111.94372106 86.05239297 34.36022768
112.07215272 86.28747298 34.49365679
112.23091879 86.50323510 34.62870934
112.39050899 86.70893511 34.77582038
112.55201916 86.89119356 34.95102393
112.71352934 87.07345200 35.12622747
112.87202295 87.24352945 35.31221605
113.01551511 87.35303055 35.55183884
113.15900728 87.46253164 35.79146163
113.30249944 87.57203274 36.03108442
113.46383684 87.65688481 36.26913000
113.62718051 87.73896567 36.50699827
113.79052419 87.82104654 36.74486653
113.97129926 87.86863984 36.97818012
114.15921616 87.90210325 37.20962761
114.34713306 87.93556666 37.44107510
114.52955281 87.94859941 37.67756932
114.70472402 87.93469231 37.92071817
114.86677584 87.91208546 38.17160124
115.01666325 87.88141212 38.42965555
115.16131901 87.83793998 38.68875616
115.30459207 87.79108517 38.94813331
115.44563776 87.72089304 39.20258933
115.58501280 87.63319668 39.45335423
115.70458838 87.52688134 39.70670292
115.81850409 87.41524357 39.96079022
115.92390048 87.29360292 40.21304638
116.00692756 87.14569756 40.46049451
116.08995463 86.99779219 40.70794265
