#spline3d 253
118.95800018 82.81369781 3.33036995
118.73202585 82.62761266 3.39600464
118.50605151 82.44152750 3.46163932
118.27938595 82.25534947 3.52411504
118.04893924 82.06866339 3.56931046
117.81849253 81.88197731 3.61450588
117.59048129 81.69129915 3.65110231
117.37043720 81.48756172 3.65956896
117.14333027 81.29211964 3.66828096
116.90736397 81.10708297 3.67730072
116.67139768 80.92204630 3.68632047
116.42620072 80.75076273 3.70343716
116.17428531 80.58948923 3.72644711
115.92236990 80.42821572 3.74945707
115.66683082 80.27188568 3.76342251
115.40929940 80.11827362 3.77241517
115.15176798 79.96466157 3.78140782
114.90299865 79.79746177 3.77620016
114.65670683 79.62642001 3.76697731
114.38404536 79.50467818 3.78354623
114.10750460 79.39014793 3.80364095
113.83180267 79.27203112 3.80971209
113.55610074 79.15391431 3.81578323
113.28670431 79.02201743 3.81614475
113.01799528 78.88861830 3.81588382
112.75795106 78.74043541 3.80415729
112.50363948 78.58247155 3.78484510
112.24932790 78.42450769 3.76553290
112.00233641 78.26105927 3.72268246
111.76043702 78.09379561 3.66345804
111.51853764 77.92653195 3.60423362
111.27088144 77.76321835 3.56336086
111.01838078 77.60322877 3.53793131
110.76588013 77.44323919 3.51250175
110.51085869 77.28573953 3.50255254
110.25524744 77.12882246 3.49622542
109.99247161 76.98455144 3.48819988
109.72734019 76.84443821 3.47961593
109.46779094 76.69492445 3.46293986
109.20829142 76.54532692 3.44619168
108.94879191 76.39572940 3.42944351
108.67553166 76.27415283 3.42299007
108.39582385 76.16570540 3.42136020
108.11611604 76.05725798 3.41973032
107.83978591 75.94058522 3.42017987
107.56462920 75.82105497 3.42135182
107.29491815 75.69749720 3.44930643
107.03382692 75.56756438 3.51965463
106.77273569 75.43763156 3.59000282
106.51561731 75.31616157 3.68457460
106.25962698 75.19709450 3.78602437
106.00363664 75.07802742 3.88747414
105.74417102 74.98483303 4.00490135
105.48395143 74.89725173 4.12579488
105.22374178 74.80983819 4.24679727
104.96556499 74.75672139 4.39005715
104.70738820 74.70360459 4.53331703
104.45701054 74.65192928 4.68825912
104.23142075 74.60483546 4.88033059
104.00583096 74.55774165 5.07240206
103.78024117 74.51064783 5.26447353
103.58113158 74.46346453 5.48385354
103.38205046 74.41628114 5.70326291
103.18296935 74.36909775 5.92267229
102.99756469 74.34668635 6.15641470
102.81878605 74.33627659 6.39710123
102.65625787 74.30914663 6.64669899
102.50806284 74.26726919 6.90415657
102.35986782 74.22539176 7.16161415
102.25870453 74.16298487 7.43668034
102.16089689 74.09911325 7.71300287
102.07570434 74.03277215 7.99177064
102.03690337 73.95734968 8.27953067
101.99810240 73.88192720 8.56729070
101.99489981 73.82866154 8.86204235
101.99709189 73.77875357 9.15785353
101.99860512 73.72577572 9.45301710
101.99554664 73.65212336 9.74381931
101.99248816 73.57847100 10.03462151
102.00031612 73.50460846 10.32437755
102.05585837 73.42982469 10.60954838
102.11140061 73.35504092 10.89471921
102.18314881 73.26334065 11.17062480
102.26305432 73.16312543 11.44186671
102.34374668 73.06476114 11.71349855
102.42996507 72.97939582 11.98786874
102.51618347 72.89403049 12.26223893
102.61260067 72.78659430 12.52506697
102.71017980 72.67664362 12.78658005
102.80845071 72.56714719 13.04797879
102.93049953 72.47326426 13.30544768
103.05254835 72.37938134 13.56291657
103.17373701 72.28510715 13.82056616
103.25540962 72.17285862 14.08651671
103.33708223 72.06061009 14.35246726
103.41583461 71.94565792 14.61810510
103.49083612 71.82723307 14.88334127
103.56583762 71.70880821 15.14857744
103.63725089 71.56467541 15.40163693
103.70828543 71.41782921 15.65341120
103.78525691 71.26249621 15.89805731
103.86580711 71.10204747 16.13840665
103.91892586 70.91696857 16.36751512
103.96403989 70.72470239 16.59334342
104.00915392 70.53243622 16.81917172
104.06542120 70.33394510 17.03667845
104.12772791 70.13208321 17.24967909
104.19173544 69.92886238 17.46083172
104.25960883 69.72255275 17.66778398
104.32748222 69.51624312 17.87473623
104.39594027 69.30929869 18.08075099
104.48064361 69.08471555 18.26071668
104.56534696 68.86013240 18.44068238
104.64794558 68.62929472 18.61178953
104.71995899 68.36700139 18.73834478
104.79197240 68.10470806 18.86490003
104.86527963 67.84033210 18.98507017
104.94662006 67.56302537 19.06559581
105.02796049 67.28571863 19.14612146
105.10930091 67.00841190 19.22664710
105.19387022 66.72851350 19.29342454
105.27915175 66.44804344 19.35716940
105.36443329 66.16757337 19.42091426
105.46067505 65.88733027 19.46315661
105.56156096 65.60602636 19.48043283
105.65034927 65.32009455 19.46145718
105.73913758 65.03416274 19.44248154
105.82978080 64.75671488 19.38056370
105.92136391 64.48356591 19.29688673
106.01423111 64.21123931 19.21246563
106.14574811 63.96366543 19.10564689
106.27726510 63.71609156 18.99882815
106.43439743 63.48269572 18.89966658
106.61957444 63.26482255 18.80888838
106.80475146 63.04694938 18.71811017
107.01869729 62.86510933 18.62118752
107.25613988 62.71269909 18.51924644
107.49358247 62.56028885 18.41730536
107.73629077 62.42178821 18.30953343
107.98509739 62.29939656 18.19500869
108.23319384 62.16928655 18.08938674
108.47943610 62.01902419 18.00700967
108.72567836 61.86876183 17.92463259
108.97172643 61.71787628 17.84322982
109.20824492 61.53640929 17.80963829
109.44476341 61.35494229 17.77604676
109.67978495 61.17173494 17.74552087
109.88747890 60.95675648 17.77095965
110.09517285 60.74177802 17.79639842
110.27746774 60.51054161 17.83502288
110.41741615 60.25219919 17.89563109
110.55736455 59.99385678 17.95623930
110.66240440 59.72635669 18.03588817
110.74508872 59.45299201 18.12773073
110.82461132 59.18000483 18.22066981
110.76014981 58.92420870 18.36354487
110.67584488 58.67423604 18.50062151
110.52200075 58.44467108 18.61737812
110.36815661 58.21510613 18.73413474
110.18931292 58.00275467 18.83600722
109.95481981 57.82872074 18.90474733
109.72032671 57.65468681 18.97348745
109.48513574 57.48226288 19.04226299
109.19893574 57.42752053 19.11362769
108.91273574 57.37277818 19.18499240
108.62653574 57.31803583 19.25635710
108.33701215 57.33817103 19.32027861
108.04650141 57.38054566 19.38198941
107.75599068 57.42292029 19.44370020
107.47497441 57.50020325 19.50606436
107.20242998 57.60863458 19.56901151
106.92988554 57.71706591 19.63195866
106.66001711 57.83016971 19.69744213
106.39698650 57.95521277 19.76940650
106.13395588 58.08025582 19.84137087
105.87232400 58.20834184 19.91229939
105.62340143 58.36407727 19.97381583
105.37447887 58.51981270 20.03533226
105.12907112 58.67726454 20.10463371
104.89206172 58.83881757 20.19253677
104.65505232 59.00037060 20.28043983
104.42152240 59.16719178 20.36680382
104.20245855 59.35591547 20.44676909
103.98339469 59.54463917 20.52673435
103.76824665 59.73868430 20.60327708
103.56717924 59.95186451 20.66751289
103.36611182 60.16504472 20.73174870
103.16678715 60.38074851 20.79214094
102.97427525 60.60631758 20.83750769
102.78176335 60.83188665 20.88287444
102.60756188 61.06767919 20.94296488
102.44576847 61.31039969 21.01303283
102.28397505 61.55312018 21.08310079
102.12531796 61.78971727 21.17405766
101.97039873 62.01901646 21.28990999
101.81547951 62.24831566 21.40576233
101.67202857 62.48110575 21.52773233
101.55429668 62.72143899 21.66319592
101.44351693 62.96328777 21.80189277
101.33273719 63.20513655 21.94058961
101.23705174 63.45078305 22.07935727
101.21896063 63.71595221 22.21848898
101.20126863 63.98157190 22.35674974
101.18954499 64.25392855 22.48198638
101.17782135 64.52628520 22.60722301
101.16609771 64.79864185 22.73245965
101.18371237 65.09353476 22.78414574
101.20157268 65.38861637 22.83521600
101.23632190 65.68026090 22.88836085
101.32217084 65.96150609 22.94778263
101.40801978 66.24275128 23.00720441
101.51815387 66.51775022 23.04470979
101.64666489 66.78802252 23.06563070
101.77517591 67.05829482 23.08655161
101.90395839 67.32864587 23.09961084
102.03342022 67.59919399 23.09299543
102.16288205 67.86974211 23.08638002
102.29508869 68.13894321 23.07991308
102.43034351 68.40664842 23.07361101
102.56763206 68.67258305 23.05844384
102.70966255 68.93438926 23.02260626
102.85169304 69.19619547 22.98676867
103.02174254 69.44070679 22.95289169
103.20094366 69.68012548 22.93638887
103.38486624 69.91712887 22.93522896
103.56878881 70.15413226 22.93406904
103.75659461 70.38631752 22.95138568
103.94970811 70.61191720 22.99395666
104.14745427 70.83237628 23.04043678
104.35503923 71.04191785 23.09521910
104.56245751 71.24791942 23.15910043
104.76907120 71.43683292 23.26690397
104.97536937 71.61484518 23.39035153
105.18122227 71.77747251 23.53587754
105.38842920 71.92763631 23.68915664
105.60200807 72.01914802 23.87892094
105.81558695 72.11065974 24.06868524
105.98330355 72.15181562 24.30494644
106.12162943 72.16070110 24.57100505
106.25995531 72.16958657 24.83706367
106.39857741 72.18591722 25.10240461
106.53778859 72.21705368 25.36631835
106.67699978 72.24819014 25.63023209
106.82296320 72.26146697 25.88998477
106.98743497 72.22578936 26.13833172
107.15190674 72.19011175 26.38667867
107.31570691 72.15303054 26.63511928
107.45965291 72.07445569 26.88632895
107.60359890 71.99588084 27.13753862
107.74748805 71.91736137 27.38879376
107.87637122 71.85345867 27.65205304
108.00525439 71.78955596 27.91531231
108.13413755 71.72565326 28.17857159
