#spline3d 260
58.06330109 84.03330231 4.17528009
58.22396040 83.90103023 4.39136500
58.38916194 83.77977551 4.60983487
58.56287147 83.67915729 4.83277200
58.73658100 83.57853906 5.05570914
58.90884373 83.47924886 5.28020924
59.06578578 83.39402166 5.52126009
59.23490761 83.30218482 5.75039471
59.42084348 83.20122346 5.96307910
59.60677934 83.10026210 6.17576349
59.80285474 82.99106132 6.36967136
60.03825458 82.84990535 6.49075773
60.27365442 82.70874938 6.61184411
60.51204890 82.55636997 6.70809735
60.75316809 82.39377876 6.78175586
60.98787571 82.23037317 6.87169786
61.22004782 82.06664553 6.96807932
61.45221993 81.90291789 7.06446077
61.68922502 81.74160560 7.15262092
61.92796317 81.58115943 7.23783298
62.16905516 81.42190184 7.31693654
62.42366790 81.26947156 7.36095214
62.67828063 81.11704128 7.40496774
62.93460714 80.96674254 7.44516475
63.19801856 80.82525578 7.46957534
63.46142997 80.68376902 7.49398593
63.72487937 80.54219264 7.51660792
63.98878761 80.39953385 7.51762653
64.25191565 80.25561416 7.51893174
64.49822322 80.08451042 7.52641582
64.74453078 79.91340668 7.53389991
64.96869999 79.71644054 7.53581911
65.17521752 79.49885341 7.53330123
65.38173504 79.28126627 7.53078336
65.59319885 79.06853488 7.52877010
65.80715326 78.85824849 7.52701092
66.02110766 78.64796211 7.52525175
66.22504895 78.42829007 7.52465575
66.42097902 78.20110884 7.52499039
66.61715972 77.97423021 7.52466499
66.82996060 77.76741774 7.48057010
67.04276149 77.56060527 7.43647521
67.26049107 77.35873786 7.39380064
67.48038509 77.15904206 7.35174982
67.70027910 76.95934627 7.30969899
67.93088816 76.77013127 7.27971216
68.16491041 76.58425486 7.25356824
68.39893267 76.39837846 7.22742431
68.63152269 76.21100910 7.19936174
68.86282566 76.02229813 7.16957501
69.09769627 75.84008713 7.13167273
69.33842703 75.66855288 7.08044004
69.58153687 75.50114535 7.02788196
69.83535611 75.35231422 6.96935773
70.08917534 75.20348308 6.91083349
70.35015726 75.06209882 6.87101747
70.61605663 74.92582709 6.84404532
70.88195599 74.78955537 6.81707318
71.13825662 74.63462342 6.80579444
71.39205737 74.47483165 6.79860285
71.64585813 74.31503988 6.79141125
71.88740988 74.13991081 6.76464952
72.12471496 73.95946437 6.73110291
72.36172408 73.77859693 6.69794176
72.58872843 73.58349780 6.67781013
72.81573279 73.38839867 6.65767851
73.04147003 73.19194753 6.64821070
73.26331376 72.99134202 6.67150992
73.48515749 72.79073651 6.69480914
73.71070891 72.59791182 6.73679058
73.93786270 72.40844980 6.78684596
74.16506309 72.22552592 6.85653633
74.39227027 72.04355266 6.92908157
74.61633438 71.86085309 7.00769917
74.82473899 71.67453485 7.11657078
75.03314360 71.48821661 7.22544240
75.23714090 71.30989497 7.34838483
75.41808555 71.17339988 7.54492527
75.59903020 71.03690479 7.74146572
75.77982643 70.90104621 7.93846167
75.94944827 70.81311179 8.16975394
76.11907011 70.72517737 8.40104621
76.28869195 70.63724295 8.63233848
76.43840871 70.54629189 8.87571811
76.58526611 70.45490749 9.12083409
76.73212351 70.36352309 9.36595007
76.86965495 70.28000913 9.61909550
77.00595937 70.19753069 9.87329736
77.14226379 70.11505224 10.12749922
77.23221992 70.09478920 10.41074981
77.31362330 70.08600687 10.69936083
77.39502669 70.07722455 10.98797184
77.45066542 70.08690290 11.28143631
77.48903240 70.10895667 11.57815437
77.52739938 70.13101045 11.87487244
77.55020124 70.15302943 12.17227169
77.53781080 70.17496977 12.47121111
77.52795454 70.19977198 12.77000855
77.51945003 70.22610074 13.06873026
77.51267384 70.26424059 13.36568013
77.50969988 70.32836438 13.65873200
77.50672593 70.39248817 13.95178386
77.50584610 70.46719159 14.24199125
77.50830609 70.55876797 14.52766211
77.51076608 70.65034434 14.81333297
77.53348026 70.74777209 15.09603507
77.55938407 70.84612130 15.37826966
77.58528787 70.94447052 15.66050425
77.64081655 71.03777647 15.94016465
77.69576149 71.13137799 16.21981646
77.73135192 71.23466998 16.49921661
77.76694234 71.33796196 16.77861677
77.78485759 71.46196375 17.05074785
77.79726474 71.59241932 17.32061368
77.80967189 71.72287489 17.59047951
77.81757178 71.86206610 17.85599193
77.82288012 72.00628008 18.11900125
77.82250311 72.15407829 18.37973116
77.80234275 72.31434863 18.63252934
77.78218238 72.47461897 18.88532752
77.75986260 72.63554832 19.13727141
77.69019098 72.81092832 19.37048230
77.62362874 72.98324632 19.60649647
77.57705574 73.13587957 19.86053218
77.53048273 73.28851282 20.11456788
77.49814860 73.41858280 20.38267978
77.46819834 73.54487525 20.65314831
77.44215109 73.64216247 20.93298701
77.42249813 73.69193070 21.22817675
77.40284517 73.74169893 21.52336650
77.39014918 73.75883700 21.81976808
77.38801017 73.72645983 22.11800857
77.38587117 73.69408265 22.41624907
77.38716983 73.65696456 22.71324955
77.42794619 73.56540249 22.99600992
77.46872254 73.47384042 23.27877029
77.51628001 73.35772343 23.54725401
77.58110524 73.17907860 23.77938299
77.64593047 73.00043377 24.01151196
77.70411104 72.80735088 24.23076920
77.74226948 72.57076228 24.41124044
77.78042792 72.33417368 24.59171167
77.84865340 72.07784678 24.72125943
77.93899553 71.80700082 24.81334900
78.02933766 71.53615486 24.90543857
78.11630501 71.25671417 24.97005306
78.20257010 70.97548498 25.02895019
78.29141856 70.69445954 25.08088385
78.40057183 70.41503551 25.07808594
78.50972510 70.13561149 25.07528803
78.61887837 69.85618746 25.07249012
78.68531045 69.56678337 25.03259295
78.74862724 69.27665153 24.98999045
78.80445017 68.99203842 24.91831651
78.85430294 68.71182192 24.82348217
78.89884430 68.43489132 24.72000210
78.91455396 68.17579740 24.56959087
78.93026362 67.91670349 24.41917964
78.94068011 67.66382388 24.25978851
78.93176500 67.43364003 24.06760114
78.92284990 67.20345618 23.87541378
78.90470230 66.98116322 23.67697443
78.84309377 66.79601569 23.44910458
78.78509522 66.61629763 23.21636721
78.73640733 66.45058297 22.97107578
78.69288975 66.28327508 22.72620503
78.67613540 66.10772015 22.48351182
78.65938105 65.93216521 22.24081861
78.64236229 65.75659899 21.99815845
78.61366822 65.58053416 21.75695777
78.58497415 65.40446933 21.51575709
78.55412164 65.22850295 21.27499885
78.47030089 65.05495232 21.04509815
78.38648015 64.88140170 20.81519744
78.27335895 64.72216297 20.58794511
78.15467229 64.56564269 20.36119582
78.01353372 64.42134179 20.14037996
77.85617770 64.28586717 19.92384993
77.68741750 64.14427088 19.72176189
77.49953069 63.99240754 19.54389540
77.31164387 63.84054421 19.36602890
77.12734599 63.64095776 19.24279099
76.94373658 63.43221655 19.13003254
76.76012716 63.22347534 19.01727408
76.55985211 63.01042890 18.96177674
76.35295230 62.79567110 18.92904125
76.14605248 62.58091330 18.89630577
75.93666768 62.36981407 18.89637458
75.72366502 62.16404130 18.94420252
75.51066236 61.95826852 18.99203047
75.29872918 61.75583018 19.05299115
75.08903563 61.56037456 19.14145333
74.91358392 61.37030160 19.27281130
74.80381052 61.19055297 19.48644648
74.71202636 61.02476967 19.71745684
74.63614866 60.87133481 19.96383067
74.58621510 60.73403756 20.22152570
74.59124444 60.63092802 20.50320478
74.62843492 60.53336249 20.78147050
74.71538448 60.44437455 21.05445510
74.80233404 60.35538662 21.32743970
74.91957944 60.28607418 21.59217078
75.06697372 60.23634181 21.84868837
75.22442835 60.20510642 22.09965371
75.40837240 60.22257454 22.33599967
75.59231645 60.24004266 22.57234564
75.78171917 60.26129931 22.80314194
76.00082416 60.30317054 23.00374087
76.21992916 60.34504177 23.20433979
76.43903416 60.38691300 23.40493872
76.65232990 60.46424183 23.60094217
76.86514728 60.54449042 23.79656722
77.07796465 60.62473901 23.99219226
77.28322478 60.72957866 24.18342587
77.48460270 60.84881564 24.37068639
77.68088101 61.00301689 24.53710842
77.87715931 61.15721814 24.70353044
78.06864301 61.33083118 24.85273531
78.25372268 61.53037209 24.97894359
78.43880235 61.72991300 25.10515187
78.61001769 61.93669655 25.23563719
78.73382883 62.16824377 25.38074635
78.85763997 62.39979098 25.52585551
78.98094027 62.63140706 25.67118356
79.05412765 62.86977826 25.83798444
79.12731504 63.10814947 26.00478532
79.18779231 63.34300468 26.18057677
79.23417253 63.57396023 26.36633984
79.28055274 63.80491577 26.55210291
79.32545168 64.02283267 26.75248323
79.36903164 64.22913963 26.96587909
79.41261161 64.43544659 27.17927496
79.43757164 64.64262185 27.39393731
79.44248877 64.85073177 27.60996294
79.43666080 65.06522730 27.81800967
79.39785471 65.29932110 28.00156818
79.35904863 65.53341490 28.18512668
79.32024254 65.76750869 28.36868518
79.27271440 65.99613977 28.55700283
79.22484997 66.22456021 28.74550398
79.16459443 66.44961305 28.93409847
79.09292165 66.67156295 29.12277898
79.00598140 66.88518367 29.31367000
78.90079660 67.08885105 29.50720257
78.79278874 67.29053303 29.70083310
78.64568932 67.46472258 29.89582013
78.49668612 67.63754252 30.09044373
78.32974370 67.79745662 30.28164271
78.16280127 67.95737073 30.47284169
77.99050171 68.11349004 30.66193500
77.79758950 68.25500815 30.84292635
77.60342890 68.39759927 31.02171402
77.40847961 68.54086830 31.19910950
77.21353031 68.68413732 31.37650497
77.00255626 68.80529620 31.55090315
76.78318508 68.91486913 31.72373073
76.56381389 69.02444206 31.89655830
76.36507521 69.10358432 32.10676504
76.16673084 69.18214501 32.31768614
75.96838647 69.26070570 32.52860725
