#spline3d 232
119.21900177 87.66059875 3.91687989
119.10939960 87.49873633 4.14444951
118.99979742 87.33687391 4.37201912
118.87825433 87.17254002 4.59084181
118.73877396 87.00449359 4.79652513
118.56975620 86.85181716 4.98966821
118.38163750 86.70908004 5.17470189
118.19351880 86.56634293 5.35973557
117.99482338 86.41719084 5.52751542
117.79322444 86.26627771 5.69055878
117.57815224 86.12009905 5.83882321
117.35052952 85.97833060 5.97332090
117.12290681 85.83656215 6.10781859
116.88705354 85.69526144 6.22782385
116.65101879 85.55397105 6.34750956
116.40556597 85.40713817 6.43720084
116.15874094 85.25949776 6.52252197
115.91184218 85.10750596 6.59616410
115.66469832 84.94105122 6.63098815
115.41755446 84.77459648 6.66581221
115.15899046 84.62319934 6.66898126
114.89863255 84.47416750 6.66717785
114.63827464 84.32513566 6.66537443
114.38341621 84.16933257 6.64024708
114.12980970 84.01198805 6.60981023
113.87290031 83.86073832 6.57957849
113.60177028 83.73572990 6.55022992
113.32396618 83.62444588 6.53648402
113.04263367 83.52041757 6.53098683
112.76130117 83.41638927 6.52548964
112.48930630 83.29334000 6.51295763
112.23081063 83.14279256 6.49025557
111.97231496 82.99224512 6.46755350
111.71300109 82.84349333 6.44248812
111.45359840 82.69493649 6.41716616
111.19004436 82.55381085 6.39334690
110.92340496 82.41820824 6.37064448
110.65788691 82.28077330 6.34643542
110.39656470 82.13648220 6.31658884
110.13524250 81.99219110 6.28674225
109.87392029 81.84790000 6.25689567
109.61129863 81.70454213 6.23515057
109.34856972 81.56126128 6.21407414
109.08566332 81.41753243 6.20244046
108.82258420 81.27336768 6.19999476
108.55950508 81.12920292 6.19754905
108.29691048 80.98415602 6.19706587
108.03483846 80.83815772 6.19869930
107.77276643 80.69215941 6.20033273
107.51038343 80.54673189 6.20099385
107.24675341 80.40359322 6.19775593
106.98312338 80.26045455 6.19451801
106.73067829 80.09927985 6.20605897
106.48092404 79.93376609 6.22115540
106.22784001 79.77845765 6.26301039
105.97445150 79.62408242 6.30731227
105.72106298 79.46970719 6.35161416
105.46383823 79.32974968 6.41421016
105.20434859 79.19830430 6.48760690
104.94485894 79.06685891 6.56100363
104.70565721 78.90572740 6.64289404
104.46813652 78.74213612 6.72548824
104.23061583 78.57854484 6.80808243
104.01393179 78.39588977 6.90560760
103.80080261 78.20998230 7.00568008
103.58461209 78.02940790 7.10870630
103.36577607 77.85344210 7.21428499
103.14694006 77.67747631 7.31986369
102.93862171 77.52296980 7.47039236
102.73055466 77.36920324 7.62224752
102.51628081 77.23617854 7.78470064
102.30200697 77.10315385 7.94715377
102.08848289 76.97308916 8.11260682
101.87969901 76.86173817 8.29702600
101.67091513 76.75038717 8.48144517
101.48709693 76.65767564 8.69709234
101.31754261 76.57561357 8.93058130
101.14798830 76.49355150 9.16407027
100.99377360 76.41622010 9.40948914
100.84165053 76.33853982 9.65606945
100.69882155 76.25863933 9.90749698
100.55599257 76.17873883 10.15892451
100.41316359 76.09883833 10.41035204
100.28259364 76.01628093 10.66747412
100.15358771 75.93338457 10.92532270
100.02821870 75.86091172 11.18761023
99.90899229 75.80589305 11.45734264
99.79931546 75.76205431 11.73311252
99.68963864 75.71821557 12.00888241
99.59106244 75.66941935 12.28754554
99.51107967 75.61402799 12.57119205
99.45867757 75.59659118 12.86606459
99.40627548 75.57915436 13.16093714
99.35387338 75.56171755 13.45580969
99.32429483 75.51948735 13.75082468
99.30090369 75.47053572 14.04587828
99.27438989 75.42477998 14.34107767
99.23838294 75.38874002 14.63672025
99.20237598 75.35270005 14.93236283
99.16677583 75.32157258 15.22848288
99.13244613 75.30578676 15.52609408
99.10027166 75.29289159 15.82389138
99.08717727 75.30558711 16.12333628
99.07351863 75.31713753 16.42277586
99.05436423 75.31753501 16.72216356
99.03511011 75.31846774 17.02153779
99.01467147 75.32575746 17.32075200
99.00504786 75.33341878 17.61963345
99.04326875 75.34272401 17.91704284
99.08452327 75.35164515 18.21398786
99.13910306 75.35887920 18.50889320
99.19368285 75.36611325 18.80379854
99.23486576 75.32751756 19.09760196
99.27314706 75.27899567 19.39116671
99.31142836 75.23047378 19.68473146
99.33126108 75.16483850 19.97586091
99.33543671 75.08467930 20.26492355
99.33961234 75.00452010 20.55398619
99.34754275 74.90241769 20.83248749
99.36752895 74.72986032 21.07707862
99.38751515 74.55730296 21.32166974
99.41687237 74.36480994 21.54054395
99.48038315 74.09965959 21.66569046
99.54354976 73.83382508 21.78900454
99.59488272 73.54446707 21.84931308
99.64621567 73.25510905 21.90962161
99.69754863 72.96575104 21.96993015
99.74943691 72.67274508 21.93489068
99.80133905 72.37964803 21.89747046
99.85324119 72.08655099 21.86005025
99.89666161 71.80781687 21.76599496
99.93624761 71.53557594 21.64633608
99.98128772 71.28558412 21.49572077
100.03659150 71.07746114 21.28685093
100.09189527 70.86933817 21.07798110
100.15871398 70.67851267 20.85949296
100.25592683 70.53334455 20.61561695
100.35313969 70.38817643 20.37174093
100.45999568 70.26737814 20.11954387
100.57177611 70.15902471 19.86309753
100.68355654 70.05067129 19.60665119
100.82152457 69.93163961 19.36916326
100.96842975 69.80896373 19.13814534
101.15127561 69.67198983 18.94582789
101.34395940 69.53110218 18.76410379
101.53664319 69.39021453 18.58237969
101.74858445 69.24992743 18.42456604
101.97064050 69.10995576 18.27931111
102.19306469 68.97021920 18.13441776
102.42354998 68.83563083 17.99744186
102.65403527 68.70104246 17.86046597
102.88240161 68.55789885 17.73181011
103.09913782 68.36779889 17.64881967
103.31587404 68.17769893 17.56582922
103.53201972 67.98616961 17.48709065
103.73668950 67.76686327 17.49097946
103.94135929 67.54755692 17.49486827
104.14160071 67.32765342 17.51103994
104.30854898 67.10326039 17.61955632
104.47549726 66.87886736 17.72807270
104.63112919 66.65486404 17.84817449
104.73602527 66.43260797 18.02021855
104.84092134 66.21035189 18.19226260
104.94063417 65.98876813 18.36722334
104.99016572 65.77369328 18.57042170
105.03969727 65.55861842 18.77362006
105.08922882 65.34354357 18.97681842
105.10253570 65.16209144 19.21394601
105.10910141 64.98689628 19.45738761
105.09360925 64.82184613 19.70562893
105.04589568 64.67161552 19.96088155
104.98591460 64.53202363 20.21799053
104.88868116 64.42473803 20.48073668
104.77433810 64.32529102 20.73862818
104.63608110 64.23679991 20.98973441
104.49782411 64.14830880 21.24084063
104.33200793 64.10391853 21.48037302
104.13552222 64.10860635 21.70702534
103.93903651 64.11329416 21.93367767
103.74072484 64.13037759 22.15688037
103.53634551 64.18865169 22.36861996
103.33236621 64.27639233 22.56858658
103.12866799 64.38483710 22.76028114
102.92496977 64.49328186 22.95197570
102.72269231 64.60064595 23.14575063
102.52195540 64.70683821 23.34178136
102.32121849 64.81303048 23.53781208
102.11837825 64.92395185 23.72887755
101.91363989 65.03914087 23.91546226
101.70890154 65.15432989 24.10204696
101.49333912 65.26887928 24.27563518
101.26725898 65.38280714 24.43659472
101.04846414 65.50730596 24.59826183
100.85137100 65.66329389 24.76203665
100.65427785 65.81928182 24.92581147
100.45718470 65.97526976 25.08958629
100.28044767 66.13675045 25.27036190
100.10393862 66.29829267 25.45132792
99.93332539 66.46043092 25.63608220
99.81851028 66.62821009 25.85668860
99.70369517 66.79598926 26.07729501
99.63432214 66.97187820 26.30954155
99.57120762 67.14888407 26.54339122
99.52166508 67.33662970 26.77099782
99.49187423 67.54000523 26.98951868
99.46241505 67.74341184 27.20803210
99.46360191 67.94968981 27.42585855
99.46478876 68.15596778 27.64368501
99.48123677 68.36178989 27.86016031
99.53052416 68.56663104 28.07372816
99.57981155 68.77147219 28.28729602
99.64439136 68.97646899 28.49528608
99.74049395 69.18178665 28.69177847
99.83659654 69.38710431 28.88827085
99.96006451 69.59579592 29.06472970
100.08506646 69.80467665 29.24006556
100.21009205 70.01357263 29.41536605
100.33652254 70.22337517 29.58856438
100.46295302 70.43317770 29.76176270
100.58938350 70.64298024 29.93496102
100.74102016 70.85091434 30.08911749
100.89277959 71.05883935 30.24318121
101.04002737 71.27138014 30.39496342
101.17707439 71.49435715 30.54158717
101.31412141 71.71733416 30.68821092
101.48738709 71.92231234 30.82193164
101.66117424 72.12428473 30.95967666
101.83369245 72.32372406 31.10272301
102.00621066 72.52316339 31.24576937
102.21083541 72.67409174 31.40399715
102.41824863 72.82080687 31.56354345
102.62566184 72.96752201 31.72308974
