#spline3d 243
130.28799438 104.28600311 7.01913977
130.42280891 104.13967822 7.24367054
130.55762344 103.99335334 7.46820131
130.69243796 103.84702845 7.69273208
130.78054620 103.65258895 7.89850774
130.84855293 103.43744184 8.09621156
130.91655966 103.22229473 8.29391538
130.96220775 103.00898829 8.49832571
130.98204048 102.79780710 8.71047940
131.00187321 102.58662590 8.92263309
130.95901763 102.37855558 9.13333962
130.90864082 102.17085850 9.34387252
130.85826400 101.96316142 9.55440542
130.76258453 101.77768415 9.76680784
130.64329278 101.60378811 9.98018468
130.52400104 101.42989206 10.19356152
130.37700356 101.26866569 10.39768470
130.21001262 101.11658221 10.59513009
130.04302167 100.96449874 10.79257548
129.85777610 100.79854909 10.95985321
129.67045874 100.63102573 11.12370710
129.48864049 100.44085610 11.26715218
129.30797485 100.24593984 11.40631960
129.11607515 100.04859867 11.52189925
128.90994118 99.84818501 11.60759172
128.70380722 99.64777134 11.69328419
128.49490189 99.44863504 11.77373593
128.26860135 99.25751640 11.82129291
128.04230082 99.06639777 11.86884988
127.81305969 98.87796679 11.91113935
127.57344920 98.69901324 11.93485410
127.33383870 98.52005969 11.95856886
127.08706407 98.35154167 11.96740198
126.82854189 98.20013555 11.95183258
126.57001970 98.04872943 11.93626318
126.31314575 97.89767158 11.90824936
126.06058262 97.74752463 11.84768832
125.80866272 97.59657574 11.78665559
125.56965991 97.42952259 11.71615042
125.33097377 97.26256040 11.64458140
125.10007501 97.09783481 11.54685073
124.86917625 96.93310923 11.44912005
124.64101014 96.76994794 11.34311763
124.41570891 96.60842665 11.22844318
124.19040769 96.44690536 11.11376873
123.95872477 96.29384505 11.00067157
123.72122779 96.14849316 10.88901141
123.48373082 96.00314126 10.77735125
123.24237972 95.85860793 10.67435925
122.99029896 95.71635345 10.59549899
122.73821819 95.57409897 10.51663873
122.48607488 95.43274641 10.43644587
122.23363465 95.29567550 10.34992687
121.98119443 95.15860459 10.26340788
121.72764089 95.02342573 10.17758871
121.45890618 94.91404688 10.10131246
121.19017146 94.80466803 10.02503621
120.92137964 94.69317801 9.95259701
120.65236867 94.57358790 9.89487975
120.38335771 94.45399780 9.83716248
120.12573079 94.31557369 9.77323847
119.87639496 94.16343261 9.70479402
119.62705912 94.01129154 9.63634957
119.38366829 93.84829155 9.57216586
119.14278930 93.68070351 9.50978238
118.90191032 93.51311547 9.44739889
118.65717645 93.34668256 9.40658929
118.40651957 93.18202449 9.39892782
118.15586270 93.01736642 9.39126634
117.90498627 92.85314791 9.38846663
117.65332502 92.69050061 9.40304573
117.40166378 92.52785331 9.41762483
117.14970516 92.36570518 9.43256598
116.89670752 92.20530113 9.44877216
116.64370987 92.04489708 9.46497833
116.39217435 91.88291494 9.48471505
116.14937001 91.71150908 9.52553487
115.90656567 91.54010321 9.56635469
115.67714186 91.35902168 9.63059847
115.45499955 91.17267480 9.70758924
115.23285724 90.98632792 9.78458000
114.98569627 90.83255362 9.85664815
114.73749622 90.68013215 9.92851185
114.49116778 90.52789566 10.00639995
114.24858465 90.37602933 10.09634362
114.00600151 90.22416301 10.18628729
113.78274009 90.06070019 10.29713565
113.58292940 89.88316273 10.43335600
113.38311870 89.70562528 10.56957635
113.19040768 89.53003365 10.71495367
113.04374543 89.36706281 10.91972359
112.89708319 89.20409196 11.12449351
112.75352129 89.04621159 11.33390953
112.64300534 88.94258952 11.59284737
112.53248939 88.83896745 11.85178520
112.42112816 88.73662852 12.11079198
112.29511498 88.65653151 12.37099387
112.16910180 88.57643450 12.63119576
112.04308862 88.49633750 12.89139765
111.93798080 88.42268397 13.16232456
111.83731540 88.35039970 13.43553056
111.74341015 88.25264767 13.70291744
111.65071809 88.15032516 13.96926001
111.55872592 88.04750654 14.23562980
111.47906747 87.93594550 14.50247907
111.39940902 87.82438446 14.76932835
111.35154428 87.76553225 15.05672459
111.31612534 87.72731315 15.35216404
111.28070640 87.68909405 15.64760348
111.25665570 87.66495747 15.94547972
111.23630845 87.64540859 16.24414980
111.21598551 87.62593757 16.54282127
111.20735830 87.64391047 16.84215901
111.21670684 87.64976416 17.14145672
111.23749947 87.64790226 17.44072893
111.25829210 87.64604035 17.74000115
111.26346087 87.65914126 18.03955327
111.26628864 87.67448412 18.33914733
111.26911640 87.68982697 18.63874140
111.28273088 87.71245430 18.93744828
111.30122072 87.73837404 19.23575417
111.31947764 87.76534169 19.53393245
111.33190456 87.81853897 19.82891684
111.34433148 87.87173625 20.12390122
111.33836691 87.91443333 20.42074449
111.33135469 87.95653227 20.71769364
111.32434246 87.99863121 21.01464280
111.32785186 88.02616477 21.31308289
111.33546096 88.04222670 21.61242005
111.33792983 88.04021772 21.91240257
111.34039870 88.03820873 22.21238509
111.33764726 88.02711595 22.51182640
111.32521127 87.99917122 22.81026366
111.31277529 87.97122649 23.10870093
111.28889110 87.92926638 23.40410896
111.25130348 87.87052992 23.69589101
111.21371585 87.81179346 23.98767307
111.17110437 87.74745551 24.27755511
111.12740015 87.68189917 24.56702389
111.08369592 87.61634283 24.85649267
111.03564479 87.53125127 25.14001550
110.98694263 87.44323390 25.42264780
110.93824047 87.35521652 25.70528009
110.90073956 87.21801241 25.96753078
110.86699797 87.06430045 26.22294108
110.83325637 86.91058848 26.47835137
110.78917564 86.73150539 26.71336468
110.73840399 86.53600354 26.93517820
110.68763235 86.34050168 27.15699172
110.63936260 86.11668033 27.34886515
110.59220617 85.88025713 27.52741560
110.53136544 85.63586292 27.68705667
110.44613071 85.37725938 27.81298938
110.36089597 85.11865584 27.93892209
110.25947944 84.85701256 28.03707615
110.13287155 84.59063710 28.09198521
109.99953391 84.32702826 28.13345973
109.83702815 84.07541050 28.11670624
109.67452239 83.82379274 28.09995275
109.50407752 83.58193841 28.06127354
109.32171928 83.35473503 27.98969272
109.13936103 83.12753165 27.91811190
109.04785002 82.85739256 27.82649555
108.96097327 82.58626254 27.73327713
108.96004660 82.31729036 27.60041329
108.95911994 82.04831817 27.46754944
108.95819328 81.77934599 27.33468559
108.93195323 81.52788258 27.17458192
108.89904981 81.28102808 27.00730777
108.86898678 81.03413849 26.83966471
108.85204487 80.78708675 26.67031753
108.83510295 80.54003502 26.50097034
108.85426053 80.29927671 26.32582638
108.89946057 80.06305854 26.14650058
108.94466060 79.82684037 25.96717478
109.02549063 79.59605733 25.79697133
109.13819546 79.37013660 25.63492877
109.25090028 79.14421586 25.47288621
109.36281381 78.90618514 25.33204996
109.47342543 78.64823009 25.22610410
109.58403705 78.39027504 25.12015823
109.69592362 78.13125679 25.02152556
109.82283551 77.85970873 25.00907899
109.94974739 77.58816068 24.99663243
110.07665928 77.31661263 24.98418587
110.18489764 77.04156508 25.02653903
110.28847779 76.76564457 25.08256227
110.38330825 76.48961041 25.14633686
110.43045135 76.21295683 25.25235772
110.47759445 75.93630326 25.35837859
110.50797328 75.66720129 25.47898421
110.47395938 75.42710551 25.65561091
110.43994547 75.18700973 25.83223761
110.39721798 74.97708683 26.03491628
110.33864401 74.82203604 26.28497282
110.28007005 74.66698525 26.53502936
110.21647341 74.51683416 26.78588575
110.10442142 74.41395206 27.04445848
109.99236943 74.31106996 27.30303122
109.88031744 74.20818787 27.56160395
109.70021978 74.19472329 27.79414464
109.50320044 74.20349519 28.02021164
109.30583090 74.21360811 28.24565814
109.09073364 74.29160843 28.43969291
108.87563639 74.36960874 28.63372767
108.66913411 74.45711085 28.82951903
108.53284495 74.62223388 29.03966025
108.39655579 74.78735691 29.24980147
108.26575953 74.95106339 29.46434332
108.14179692 75.11300754 29.68435993
108.01783431 75.27495170 29.90437655
107.91622300 75.43136446 30.13919214
107.81675146 75.58724768 30.37542449
107.73888446 75.75070054 30.61418021
107.66979999 75.91723056 30.85396172
107.60071552 76.08376058 31.09374322
107.57845551 76.27621978 31.32262859
107.55738857 76.46933965 31.55123634
107.56256776 76.66977503 31.77265587
107.59329499 76.87733136 31.98707839
107.62402222 77.08488769 32.20150092
107.66327633 77.26963745 32.43389155
107.70552257 77.44638428 32.67258728
107.73249589 77.62182659 32.91422797
107.75306596 77.79672196 33.15710334
107.79653105 77.97685542 33.39250883
107.84928460 78.15911395 33.62488381
107.92374208 78.34310191 33.84932971
108.00740683 78.52782352 34.07041194
108.09706200 78.71215614 34.28888042
108.22225294 78.89418122 34.49184394
108.34744389 79.07620630 34.69480746
108.47342531 79.25714599 34.89803737
108.63619230 79.38757625 35.11366407
108.79895929 79.51800651 35.32929077
108.96172628 79.64843677 35.54491747
109.13264938 79.75318576 35.76765760
109.30566842 79.85133518 35.99222574
109.47868747 79.94948460 36.21679388
109.65239554 80.03862137 36.44456475
109.82611295 80.12763590 36.67237907
109.99781113 80.20720207 36.90506294
110.16869585 80.28296187 37.13970856
