#spline3d 216
69.34700012 105.50399780 5.86469984
69.34718190 105.34087917 6.11647809
69.37453045 105.19401911 6.37643352
69.40460652 105.04879139 6.63720993
69.44092493 104.90209708 6.89546584
69.53847276 104.74101731 7.12899894
69.63602058 104.57993755 7.36253204
69.73356841 104.41885779 7.59606514
69.82011208 104.23759743 7.81867053
69.90492840 104.05316926 8.03956057
69.99673794 103.86017040 8.24988173
70.09116080 103.66396873 8.45625338
70.21444994 103.47078586 8.64906159
70.34632160 103.27850053 8.83783712
70.48626372 103.09390648 9.02795070
70.63888514 102.92139603 9.22016643
70.79150657 102.74888557 9.41238216
70.94856710 102.57204564 9.59520064
71.12793800 102.37344626 9.73078959
71.30730891 102.17484689 9.86637854
71.48979250 101.95800451 9.95816746
71.67400242 101.73104440 10.02566449
71.85821233 101.50408429 10.09316152
72.04695561 101.27882662 10.15186138
72.24420953 101.05676501 10.19404603
72.44146346 100.83470340 10.23623068
72.64633779 100.61941371 10.27482840
72.86341684 100.41496982 10.30768132
73.08049589 100.21052594 10.34053425
73.30136662 100.00955043 10.36892392
73.52379477 99.80999954 10.39548032
73.74761673 99.61202849 10.42037399
73.98915892 99.43414280 10.42412849
74.23070110 99.25625712 10.42788299
74.47426459 99.08188797 10.42723299
74.73315444 98.93418262 10.39318625
74.99204428 98.78647728 10.35913951
75.25093412 98.63877194 10.32509276
75.51974567 98.50578028 10.32509343
75.78891736 98.37332270 10.32632995
76.05901826 98.24283755 10.32694860
76.33250306 98.11953538 10.32531720
76.60598787 97.99623320 10.32368579
76.86660916 97.84861293 10.31711837
77.12223590 97.69210870 10.30618585
77.37397556 97.53039273 10.28438760
77.62571522 97.36867676 10.26258936
77.88084455 97.21361103 10.23558577
78.14147724 97.06934244 10.20013097
78.40614501 96.93119101 10.17781942
78.67735645 96.80295976 10.17682228
78.94697618 96.67193700 10.18405384
79.21484562 96.53784461 10.20033396
79.48271505 96.40375223 10.21661408
79.75217920 96.27491219 10.24074073
80.02524661 96.15793990 10.28259669
80.29761689 96.04014987 10.32608796
80.56112669 95.91196640 10.39036405
80.82463649 95.78378294 10.45464015
81.07928128 95.64258626 10.52571330
81.32886497 95.49396025 10.60066694
81.58631726 95.35672435 10.67024912
81.84530423 95.22170993 10.73878368
82.10429119 95.08669551 10.80731824
82.36754572 94.96424528 10.88251598
82.63173200 94.84453824 10.95916850
82.87154459 94.69809438 11.06124933
83.10358567 94.54312551 11.17143792
83.33470168 94.39071474 11.28669595
83.56380753 94.24386268 11.41296986
83.79291337 94.09701063 11.53924378
84.01973138 93.95175304 11.66995010
84.21569742 93.82799723 11.86042835
84.41166346 93.70424142 12.05090660
84.60776062 93.58145877 12.24181453
84.80667023 93.47954856 12.44193824
85.00515942 93.37873581 12.64300110
85.20127955 93.28410724 12.84935614
85.39739969 93.18947867 13.05571119
85.57541866 93.08205354 13.27085709
85.73811846 92.96379855 13.49344278
85.90081825 92.84554357 13.71602847
86.04808281 92.72302114 13.94605772
86.17615376 92.59519216 14.18534299
86.30422471 92.46736318 14.42462826
86.42467753 92.34009012 14.66721638
86.49633480 92.21637785 14.93095993
86.56799207 92.09266558 15.19470348
86.62476329 91.96742466 15.46019682
86.64185102 91.83810865 15.73035479
86.65893874 91.70879264 16.00051276
86.66099339 91.58326717 16.27212065
86.63401863 91.46506138 16.54652838
86.60704388 91.34685560 16.82093611
86.58239062 91.23280077 17.09697528
86.57481180 91.14927598 17.38501352
86.56723297 91.06575118 17.67305176
86.55306704 90.98993680 17.96264851
86.52731257 90.92768715 18.25498710
86.50155810 90.86543749 18.54732569
86.43852166 90.81067010 18.83421572
86.35726367 90.75955965 19.11844276
86.31291454 90.70670918 19.40857574
86.29658524 90.65253776 19.70319231
86.28025594 90.59836633 19.99780887
86.26473978 90.54888128 20.29319446
86.25125140 90.51108303 20.59049783
86.23817482 90.47201821 20.88763031
86.22856054 90.42230446 21.18332588
86.21894626 90.37259071 21.47902146
86.20219867 90.29100537 21.76717652
86.18526091 90.20857033 22.05513055
86.16625745 90.12432208 22.34242566
86.14660216 90.03950166 22.62951284
86.12021829 89.95212729 22.91520341
86.08753754 89.86236283 23.19958696
86.05485680 89.77259837 23.48397052
86.01995517 89.67552391 23.76532559
85.97855743 89.55706758 24.03782234
85.93715969 89.43861125 24.31031908
85.89914287 89.28106104 24.55966588
85.86366542 89.09414781 24.79162500
85.83099660 88.89998075 25.01698244
85.81036481 88.67472578 25.21404686
85.78973303 88.44947081 25.41111128
85.76910124 88.22421584 25.60817570
85.78634594 87.96914140 25.76463467
85.80511521 87.71286669 25.91945922
85.82388448 87.45659198 26.07428377
85.88853470 87.19075478 26.18908180
85.97700819 86.91995234 26.28309642
86.06548167 86.64914990 26.37711104
86.15026410 86.37178145 26.45091131
86.23161588 86.08831022 26.50592337
86.31296766 85.80483900 26.56093542
86.36707041 85.51275778 26.60156738
86.41822916 85.21974634 26.64064571
86.46234623 84.92688708 26.68425826
86.46782263 84.63486288 26.75275205
86.47227735 84.34241912 26.81939649
86.47344620 84.04862596 26.88009310
86.47461504 83.75483281 26.94078971
86.47578389 83.46103966 27.00148632
86.41331467 83.17232930 27.05332642
86.34998047 82.88368802 27.10504614
86.28664628 82.59504675 27.15676586
86.23290428 82.30250413 27.19410773
86.18331794 82.00827133 27.22522064
86.13373160 81.71403852 27.25633356
86.07164058 81.42336380 27.29448370
85.99825489 81.13590287 27.33899012
85.92447026 80.84772865 27.37737895
85.85029182 80.55885032 27.40972889
85.76686134 80.27261786 27.43778811
85.65653122 79.99407807 27.45337235
85.54620109 79.71553829 27.46895659
85.43587097 79.43699850 27.48454084
85.35195198 79.16030701 27.56323320
85.26920106 78.88369727 27.64471660
85.24606323 78.61360140 27.76326029
85.25243956 78.34673050 27.90015234
85.28512215 78.09574094 28.05052816
85.39544203 77.89162172 28.24069842
85.50576190 77.68750250 28.43086867
85.64364593 77.54081598 28.64532209
85.80217214 77.43713957 28.87796065
85.96069836 77.33346315 29.11059920
86.13593631 77.30559084 29.35081962
86.31339613 77.28779686 29.59204805
86.51305551 77.31636287 29.81038224
86.72428551 77.36909216 30.01678373
86.93568263 77.42436877 30.22195762
87.15040193 77.53028944 30.40272540
87.36442949 77.63722027 30.58359693
87.55828643 77.77360672 30.76749408
87.75214336 77.90999317 30.95139122
87.94600030 78.04637963 31.13528837
88.12752895 78.21685214 31.30143905
88.30617900 78.39528358 31.46344603
88.45963722 78.63441105 31.55953757
88.61299336 78.87378448 31.65536199
88.76634949 79.11315790 31.75118642
88.89535308 79.36241923 31.85613300
89.01764080 79.61440741 31.96359526
89.11851080 79.87419222 32.07104365
89.18671700 80.14586754 32.17847088
89.23437556 80.42255399 32.27864993
89.23527706 80.71064348 32.36233545
89.23617856 80.99873297 32.44602097
89.22838983 81.28700703 32.52829104
89.21287690 81.57544513 32.60930301
89.19736397 81.86388323 32.69031497
89.17727331 82.15020998 32.77675963
89.14544271 82.43112203 32.87713685
89.10743090 82.71040733 32.97873285
89.03534540 82.98072527 33.08704729
88.96316091 83.25046874 33.19642896
88.88671690 83.49549338 33.35173174
88.81027290 83.74051802 33.50703453
88.74008826 83.98260661 33.66963679
88.67160973 84.22389492 33.83422866
88.60293077 84.46682286 33.99623920
88.53379140 84.71351697 34.15232051
88.46383097 84.95619227 34.31407958
88.39306739 85.19493651 34.48139244
88.32230382 85.43368074 34.64870530
88.24307475 85.65851573 34.82970413
88.15614552 85.87069895 35.02315164
88.06646655 86.06611755 35.23064830
87.97274358 86.23688075 35.45880673
87.87902062 86.40764396 35.68696517
87.80460919 86.56865321 35.92858553
87.73492073 86.72727697 36.17349823
87.65272614 86.88272625 36.41630127
87.56128586 87.03582864 36.65754463
87.46984558 87.18893104 36.89878800
