#spline3d 230
59.02030182 94.09459686 3.88192010
59.12696179 93.91495417 4.09721559
59.23362176 93.73531148 4.31251107
59.34346605 93.55294824 4.52365435
59.46213528 93.36304536 4.72329030
59.58080451 93.17314248 4.92292625
59.69947373 92.98323960 5.12256220
59.87162190 92.81673459 5.30309458
60.04446695 92.65053448 5.48337803
60.21731200 92.48433438 5.66366148
60.42068583 92.32438070 5.81515961
60.62579344 92.16478177 5.96502298
60.82885156 91.98155851 6.08739974
61.03156665 91.79438117 6.20517598
61.23616111 91.60998843 6.32397285
61.44498355 91.43186014 6.44506586
61.65380599 91.25373185 6.56615886
61.86624373 91.07738254 6.68315522
62.08776973 90.90550528 6.78985333
62.30929573 90.73362801 6.89655143
62.53211989 90.56165609 7.00005967
62.76162942 90.38919668 7.08714050
62.99113896 90.21673727 7.17422133
63.22183880 90.04639174 7.26197600
63.46362642 89.89573726 7.35600755
63.70541404 89.74508278 7.45003911
63.94720166 89.59442830 7.54407066
64.18826851 89.43813660 7.63041548
64.42930166 89.28158137 7.71640094
64.66761433 89.11922351 7.79754544
64.89485205 88.93324341 7.85898255
65.12208977 88.74726330 7.92041966
65.35019016 88.56258460 7.98216105
65.59604622 88.40469142 8.05016520
65.84190228 88.24679824 8.11816935
66.07153349 88.06722382 8.18894788
66.30088287 87.88727281 8.25977461
66.52727878 87.70451492 8.33228521
66.74051350 87.50924918 8.41229946
66.95374823 87.31398344 8.49231371
67.16698295 87.11871769 8.57232796
67.36329724 86.90582475 8.65044156
67.55860976 86.69188821 8.72844264
67.75392229 86.47795166 8.80644372
67.95018007 86.26420981 8.88257635
68.14668574 86.05051902 8.95821897
68.34715059 85.84277916 9.03835300
68.56075801 85.65479357 9.13339636
68.77436544 85.46680797 9.22843972
68.98809988 85.27745106 9.32018251
69.20227878 85.08329532 9.40037523
69.41645768 84.88913957 9.48056794
69.61426285 84.68293812 9.57033504
69.80247212 84.46967720 9.66571324
69.98757426 84.25080019 9.75400296
70.17148308 84.02976625 9.83957024
70.36472170 83.81481174 9.91965426
70.56038316 83.60143600 9.99831435
70.75604462 83.38806025 10.07697443
70.96518898 83.18863859 10.15587668
71.18378917 82.99900320 10.23494875
71.40238935 82.80936781 10.31402083
71.61220971 82.61304107 10.39972774
71.81750838 82.41326822 10.48885166
72.02166367 82.21516306 10.58270793
72.21434433 82.03379432 10.72405635
72.40702500 81.85242557 10.86540476
72.59970566 81.67105682 11.00675318
72.77420067 81.49112940 11.17125681
72.94626797 81.31139439 11.33885157
73.11833527 81.13165938 11.50644633
73.27538488 80.95166394 11.68718529
73.42224334 80.77149175 11.87684405
73.57185418 80.60389548 12.07494705
73.72475424 80.45132798 12.28314131
73.87261660 80.29914511 12.49504383
74.01091626 80.14769232 12.71398544
74.15425705 80.00505610 12.93537604
74.30196388 79.87005578 13.15888766
74.43041313 79.74114468 13.39693614
74.55215903 79.61435317 13.64004475
74.66515987 79.49877137 13.89201237
74.76619521 79.39852735 14.15610140
74.85852055 79.30732725 14.42625178
74.94289863 79.22437912 14.70193271
75.02727670 79.14143099 14.97761365
75.07801458 79.03666473 15.25365803
75.12353987 78.92851770 15.52975874
75.14492789 78.81972433 15.80825550
75.16031971 78.71077040 16.08734749
75.16853916 78.60818313 16.36907897
75.17417297 78.50789106 16.65176201
75.17980677 78.40759900 16.93444504
75.19530700 78.34045025 17.22523637
75.21621267 78.29145948 17.52046993
75.23631204 78.24563788 17.81624015
75.25521568 78.20451606 18.11280621
75.27411932 78.16339423 18.40937228
75.28058610 78.13167201 18.70761617
75.28693312 78.10004031 19.00587623
75.29328014 78.06840861 19.30413628
75.32339870 78.07871512 19.60230067
75.35438156 78.09054643 19.90046159
75.38536441 78.10237773 20.19862250
75.43975941 78.11630511 20.49307398
75.50017339 78.13077136 20.78657182
75.55791694 78.15284586 21.07980316
75.60770638 78.19758210 21.37224072
75.65749583 78.24231834 21.66467829
75.72232958 78.31207500 21.94884632
75.79058491 78.38547549 22.23150941
75.87441772 78.42040159 22.51743229
75.95825053 78.45532770 22.80335516
76.04286613 78.48851698 23.08902325
76.15547111 78.45960432 23.36558128
76.26807609 78.43069167 23.64213930
76.38068107 78.40177901 23.91869732
76.52215699 78.35758293 24.17935968
76.66552410 78.31238572 24.43898080
76.81465274 78.26210727 24.69388110
76.98210608 78.19566783 24.93376671
77.15129561 78.12983151 25.17257821
77.32414725 78.06526731 25.40912411
77.49699889 78.00070312 25.64567002
77.67590142 77.90130687 25.86040029
77.86183452 77.76143907 26.04978285
78.04776761 77.62157126 26.23916542
78.22041874 77.44617552 26.40959428
78.38685650 77.25468051 26.56883682
78.54658007 77.04625534 26.71391276
78.70630364 76.83783017 26.85898869
78.85047237 76.60642351 26.98100126
78.98533360 76.36126549 27.08921346
79.11916576 76.11506635 27.19569496
79.22565693 75.84120589 27.25619342
79.33214811 75.56734544 27.31669187
79.43863928 75.29348499 27.37719033
79.48250836 74.99896557 27.39106000
79.51541969 74.70083119 27.39677047
79.54833103 74.40269681 27.40248094
79.54595831 74.10477925 27.38988784
79.51945101 73.80700999 27.36477493
79.48959866 73.51027107 27.33637149
79.42381274 73.22460042 27.27261997
79.35802683 72.93892978 27.20886845
79.27777965 72.66619670 27.11920165
79.18184796 72.40749556 27.00142742
79.08591626 72.14879441 26.88365318
78.98042492 71.92619274 26.71393111
78.87373178 71.70812935 26.53767836
78.76703863 71.49006596 26.36142561
78.63732674 71.28156150 26.18935757
78.50424185 71.07445774 26.01790273
78.37115695 70.86735399 25.84644789
78.21954097 70.65251304 25.70343714
78.06175105 70.43509433 25.56990300
77.90396113 70.21767561 25.43636886
77.72423201 70.01118365 25.31386221
77.54296111 69.80545956 25.19213053
77.36169021 69.59973548 25.07039884
77.14958973 69.41854591 24.96039609
76.93597485 69.23856152 24.85096948
76.73661118 69.02734700 24.77672167
76.53801177 68.81445768 24.70436042
76.33494499 68.59916144 24.66136267
76.12904857 68.38234066 24.63696388
75.92227924 68.16619561 24.62581924
75.71351853 67.95159209 24.64491107
75.50475782 67.73698858 24.66400291
75.29652274 67.52221347 24.68474175
75.10220138 67.30289606 24.74907814
74.90788002 67.08357866 24.81341453
74.71845455 66.86384273 24.88606799
74.55818118 66.64161468 25.00824465
74.39790781 66.41938664 25.13042131
74.24102047 66.19749707 25.25551651
74.16880532 65.98407162 25.45359395
74.09659016 65.77064617 25.65167140
74.03726373 65.56221080 25.85516557
74.07299889 65.39058008 26.09861116
74.10873406 65.21894935 26.34205675
74.19835322 65.08608063 26.59402321
74.29792108 64.96036859 26.84756289
74.39748894 64.83465656 27.10110257
74.53660547 64.76466060 27.35661656
74.67961065 64.70014296 27.61232467
74.82261583 64.63562531 27.86803279
74.97517863 64.64708627 28.12355426
75.12986390 64.67541987 28.37903428
75.28454918 64.70375347 28.63451431
75.45454071 64.78436276 28.86764197
75.62768577 64.88805490 29.08636217
75.80622437 65.04300957 29.27106002
75.98382875 65.20210236 29.45291610
76.15875429 65.37306104 29.62662355
76.33367983 65.54401973 29.80033100
76.50174285 65.73790038 29.95455040
76.66705787 65.94095983 30.10096607
76.81800915 66.16413237 30.23179469
76.96406188 66.39416419 30.35730756
77.10778194 66.63248658 30.46822395
77.24951765 66.87786166 30.56672325
77.39310823 67.11971441 30.67087607
77.53829629 67.35853363 30.77989784
77.68348435 67.59735285 30.88891962
77.82263251 67.83808785 31.00094979
77.94537904 68.08402524 31.12114937
78.06812557 68.32996262 31.24134895
78.18658390 68.57673325 31.36347534
78.27552749 68.82923896 31.49886355
78.36447108 69.08174466 31.63425175
78.45293064 69.33432020 31.76969869
78.47218201 69.59688064 31.91354330
78.49143338 69.85944108 32.05738790
78.50617045 70.11829175 32.20763802
78.50865733 70.36707543 32.37527043
78.51114420 70.61585910 32.54290285
78.50547710 70.86360388 32.71103419
78.46104885 71.10641013 32.88153725
78.41662060 71.34921638 33.05204032
78.37789618 71.59336207 33.22182668
78.34991103 71.84002964 33.39026362
78.28308595 72.09189474 33.53783823
78.20995227 72.34460405 33.68202426
78.12182802 72.58886041 33.83179080
78.02714716 72.82941960 33.98399814
77.93246630 73.06997880 34.13620548
77.82136361 73.29542530 34.29934226
77.70450651 73.51557611 34.46630886
77.58764940 73.73572693 34.63327545
