#spline3d 240
62.37599945 91.54170227 2.54730010
62.25056482 91.48494315 2.81384193
62.15099305 91.41206974 3.08607083
62.06935646 91.32802153 3.36224355
61.98771987 91.24397331 3.63841627
61.90344832 91.17270142 3.91725799
61.81819741 91.10617822 4.19709173
61.72482975 91.03992374 4.47342948
61.57640796 90.97549190 4.72605476
61.44714168 90.90322243 4.98660909
61.32484786 90.82810013 5.25004953
61.20255405 90.75297783 5.51348998
61.09071858 90.63666153 5.76223340
60.98969179 90.47777143 5.99578753
60.88866499 90.31888133 6.22934165
60.80495156 90.14416913 6.45718622
60.73771553 89.95439876 6.67959693
60.67047950 89.76462839 6.90200763
60.64271811 89.57971672 7.13590861
60.62249506 89.39573289 7.37200385
60.60849516 89.21849274 7.61276103
60.61951353 89.06836342 7.87226011
60.63053190 88.91823411 8.13175920
60.70444684 88.79236309 8.39355156
60.78054381 88.66733366 8.65542347
60.85664079 88.54230423 8.91729539
60.97088887 88.39895909 9.15361231
61.09378352 88.25146288 9.38413744
61.22701733 88.07425508 9.58445450
61.36415997 87.88581455 9.77335113
61.52025807 87.69209252 9.94021118
61.68206443 87.49678001 10.10043513
61.85973139 87.29809507 10.23487942
62.05250639 87.09619773 10.34476727
62.24528138 86.89430039 10.45465512
62.44816318 86.69716782 10.55014917
62.67718216 86.51235742 10.60841938
62.90620114 86.32754702 10.66668960
63.13507897 86.14144928 10.71865546
63.36299541 85.94658361 10.72768276
63.59091185 85.75171795 10.73671006
63.81882830 85.55685228 10.74573735
64.04642522 85.37673079 10.67692314
64.27397020 85.19900636 10.59545378
64.50151518 85.02128193 10.51398441
64.73320884 84.85148263 10.42787636
64.96782697 84.68726990 10.33849841
65.20608404 84.53009102 10.24640351
65.44677241 84.37761171 10.15249332
65.68746077 84.22513239 10.05858313
65.92444064 84.06647195 9.96579635
66.15737714 83.90107223 9.87423441
66.38891941 83.73649739 9.77855181
66.60992273 83.57815771 9.65172136
66.83377540 83.42182969 9.52758232
67.06364507 83.26974969 9.40912677
67.29351475 83.11766969 9.29067122
67.52395565 82.96652029 9.17216283
67.75760035 82.82059038 9.05335816
67.99124506 82.67466046 8.93455348
68.21991271 82.52608207 8.80956648
68.44760280 82.37698348 8.68336520
68.67990629 82.22484599 8.56984884
68.91228803 82.07265695 8.45654767
69.14918389 81.91572805 8.36045181
69.38532627 81.75844087 8.26311192
69.61765359 81.60082830 8.15736503
69.84998091 81.44321573 8.05161813
70.08416292 81.28142334 7.95706284
70.31889585 81.11846715 7.86570797
70.55580892 80.95735400 7.77674403
70.79272200 80.79624086 7.68778009
71.02963507 80.63512771 7.59881615
71.27357532 80.47797111 7.52339369
71.52052668 80.32250989 7.45377373
71.76747805 80.16704866 7.38415376
72.01726002 80.01097127 7.32723979
72.26681187 79.85343541 7.27390633
72.51399923 79.68733331 7.23773047
72.76118660 79.52123120 7.20155461
72.99380577 79.33342332 7.19070052
73.22263795 79.13976005 7.18928245
73.47783700 78.98207405 7.18635085
73.73303606 78.82438806 7.18341925
73.99228747 78.67369665 7.18491394
74.25528927 78.52947864 7.19050509
74.51829108 78.38526062 7.19609624
74.77775820 78.23651328 7.21044227
75.02609472 78.07350324 7.25235707
75.27443124 77.91049320 7.29427188
75.52305225 77.74854203 7.33757425
75.77935669 77.61518766 7.41835037
76.03566114 77.48183328 7.49912649
76.29155033 77.34995010 7.58257805
76.54028764 77.24340534 7.71210856
76.78392093 77.13739608 7.85091110
77.02124356 77.03204893 8.00117761
77.25655470 76.92799101 8.15485044
77.47032631 76.83773848 8.34499909
77.67752743 76.75511967 8.54517904
77.87920068 76.67892323 8.75379849
78.07896406 76.60582191 8.96495050
78.26261532 76.55883166 9.19746770
78.44626658 76.51184140 9.42998491
78.62991785 76.46485114 9.66250212
78.81533880 76.43287681 9.89610987
79.00094478 76.40247236 10.12983163
79.17316157 76.37343915 10.37334307
79.33568190 76.34539900 10.62394422
79.49820223 76.31735885 10.87454536
79.62585453 76.35276975 11.14346458
79.75267279 76.38969841 11.41282197
79.86393762 76.42946038 11.68830719
79.96724349 76.47067220 11.96692813
80.06256628 76.50533936 12.24877835
80.13931353 76.52477791 12.53814270
80.21606077 76.54421646 12.82750705
80.28841238 76.56293008 13.11776419
80.32550027 76.57582789 13.41518377
80.36072686 76.58932192 13.71275096
80.38093887 76.60762553 14.01150884
80.40115088 76.62592914 14.31026672
80.41439004 76.59454780 14.60646829
80.42457822 76.54142682 14.90155135
80.43686006 76.49851350 15.19807999
80.45062486 76.46283033 15.49563252
80.46438965 76.42714716 15.79318506
80.45105463 76.40733740 16.09153080
80.42618901 76.39428156 16.39021404
80.39947669 76.37744719 16.68849984
80.36976402 76.35447388 16.98613993
80.34027579 76.33082837 17.28371143
80.32087214 76.27698034 17.57820104
80.30146849 76.22313231 17.87269065
80.28206484 76.16928428 18.16718025
80.25706979 76.09349810 18.45636828
80.23205533 76.01763573 18.74553790
80.20704086 75.94177336 19.03470751
80.17610682 75.87411478 19.32529443
80.14378891 75.80837408 19.61621269
80.11121680 75.71608415 19.89901815
80.07849881 75.60855587 20.17716714
80.04578081 75.50102758 20.45531612
80.02519294 75.37189723 20.72485825
80.00898454 75.23496763 20.99129294
79.99692848 75.09252074 21.25480489
79.99410941 74.93780047 21.51181509
80.00115669 74.77824131 21.76529759
80.02583267 74.61003629 22.01247698
80.05117820 74.43973653 22.25806777
80.08019167 74.25796151 22.49495593
80.11223005 74.07684952 22.73195452
80.14548243 73.89600362 22.96899742
80.17902169 73.70668345 23.19877700
80.21310093 73.50141189 23.41488461
80.23776555 73.28717301 23.62241292
80.24592421 73.05721237 23.81489973
80.25408286 72.82725174 24.00738654
80.26802928 72.57861010 24.17353388
80.28400741 72.32341078 24.33043515
80.29222073 72.06127636 24.47462529
80.28814008 71.78816164 24.59868998
80.28405944 71.51504693 24.72275467
80.28362069 71.23560941 24.82940449
80.28870146 70.94658922 24.90966088
80.27430611 70.65448003 24.97589588
80.25731488 70.36195912 25.04026204
80.26187877 70.06849929 25.09906174
80.28393814 69.77427737 25.15334335
80.31740906 69.47984276 25.19966607
80.35669015 69.18603904 25.24511942
80.41520358 68.89617203 25.29565428
80.47371702 68.60630502 25.34618913
80.54200294 68.31616113 25.37872852
80.61249588 68.02595470 25.40720384
80.68298881 67.73574828 25.43567917
80.76839149 67.44923431 25.44963528
80.86785403 67.16620232 25.44989981
80.96731656 66.88317033 25.45016435
81.07647002 66.60394822 25.45202340
81.19585698 66.32874930 25.45556625
81.31524394 66.05355037 25.45910910
81.43226407 65.77745647 25.45981559
81.53648406 65.49652242 25.44518269
81.64070405 65.21558837 25.43054979
81.77464873 64.95111477 25.44093803
81.94206025 64.70517390 25.47949742
82.10947178 64.45923302 25.51805682
82.28606513 64.22744197 25.58363763
82.46978042 64.00662635 25.67017782
82.65349572 63.78581073 25.75671801
82.85146521 63.60220828 25.88446575
83.05281337 63.42742647 26.02198092
83.25416154 63.25264465 26.15949609
83.42562420 63.10392799 26.34602634
83.56934149 62.97940992 26.57806168
83.71305877 62.85489186 26.81009702
83.83327933 62.74018906 27.05922266
83.94534134 62.62889432 27.31428239
84.05366843 62.53833551 27.57845191
84.16002066 62.45874084 27.84743822
84.27076778 62.35123419 28.10340383
84.38450740 62.22472210 28.35050358
84.49824701 62.09821002 28.59760333
84.60486364 61.99609170 28.85682144
84.70239675 61.92508126 29.13149337
84.79992986 61.85407083 29.40616530
84.89057147 61.83047189 29.68943338
84.97834418 61.82661013 29.97628000
85.06611689 61.82274837 30.26312662
85.10964926 61.85118200 30.55822636
85.15011870 61.88185156 30.85389749
85.16010973 61.96437370 31.14123064
85.16572725 62.05433645 31.42736733
85.13655885 62.16038883 31.70428231
85.08008487 62.27907093 31.97395861
85.02361090 62.39775304 32.24363491
84.94095123 62.51292267 32.50633912
84.82707024 62.62390438 32.76073047
84.71318925 62.73488610 33.01512182
84.58956235 62.89011144 33.23515719
84.45928531 63.07552650 33.43174972
84.32900827 63.26094156 33.62834224
84.18599522 63.47729385 33.76479128
84.03190319 63.72055822 33.84892194
83.87781116 63.96382258 33.93305261
83.71408325 64.20586032 33.99310221
83.53599602 64.44607013 34.01726647
83.36031710 64.68811452 34.03664210
83.19783149 64.94020911 34.02978451
83.03534588 65.19230371 34.02292693
82.89276728 65.45469696 33.99484687
82.75086608 65.71744065 33.96604466
82.58916751 65.96384426 33.91174126
82.42459950 66.20787952 33.85374172
82.26155781 66.45387174 33.80046863
82.10211950 66.70448394 33.75835387
81.93846697 66.95186985 33.71418303
81.76603712 67.19253606 33.66572981
81.59360727 67.43320227 33.61727659
