#spline3d 236
128.78900146 110.27500153 3.19307995
128.78152477 110.20772145 3.48532670
128.77657941 110.13164650 3.77547864
128.77163406 110.05557156 4.06563059
128.76668870 109.97949661 4.35578253
128.79897846 109.87716282 4.63530868
128.83722699 109.77062681 4.91313437
128.87569343 109.66377631 5.19080876
128.91444767 109.55651049 5.46828336
128.95320190 109.44924468 5.74575795
128.98093415 109.34036941 6.02373564
128.99931215 109.23012821 6.30214028
129.01769016 109.11988702 6.58054493
129.02823725 109.02244661 6.86407577
129.03599548 108.91654150 7.14415776
129.03599548 108.78522192 7.41388948
129.03599548 108.65390234 7.68362120
129.01167039 108.50027282 7.93896156
128.97594597 108.33618833 8.18755779
128.94018123 108.17351993 8.43706206
128.90430947 108.01461058 8.68897672
128.86843771 107.85570123 8.94089138
128.83316614 107.69660720 9.19276680
128.80356661 107.53576782 9.44427146
128.77396708 107.37492845 9.69577611
128.74375464 107.18790399 9.92620755
128.71299418 106.97746659 10.13779673
128.68223372 106.76702920 10.34938590
128.63147069 106.55527026 10.55521176
128.57073099 106.34285217 10.75816306
128.50999129 106.13043408 10.96111435
128.41286302 105.92993351 11.16059211
128.30159757 105.73406296 11.35872037
128.18247872 105.55626274 11.56857911
128.06101340 105.38386166 11.78194274
127.93954808 105.21146058 11.99530636
127.80394144 105.02850696 12.19053400
127.66778440 104.84514262 12.38505575
127.52355797 104.65130005 12.56061053
127.36719344 104.44169598 12.70763495
127.21082892 104.23209190 12.85465937
127.05244023 104.01170441 12.97888246
126.89117156 103.77597433 13.07066393
126.72917339 103.54064325 13.16211886
126.55625087 103.31128728 13.24868381
126.37916101 103.08555858 13.33518967
126.17445059 102.88387093 13.42130393
125.96974016 102.68218329 13.50741819
125.76190448 102.47590742 13.56565071
125.55072966 102.26472933 13.59409336
125.33666232 102.05690811 13.62354598
125.10606372 101.86827204 13.65877077
124.87546513 101.67963598 13.69399557
124.63510763 101.50285605 13.72102810
124.38680847 101.33572447 13.74139388
124.13850931 101.16859289 13.76175966
123.88401307 101.01147194 13.78450248
123.62834412 100.85624536 13.80769512
123.37234727 100.70117472 13.82804870
123.11608732 100.54637398 13.84718466
122.85893815 100.39347607 13.86946325
122.60178898 100.24057816 13.89174184
122.33935931 100.09643705 13.90338931
122.07163147 99.96108205 13.90437007
121.80390362 99.82572705 13.90535084
121.54119924 99.68099382 13.90559959
121.28020192 99.53307370 13.90559959
121.01920459 99.38515359 13.90559959
120.74796895 99.25739902 13.90775311
120.47521541 99.13268107 13.90915135
120.21203675 98.98989331 13.89047960
119.94885809 98.84710555 13.87180785
119.68447095 98.70675729 13.85308268
119.41174775 98.58323662 13.83398904
119.13902454 98.45971595 13.81489540
118.86630133 98.33619527 13.79580176
118.59780381 98.20275123 13.79246680
118.33035691 98.06683997 13.79304990
118.06249838 97.93221205 13.79593378
117.78775745 97.81904175 13.83728692
117.51301652 97.70587145 13.87864006
117.24262866 97.59030723 13.93293524
116.98554709 97.46742539 14.02679117
116.72846553 97.34454355 14.12064710
116.47692029 97.21676324 14.22176331
116.23427139 97.08111157 14.33454608
115.99162249 96.94545989 14.44732885
115.75343994 96.82659801 14.58209686
115.52082315 96.72865877 14.74426183
115.28820636 96.63071954 14.90642679
115.05770597 96.54108329 15.07576714
114.82989656 96.46200413 15.25423085
114.60208714 96.38292497 15.43269455
114.40044527 96.27811193 15.62507970
114.22160888 96.15087138 15.82959763
114.04277248 96.02363083 16.03411556
113.87976503 95.88566141 16.24376088
113.73460369 95.73559587 16.45918701
113.58944235 95.58553034 16.67461315
113.44472275 95.45125051 16.90039307
113.30006349 95.31912670 17.12758711
113.13020182 95.20682693 17.34765269
112.95783884 95.09649466 17.56701078
112.78932201 94.98881295 17.79035834
112.63331943 94.88975542 18.02668653
112.49478359 94.77415395 18.26567049
112.36611523 94.64920630 18.50615479
112.23744688 94.52425866 18.74663908
112.13990095 94.40118232 19.00073744
112.06309158 94.27935281 19.26390670
111.98652836 94.16103170 19.52860324
111.91120558 94.06039036 19.80099611
111.83588280 93.95974902 20.07338898
111.76033934 93.86114942 20.34641929
111.68356399 93.77394747 20.62300803
111.60678865 93.68674552 20.89959677
111.52440188 93.60014778 21.17451756
111.42067395 93.51584796 21.44309480
111.31694602 93.43154813 21.71167205
111.21497817 93.34341295 21.97952630
111.12151573 93.23674368 22.24388669
111.02805329 93.13007442 22.50824707
110.93459086 93.02340515 22.77260746
110.89317131 92.89669963 23.04077507
110.85701796 92.76796665 23.30932792
110.82086460 92.63923366 23.57788078
110.79363885 92.51184876 23.84801665
110.77264686 92.38540516 24.11925788
110.76074406 92.25521988 24.38912194
110.75656916 92.12185334 24.65781508
110.75239426 91.98848679 24.92650821
110.75317428 91.84704087 25.19079134
110.76061670 91.69473138 25.44914475
110.76805913 91.54242188 25.70749816
110.77164644 91.37734251 25.95574369
110.75995463 91.16165173 26.16392819
110.76730354 90.93207189 26.35529662
110.78866876 90.69226802 26.53428635
110.81003398 90.45246416 26.71327609
110.84274485 90.18261701 26.83495122
110.87889362 89.90366631 26.93925917
110.91504240 89.62471560 27.04356712
110.95472349 89.33692521 27.11782133
110.99471926 89.04834734 27.18939823
111.03471503 88.75976947 27.26097513
111.05946682 88.46587468 27.31444612
111.08023631 88.17059090 27.36318717
111.08819738 87.87334470 27.38819108
111.07941825 87.57353368 27.38217127
111.08877450 87.27518091 27.35484204
111.10161635 86.97710841 27.32341716
111.12047954 86.67958909 27.29093049
111.15066822 86.38311021 27.25644670
111.16897592 86.08615203 27.21914774
111.18014133 85.78890570 27.18015644
111.20812548 85.49566210 27.13203572
111.27614122 85.21194569 27.06218536
111.34415695 84.92822928 26.99233499
111.41358606 84.64475631 26.92310181
111.50017800 84.36423950 26.86136306
111.58614133 84.08353706 26.79969610
111.65308482 83.79721805 26.74020097
111.72002830 83.51089905 26.68070584
111.78697179 83.22458005 26.62121071
111.85605631 82.93821333 26.56447181
111.92551794 82.65183821 26.50821838
111.99363490 82.36496223 26.45334644
112.04434726 82.07160341 26.41635568
112.07030935 81.77665623 26.37904714
112.05846054 81.47928255 26.34125315
112.04661173 81.18190886 26.30345915
112.01815652 80.88351938 26.29365609
111.98879358 80.58507437 26.28538308
111.95943063 80.28662936 26.27711008
111.89480145 80.00364189 26.33970539
111.82028876 79.72498646 26.42216184
111.74577606 79.44633103 26.50461830
111.61196296 79.22131764 26.64923709
111.47498142 78.99917034 26.79717723
111.33799988 78.77702305 26.94511738
111.12230976 78.64383285 27.10522000
110.90603973 78.51129808 27.26541224
110.68627833 78.38828037 27.42577748
110.43750066 78.34435760 27.58758057
110.18872300 78.30043483 27.74938366
109.93993999 78.25694687 27.91115842
109.68990508 78.31540274 28.06628914
109.43987017 78.37385861 28.22141985
109.20273663 78.48457629 28.36189198
108.97296884 78.62513173 28.49399510
108.76172748 78.79824224 28.61559722
108.55810743 78.98474506 28.73287949
108.37028589 79.18655586 28.84970232
108.19380982 79.39935986 28.96619521
108.03829182 79.62023349 29.09374047
107.90824185 79.85091323 29.23471644
107.78108450 80.08234501 29.37638258
107.71584177 80.32987361 29.53282119
107.65059903 80.57740221 29.68925980
107.59327642 80.81666791 29.85856892
107.55732595 81.03363656 30.06260850
107.52137547 81.25060520 30.26664808
107.47793990 81.45416574 30.48026318
107.41062044 81.61494285 30.72443243
107.34330098 81.77571996 30.96860168
107.27454305 81.93564302 31.21284051
107.18311831 82.08210829 31.45817584
107.09169358 82.22857356 31.70351117
107.00026885 82.37503882 31.94884649
106.92342411 82.54039961 32.18678722
106.84973520 82.70985032 32.42312738
106.77604629 82.87930103 32.65946755
106.71871592 83.04338738 32.90360930
106.66980892 83.20471150 33.15176825
106.62090192 83.36603563 33.39992720
106.64546618 83.53362453 33.64507717
106.68638034 83.70260756 33.88955754
106.72729450 83.87159059 34.13403790
106.83089436 84.00756300 34.37693656
106.95670619 84.13183847 34.61927476
107.08184588 84.25625120 34.86188288
107.20253762 84.38157222 35.10627729
107.32322936 84.50689324 35.35067170
107.44882550 84.62934933 35.59344634
107.61532671 84.72791040 35.82271124
107.78182792 84.82647148 36.05197615
107.95749338 84.90034680 36.28161706
108.14569006 84.94046677 36.51177212
108.34635548 84.95882954 36.73374511
108.54922898 84.97333934 36.95426914
108.75140100 84.95417832 37.17370227
108.95319719 84.91697782 37.39255093
109.15499338 84.87977731 37.61139959
109.35107261 84.81030379 37.82348002
109.53822654 84.69044564 38.02499389
109.72538048 84.57058748 38.22650776
