#spline3d 217
64.42819977 87.29080200 2.20159006
64.63881477 87.11644643 2.32504637
64.84942977 86.94209086 2.44850268
65.06004478 86.76773528 2.57195899
65.27139122 86.58415639 2.67907353
65.48306529 86.39644629 2.77886843
65.70438397 86.21759326 2.87167086
65.94396965 86.05551566 2.95122945
66.18056478 85.88900587 3.03003977
66.40831820 85.70939210 3.10663778
66.63607161 85.52977833 3.18323579
66.87631588 85.35499187 3.22411233
67.11708775 85.18040931 3.26348004
67.35685425 85.00519891 3.30594961
67.59574029 84.82943867 3.35113566
67.83462634 84.65367844 3.39632171
68.07215755 84.47854579 3.44938147
68.30774471 84.30431366 3.51373916
68.54333187 84.13008153 3.57809684
68.77949455 83.95230905 3.62911353
69.01572180 83.77413931 3.67863320
69.25172579 83.59506194 3.72391933
69.48556145 83.40716974 3.72808927
69.71939711 83.21927754 3.73225921
69.96055844 83.04129908 3.72684872
70.20579653 82.86883767 3.71610670
70.45103463 82.69637625 3.70536467
70.69167252 82.52001315 3.71439349
70.92253474 82.33535877 3.76543641
71.15471608 82.15286344 3.81741048
71.40249870 81.99590340 3.88039740
71.65028132 81.83894335 3.94338431
71.89802630 81.68207419 4.00668703
72.14326171 81.53126285 4.09104031
72.38849712 81.38045150 4.17539359
72.63242063 81.23024865 4.26425951
72.87381853 81.08121723 4.36181301
73.11521642 80.93218581 4.45936651
73.35313717 80.77831691 4.55747117
73.58197180 80.61180719 4.65701606
73.81080642 80.44529747 4.75656095
74.04458956 80.28574406 4.85581720
74.28083327 80.12964956 4.95492994
74.51707697 79.97355507 5.05404267
74.75402193 79.84091606 5.17752947
74.99158860 79.72907225 5.32262585
75.22915527 79.61722845 5.46772224
75.45269888 79.50901525 5.63308176
75.65422061 79.40650356 5.83026259
75.85574234 79.30399188 6.02744342
76.05855484 79.21173878 6.22831224
76.25078280 79.11845225 6.43819363
76.42670084 79.02250946 6.66146008
76.59958141 78.92904542 6.88805434
76.76880527 78.83856549 7.11865488
76.95063903 78.75659338 7.34265406
77.13437636 78.67590560 7.56565671
77.31869286 78.59940387 7.78927268
77.50843770 78.56213600 8.01863697
77.69818254 78.52486813 8.24800125
77.88669192 78.48782280 8.47829919
78.04759725 78.45574988 8.72945789
78.20850259 78.42367696 8.98061660
78.36579058 78.40230782 9.23498097
78.52039040 78.38889297 9.49172756
78.64726893 78.38092222 9.76139793
78.74208616 78.37924788 10.04601537
78.83531711 78.37778011 10.33109834
78.90926400 78.37882355 10.62184061
78.98597837 78.38331016 10.91176749
79.06782281 78.39417941 11.20018288
79.14966726 78.40504866 11.48859828
79.23294737 78.42991544 11.77530848
79.31796685 78.47174078 12.05995278
79.40298633 78.51356612 12.34459708
79.50061278 78.54582125 12.62620735
79.60426981 78.57349845 12.90636628
79.70157388 78.58109969 13.18979472
79.79688761 78.58241124 13.47424749
79.89328292 78.58549654 13.75831006
79.99130253 78.59124564 14.04178664
80.08932215 78.59699474 14.32526322
80.18104009 78.59357795 14.61076753
80.26963490 78.58561852 14.89727679
80.35822971 78.57765908 15.18378605
80.44225439 78.57590226 15.47166833
80.52175597 78.58028420 15.76090950
80.60696312 78.59032148 16.04826935
80.69748493 78.60562662 16.33387677
80.78800674 78.62093176 16.61948419
80.87407740 78.55787740 16.89967238
80.96006849 78.49342223 17.17976368
81.04605958 78.42896705 17.45985499
81.15159030 78.33780533 17.72455357
81.26427241 78.23686915 17.98361849
81.37695453 78.13593297 18.24268341
81.50315458 78.00842199 18.48143896
81.63777257 77.86436224 18.70754737
81.78268262 77.70381368 18.91278960
81.94152755 77.52094016 19.08978017
82.10037247 77.33806664 19.26677073
82.24716928 77.13174689 19.42211612
82.37583628 76.89014564 19.54489022
82.50450328 76.64854439 19.66766431
82.63305293 76.40179253 19.77563455
82.76115801 76.13552757 19.82752017
82.88926310 75.86926261 19.87940579
83.01720797 75.60290282 19.93068398
83.12404389 75.32404871 19.90193061
83.23087981 75.04519459 19.87317723
83.33771573 74.76634048 19.84442385
83.35690251 74.48441320 19.75513315
83.35929287 74.20189699 19.65424154
83.34839830 73.92413421 19.54513264
83.29641207 73.66107428 19.41060687
83.24442584 73.39801436 19.27608109
83.17581287 73.14118948 19.14253322
83.02842608 72.91390490 19.01361848
82.88103928 72.68662033 18.88470374
82.72792289 72.46239546 18.75810432
82.54452554 72.25434117 18.64374139
82.36112818 72.04628687 18.52937846
82.17727379 71.83799231 18.41681420
81.97511138 71.62007265 18.37630180
81.77294897 71.40215300 18.33578939
81.57074928 71.18426192 18.29532910
81.35637467 70.97570911 18.27189487
81.14200005 70.76715629 18.24846064
80.92762543 70.55860348 18.22502640
80.70939294 70.35325350 18.21214022
80.49002562 70.14884568 18.20235684
80.27065830 69.94443785 18.19257346
80.06625609 69.72939094 18.22089487
79.87166339 69.50737018 18.27419370
79.67707069 69.28534942 18.32749254
79.49546266 69.06741038 18.41589833
79.32947775 68.85438245 18.54654480
79.16349285 68.64135451 18.67719126
79.06267329 68.41611748 18.83975899
78.99405606 68.18484715 19.01810105
78.92543882 67.95357683 19.19644311
78.88836466 67.76284099 19.41588661
78.88110375 67.61041674 19.67417755
78.87384284 67.45799248 19.93246849
78.91243600 67.34849743 20.20030128
79.00540943 67.28991393 20.47945016
79.09838286 67.23133043 20.75859905
79.21506597 67.19718152 21.02795547
79.38211574 67.21493919 21.27650970
79.54916550 67.23269686 21.52506392
79.72188808 67.25708524 21.76827938
79.91729768 67.30799145 21.99014377
80.11270728 67.35889767 22.21200815
80.31410990 67.42756084 22.42173010
80.52439688 67.52254793 22.61345141
80.73468386 67.61753501 22.80517272
80.95633015 67.69633568 22.99089649
81.17245519 67.78466415 23.17713437
81.36644069 67.90819871 23.36977099
81.56002733 68.03457107 23.56066216
81.74954751 68.18987511 23.73375845
81.93906770 68.34517915 23.90685473
82.12244800 68.52574722 24.05866851
82.30191833 68.72240387 24.19692921
82.47393680 68.93860021 24.31056310
82.64055904 69.16894616 24.40636352
82.78049284 69.42034510 24.48706290
82.90682838 69.68247093 24.56006803
83.03316391 69.94459675 24.63307315
83.15593654 70.21044577 24.69766557
83.27581422 70.47931996 24.75542249
83.39569189 70.74819415 24.81317941
83.51477136 71.01665825 24.87437910
83.63373134 71.28506097 24.93609417
83.73565404 71.54581973 25.03036604
83.80456448 71.79176720 25.18772153
83.87319024 72.03874241 25.34354318
83.94075448 72.28954977 25.49364570
84.00831873 72.54035714 25.64374822
84.07465460 72.78916203 25.79741058
84.13535184 73.02877503 25.96741367
84.19596900 73.26839392 26.13742916
84.22407116 73.51040489 26.31247340
84.24807412 73.75417311 26.48521043
84.24566469 74.00926388 26.64308133
84.24325526 74.26435465 26.80095223
84.23170500 74.52060376 26.95462312
84.16768679 74.78350168 27.08418608
84.08585376 75.03509257 27.22329329
83.98227854 75.27288371 27.37404882
83.87816621 75.51047494 27.52471572
83.75773576 75.74199239 27.67269004
83.63730530 75.97350985 27.82066436
83.43336682 76.17271822 27.90871486
83.22243428 76.36922061 27.99174656
83.01150173 76.56572300 28.07477825
82.80758041 76.77965350 28.12426581
82.59864060 76.98015995 28.19080570
82.37609084 77.14467115 28.30659828
82.15354108 77.30918235 28.42239086
81.88503995 77.34827956 28.53828982
81.60895138 77.36666854 28.65420634
81.33286281 77.38505752 28.77012287
81.08651763 77.34759654 28.93601274
80.84196134 77.30677650 29.10490822
80.59740504 77.26595646 29.27380370
80.36135644 77.22000796 29.45283395
80.13027966 77.17106244 29.63778688
79.90524375 77.11208620 29.82608592
79.69747247 77.02444247 30.02394803
79.48970119 76.93679873 30.22181014
79.28456344 76.84631304 30.42077264
79.10288238 76.73051419 30.62953617
78.92120132 76.61471535 30.83829970
78.74784415 76.48800715 31.04676293
78.59371805 76.33609458 31.25453235
78.43959194 76.18418202 31.46230177
