#spline3d 222
64.04280090 83.97460175 3.18642998
64.23492545 83.76864564 3.28972683
64.42705000 83.56268953 3.39302369
64.61917455 83.35673342 3.49632054
64.85708260 83.18923224 3.56820582
65.09675328 83.02321154 3.63888177
65.33642396 82.85719085 3.70955772
65.57434619 82.67696292 3.72948834
65.81194534 82.49410988 3.74004258
66.04954449 82.31125683 3.75059683
66.28132535 82.12159609 3.73925107
66.51125916 81.92977423 3.72095310
66.74119297 81.73795237 3.70265513
66.98147347 81.56166740 3.67160898
67.22631117 81.39222567 3.63494787
67.47292169 81.22494454 3.60250725
67.72976588 81.07013561 3.59442977
67.98916914 80.91985619 3.58518472
68.25222513 80.77604205 3.57427313
68.51528112 80.63222792 3.56336153
68.77927667 80.49095342 3.54572678
69.04393202 80.35146237 3.52337073
69.30858737 80.21197132 3.50101469
69.57637128 80.07724331 3.49253863
69.84510457 79.94396066 3.48827450
70.11383786 79.81067801 3.48401037
70.39782401 79.71594640 3.47471093
70.68435768 79.62765356 3.46457048
70.97089136 79.53936073 3.45443004
71.23392964 79.39821316 3.44340111
71.49158522 79.24495675 3.43216862
71.75012293 79.09321631 3.42163309
72.01415570 78.95091928 3.41543911
72.27818847 78.80862225 3.40924513
72.53953754 78.66143388 3.40408691
72.79479699 78.50558291 3.40497583
73.02562490 78.31578627 3.43135278
73.25645281 78.12598962 3.45772974
73.48736641 77.93631851 3.48420621
73.72556272 77.75731562 3.51914025
73.96375902 77.57831273 3.55407429
74.20532924 77.40434336 3.59049119
74.45143149 77.23713532 3.62889997
74.70451018 77.08234027 3.66602018
74.97847031 76.96469902 3.69928354
75.25273364 76.84934565 3.73671485
75.52796125 76.74126889 3.78740228
75.80318887 76.63319212 3.83808970
76.07841649 76.52511535 3.88877713
76.35019555 76.42200870 3.96264287
76.62167973 76.31932705 4.03849062
76.89024220 76.21749242 4.12396356
77.15311977 76.11730587 4.22816471
77.41599735 76.01711933 4.33236585
77.67791233 75.91905775 4.44039341
77.93434661 75.83309517 4.57020744
78.19064011 75.74757049 4.70049721
78.43936852 75.68557808 4.85635249
78.68809693 75.62358568 5.01220777
78.91785897 75.56589769 5.19539234
79.13992961 75.50993534 5.38890827
79.34123546 75.45849902 5.60531133
79.54254131 75.40706270 5.82171440
79.75008349 75.37260945 6.03543814
79.95876773 75.34126626 6.24867123
80.16745196 75.30992307 6.46190431
80.37529154 75.30011225 6.67717530
80.58247358 75.30706363 6.89403272
80.77637369 75.31947639 7.12151862
80.94952199 75.34042205 7.36561059
81.12267029 75.36136771 7.60970256
81.27363366 75.38332893 7.86584531
81.38572789 75.40706944 8.14310169
81.49782211 75.43080994 8.42035806
81.59641535 75.45334091 8.70217577
81.67187728 75.47379956 8.99180842
81.74733921 75.49425821 9.28144107
81.81554200 75.52510548 9.57170548
81.87727600 75.56521030 9.86253286
81.93901000 75.60531513 10.15336024
81.98429065 75.67620448 10.44115486
82.02824861 75.74956860 10.72870567
82.06828541 75.77612334 11.02419739
82.10835406 75.79769504 11.32056414
82.15620772 75.85097652 11.61189046
82.20363290 75.90469248 11.90319030
82.23983866 75.96978470 12.19379701
82.27604441 76.03487691 12.48440372
82.28752479 76.09437111 12.77726972
82.27770305 76.14904234 13.07208222
82.26356818 76.20133166 13.36683035
82.21578367 76.23503797 13.66107633
82.14591678 76.25812484 13.95147457
82.06691193 76.27681724 14.24028058
81.98790707 76.29550965 14.52908659
81.85505713 76.27290833 14.79623718
81.71605711 76.24492121 15.06049175
81.56047729 76.19461829 15.31201658
81.40489747 76.14431537 15.56354141
81.26968724 76.03483428 15.80725548
81.14510928 75.87876042 16.02761160
81.02652787 75.69470214 16.23269889
80.90799248 75.50952978 16.43667682
80.79044982 75.30032653 16.61672566
80.67290716 75.09112328 16.79677450
80.55536450 74.88192003 16.97682334
80.43427397 74.64824248 17.11905765
80.31231283 74.40855907 17.25201246
80.18883171 74.16391434 17.37097330
80.06023770 73.90258062 17.44286081
79.93164369 73.64124690 17.51474831
79.82853293 73.36552073 17.57105519
79.72942149 73.08753581 17.62491685
79.63031006 72.80955089 17.67877851
79.53371135 72.52718344 17.67293386
79.43774440 72.24371409 17.65207742
79.34687888 71.96269589 17.60145893
79.25717869 71.68223762 17.54404186
79.16747849 71.40177935 17.48662480
79.10568539 71.11953083 17.41151888
79.06622817 70.83584945 17.32225542
79.02677095 70.55216807 17.23299196
79.00119288 70.26573984 17.14946611
78.99515534 69.97544431 17.07401826
78.98911780 69.68514878 16.99857041
79.00260261 69.39339646 16.93185984
79.02663891 69.10085676 16.86987163
79.05067522 68.80831707 16.80788342
79.08038582 68.51792628 16.73958366
79.11938693 68.23105390 16.66095001
79.15838805 67.94418152 16.58231636
79.19726257 67.65684439 16.50569749
79.23449146 67.36346664 16.45526656
79.27127373 67.06964087 16.40881971
79.30377432 66.77152024 16.40056650
79.33627492 66.47339960 16.39231328
79.38630863 66.18017723 16.35783615
79.44199651 65.88853448 16.31490219
79.49705096 65.59670797 16.27427849
79.53498933 65.29991628 16.29608005
79.59684412 65.01345237 16.34891762
79.67793840 64.73529660 16.42672199
79.74977469 64.46767846 16.53431713
79.80757751 64.21603354 16.68706988
79.86538032 63.96438862 16.83982263
79.91319593 63.73255896 17.02217971
79.95647058 63.52030351 17.22766654
80.00368289 63.36227001 17.47825858
80.05082412 63.20438534 17.72894103
80.08107724 63.08186482 18.00110540
80.11133035 62.95934431 18.27326977
80.14219616 62.86556351 18.55365415
80.17418386 62.82440835 18.84909030
80.20828583 62.80606883 19.14542409
80.24514860 62.81752212 19.44293001
80.29045804 62.84059702 19.73764270
80.35780465 62.89399245 20.02506790
80.42515125 62.94738788 20.31249309
80.50258762 63.01569921 20.59204019
80.61111688 63.12997580 20.84730990
80.72251611 63.26490735 21.08835434
80.83968673 63.44137513 21.30079233
80.95685734 63.61784292 21.51323032
81.07392516 63.80716741 21.71299451
81.19082096 64.01800437 21.89155228
81.30771676 64.22884133 22.07011005
81.42641946 64.44798489 22.23633461
81.54717604 64.67657042 22.38854022
81.66857174 64.90509141 22.54031986
81.79446263 65.13315842 22.68910357
81.92035351 65.36122543 22.83788727
82.04624440 65.58929244 22.98667097
82.14952782 65.83227003 23.12903406
82.25202049 66.07576917 23.27117258
82.35451315 66.31926830 23.41331109
82.42758428 66.56171323 23.57403859
82.49949615 66.80411664 23.73549852
82.57282920 67.04128680 23.90389375
82.64403312 67.27678474 24.07536479
82.69735859 67.50749702 24.25956056
82.75068405 67.73820931 24.44375633
82.78858543 67.98409305 24.61071551
82.81569160 68.23839285 24.76700316
82.83007664 68.50065941 24.91194860
82.84446167 68.76292597 25.05689404
82.81578527 69.01735866 25.21233866
82.78119368 69.27071524 25.36922551
82.74625590 69.52404962 25.52599890
82.65214098 69.77358880 25.66337667
82.55802606 70.02312798 25.80075445
82.46391114 70.27266716 25.93813223
82.30843302 70.49941406 26.05551596
82.14465481 70.72307805 26.17019526
81.95499971 70.93419380 26.26190011
81.74526572 71.13557290 26.33577817
81.53553172 71.33695200 26.40965624
81.32051231 71.53170998 26.48538860
81.09843467 71.71762603 26.56359722
80.84578856 71.83948419 26.66639927
80.58906592 71.95279977 26.77248103
80.33051038 72.05660586 26.88038834
80.05818586 72.08897581 27.00200935
79.78586134 72.12134575 27.12363036
79.51353682 72.15371570 27.24525137
79.25059442 72.13258471 27.38719301
78.98839717 72.10720459 27.53074855
78.72391003 72.07403231 27.66514089
78.44591203 71.99488460 27.74546830
78.16791403 71.91573688 27.82579572
77.88964254 71.83531199 27.90324559
77.60868482 71.74234226 27.95243139
77.32772709 71.64937253 28.00161720
77.05244738 71.55030613 28.06112156
76.80512351 71.42122257 28.17142971
76.55779965 71.29213901 28.28173786
76.31047579 71.16305545 28.39204601
76.09758619 70.99434378 28.51912373
75.88544733 70.82476813 28.64656706
75.67330847 70.65519249 28.77401039
75.48902744 70.46522885 28.91354499
75.31483763 70.26787986 29.05745952
75.14064782 70.07053088 29.20137405
