#spline3d 216
64.36849976 89.58229828 3.53101993
64.30179158 89.54352302 3.82092768
64.22906310 89.51364787 4.11001672
64.14360314 89.50259428 4.39737439
64.05814317 89.49154069 4.68473206
63.96793291 89.47124690 4.96926498
63.85759063 89.41179257 5.24182646
63.74724834 89.35233825 5.51438794
63.63690606 89.29288392 5.78694943
63.50836267 89.24548243 6.05368776
63.37695409 89.19997826 6.31950942
63.24554552 89.15447410 6.58533109
63.10222801 89.12085070 6.84625818
62.94934175 89.09677341 7.10325252
62.79811176 89.06576363 7.36000172
62.65494872 89.00098861 7.61555693
62.53170404 88.91271205 7.87323004
62.42146362 88.80909187 8.13228588
62.31122320 88.70547170 8.39134173
62.21416331 88.58649775 8.64751457
62.14234523 88.43812008 8.89816622
62.07052715 88.28974241 9.14881787
62.00108834 88.13737243 9.39723506
61.95406743 87.94738636 9.62459889
61.90704652 87.75740029 9.85196273
61.86474294 87.56067872 10.07309593
61.84952335 87.32528608 10.25845671
61.83430376 87.08989344 10.44381750
61.81908417 86.85450081 10.62917828
61.89390942 86.63821706 10.82302137
61.96923394 86.42203926 11.01691148
62.04455847 86.20586146 11.21080160
62.14494875 85.99445590 11.39831872
62.24776320 85.78351188 11.58521949
62.35057764 85.57256785 11.77212026
62.50083857 85.38561763 11.95061304
62.66111620 85.20373288 12.12733076
62.83471536 85.00692132 12.27037351
63.01410928 84.80361671 12.39876789
63.19350321 84.60031210 12.52716228
63.38202246 84.38818254 12.62106560
63.57489018 84.17184764 12.69853298
63.76775789 83.95551275 12.77600035
63.96629639 83.74401026 12.85181826
64.17465002 83.54087181 12.92478124
64.38300364 83.33773336 12.99774423
64.59518102 83.13665537 13.06459385
64.81277052 82.93849372 13.12279067
65.03036002 82.74033207 13.18098749
65.26971374 82.56091203 13.19677152
65.51129935 82.38341392 13.20820617
65.75288497 82.20591581 13.21964081
66.00143529 82.03818555 13.21677339
66.25160675 81.87272891 13.21057694
66.50177821 81.70727226 13.20438050
66.75586075 81.54996601 13.18228623
67.01238370 81.39774536 13.15027221
67.26937785 81.24624794 13.11867355
67.52848325 81.09799087 13.08893589
67.78758864 80.94973379 13.05919822
68.04633825 80.80054390 13.03159838
68.30321120 80.64643346 13.01527532
68.56008415 80.49232303 12.99895225
68.81574776 80.33664471 12.97969189
69.06856813 80.17728018 12.95352573
69.33090046 80.03372769 12.94540211
69.60049232 79.90224297 12.95104858
69.87008418 79.77075826 12.95669506
70.14207424 79.64463490 12.96217529
70.41991548 79.53159226 12.96724991
70.69775672 79.41854961 12.97232453
70.96868998 79.29079233 12.97696559
71.23304339 79.14901934 12.98119369
71.49739680 79.00724635 12.98542179
71.76997469 78.88599827 13.01134149
72.04536709 78.77177404 13.04468429
72.32075948 78.65754980 13.07802709
72.59758702 78.54532132 13.10514377
72.87557026 78.43469999 13.12724670
73.14402445 78.30373217 13.15084185
73.40828636 78.16381295 13.17509349
73.67254827 78.02389373 13.19934513
73.92571914 77.87323230 13.25311471
74.17574673 77.71952646 13.31524988
74.41767762 77.56383285 13.39888020
74.65602854 77.40726035 13.49201466
74.89744302 77.25736857 13.58786860
75.14203064 77.11439647 13.68653928
75.38378050 76.97214670 13.79233678
75.61936773 76.83146559 13.91361131
75.85495496 76.69078449 14.03488583
76.07375027 76.54914998 14.17833351
76.26021956 76.40568009 14.36446657
76.44668885 76.26221021 14.55059964
76.63208253 76.11947443 14.73823340
76.80407788 75.98588304 14.94456036
76.97607324 75.85229164 15.15088732
77.14806860 75.71870025 15.35721428
77.32657125 75.58223967 15.55593411
77.50660913 75.44510217 15.75285924
77.67348391 75.31222610 15.96276613
77.82442427 75.18450863 16.18838795
77.97536462 75.05679116 16.41400976
78.08893654 74.94996061 16.66843261
78.18906611 74.85064359 16.93321590
78.28917364 74.75158158 17.19809669
78.38829727 74.66390692 17.46733191
78.48742090 74.57623226 17.73656713
78.58655630 74.48942941 18.00604717
78.68594839 74.42164173 18.28086699
78.78534049 74.35385405 18.55568681
78.87437371 74.29134452 18.83467733
78.94100822 74.24024780 19.12268605
79.00764273 74.18915108 19.41069476
79.07449371 74.14431810 19.69968059
79.14138639 74.10069128 19.98885457
79.20665225 74.04871592 20.27692250
79.27068739 73.99042474 20.56415367
79.32725018 73.94042304 20.85414643
79.37223833 73.90326175 21.14841689
79.41722648 73.86610046 21.44268734
79.46262353 73.83396803 21.73713412
79.51135342 73.84282450 22.03301805
79.56008332 73.85168098 22.32890199
79.61206120 73.85850319 22.62412914
79.68401263 73.85281561 22.91531742
79.75596406 73.84712804 23.20650569
79.82867822 73.84184572 23.49749991
79.90834324 73.84025646 23.78672558
79.98802788 73.83877614 24.07594539
80.06866288 73.84257274 24.36488064
80.14929787 73.84636934 24.65381590
80.21683159 73.85266737 24.94603672
80.28290892 73.86047244 25.23852614
80.34149061 73.87890177 25.53217252
80.40007230 73.89733110 25.82581890
80.47542888 73.89712201 26.11611876
80.55202344 73.89553739 26.40617164
80.62825483 73.88739991 26.69618291
80.70434925 73.87679132 26.98617850
80.78464124 73.86340167 27.27490482
80.86665702 73.84886992 27.56310990
80.94112939 73.82946130 27.85280282
81.00149447 73.80093220 28.14527822
81.06380078 73.76368171 28.43596196
81.13155354 73.70196195 28.72161890
81.20687548 73.65511938 29.00792908
81.28649693 73.61672748 29.29461033
81.36530412 73.57122455 29.57987578
81.43887685 73.48000793 29.85603971
81.51244958 73.38879131 30.13220363
81.58073077 73.27931700 30.40044734
81.63156491 73.10964413 30.64257684
81.68239905 72.93997127 30.88470634
81.72531042 72.76123894 31.11897558
81.71718500 72.52414759 31.30261079
81.70905959 72.28705624 31.48624600
81.70093417 72.04996490 31.66988122
81.68756276 71.77151289 31.77975307
81.67403488 71.49182730 31.88742493
81.66050700 71.21214172 31.99509679
81.62835664 70.91882503 32.01666524
81.59042649 70.62127771 32.01151010
81.55249634 70.32373038 32.00635496
81.53579972 70.02830254 31.95966638
81.52167327 69.73313125 31.90795047
81.50754682 69.43795996 31.85623455
81.47337183 69.14252201 31.86070583
81.45193463 68.87146578 31.95166843
81.46413910 68.63901679 32.14092542
81.47634357 68.40656780 32.33018241
81.49493537 68.21972180 32.55804489
81.51851841 68.06851117 32.81607470
81.54210144 67.91730054 33.07410451
81.55717740 67.83471398 33.35276031
81.56358916 67.82201894 33.65242304
81.57000092 67.80932390 33.95208578
81.55060825 67.83616785 34.24464429
81.49371460 67.92047288 34.52687842
81.43682095 68.00477790 34.80911254
81.36327519 68.10729316 35.07934473
81.26636519 68.23535885 35.33273725
81.14916156 68.36611383 35.57310708
80.98407862 68.50321373 35.78275215
80.81899569 68.64031362 35.99239722
80.63836128 68.77473503 36.18969691
80.44321326 68.90665672 36.37547512
80.26748948 69.07253187 36.55316602
80.09216313 69.23910172 36.73069145
79.90987465 69.40835236 36.89712845
79.71105932 69.58396677 37.03724343
79.51224399 69.75958117 37.17735842
79.31302124 69.93484934 37.31722547
79.08009837 70.08147847 37.43658508
78.84717549 70.22810760 37.55594469
78.61425261 70.37473673 37.67530430
78.36774294 70.49209479 37.79902003
78.11925143 70.60518324 37.92337117
77.87053155 70.71768127 38.04767871
77.60452830 70.78549680 38.16868719
77.33852504 70.85331233 38.28969567
77.07287271 70.91714348 38.41307302
76.80936680 70.95660508 38.55093893
76.54586089 70.99606668 38.68880485
76.28073445 71.02890813 38.82510127
76.01386740 71.05463889 38.95971190
75.74700035 71.08036964 39.09432253
75.49054571 71.08635682 39.24917909
75.23655706 71.08766810 39.40883052
74.95709592 71.08749501 39.51755401
74.67700196 71.08728503 39.62501228
74.39562061 71.10222552 39.72704475
74.11329792 71.12824390 39.82510992
73.83097522 71.15426227 39.92317508
73.54213405 71.19954165 39.98508087
73.25068485 71.25252730 40.03251937
