#spline3d 266
60.86679840 89.00250244 4.13305998
60.87468243 88.96553706 4.43066947
60.88256646 88.92857167 4.72827896
60.88997792 88.88398201 5.02399038
60.89348716 88.77643575 5.30402876
60.89699639 88.66888949 5.58406714
60.90050562 88.56134323 5.86410551
60.90373482 88.42705752 6.13214953
60.90692838 88.28936893 6.39866714
60.91012194 88.15168035 6.66518476
60.97126195 88.02255042 6.92810203
61.04017295 87.89456827 7.19053648
61.11970084 87.76047709 7.44571585
61.22952522 87.60895313 7.68019203
61.33934960 87.45742916 7.91466821
61.45391889 87.29633807 8.13927291
61.57917317 87.11370289 8.34164816
61.70161832 86.91422221 8.52898457
61.82341382 86.71084577 8.71284303
61.95159715 86.49772576 8.88020404
62.08196022 86.28128093 9.04193558
62.22057956 86.06340546 9.19371781
62.37271965 85.84318710 9.32920672
62.53239525 85.62547167 9.45730871
62.73650567 85.42251527 9.54185204
62.94209078 85.21810680 9.61708670
63.15240547 85.00904126 9.66246676
63.36272015 84.79997573 9.70784682
63.57972329 84.59601500 9.73829164
63.80543947 84.39870431 9.74928033
64.03115566 84.20139362 9.76026903
64.25754852 84.00469812 9.76458059
64.48451696 83.80852590 9.76321255
64.71148540 83.61235369 9.76184452
64.94164141 83.42016147 9.75515422
65.17447500 83.23131247 9.74399319
65.41539426 83.05423746 9.72408032
65.66224522 82.88579991 9.69774705
65.91284394 82.72303457 9.67300863
66.17080129 82.57140642 9.65140163
66.42875863 82.41977826 9.62979464
66.68707770 82.26894536 9.60732246
66.94914301 82.12634854 9.57589000
67.21120833 81.98375171 9.54445754
67.47327364 81.84115489 9.51302508
67.72468378 81.67780202 9.50299604
67.97600665 81.51427914 9.49314232
68.22526883 81.34792865 9.48202755
68.46375113 81.16678646 9.46431597
68.70223344 80.98564427 9.44660438
68.92748527 80.78818096 9.43344732
69.14996869 80.58730255 9.42124326
69.37123424 80.38521250 9.40772595
69.58770334 80.17835052 9.38903657
69.80417244 79.97148854 9.37034718
70.01863077 79.76236168 9.35783426
70.22811811 79.54763563 9.36059067
70.43760544 79.33290957 9.36334709
70.64836798 79.11944786 9.36478282
70.86197187 78.90880333 9.36327586
71.07557575 78.69815879 9.36176890
71.29354476 78.49226500 9.36101271
71.52151919 78.29726056 9.36197739
71.74949363 78.10225612 9.36294207
71.97746806 77.90725167 9.36390675
72.20118669 77.70800105 9.37949137
72.42441352 77.50817138 9.39480695
72.64604822 77.30639047 9.40755267
72.86768292 77.10460956 9.42029840
73.08862002 76.90219826 9.43394176
73.29706137 76.68849512 9.46366390
73.50586152 76.47553546 9.49491243
73.72353121 76.28095478 9.56389310
73.94120089 76.08637409 9.63287377
74.15437646 75.89459316 9.71855964
74.36119713 75.70677123 9.82786750
74.56801781 75.51894930 9.93717536
74.78507203 75.34623367 10.04885451
75.01979990 75.19960708 10.16462895
75.25115601 75.04770525 10.28002945
75.47539111 74.88466234 10.39464016
75.69962621 74.72161942 10.50925088
75.92508772 74.56177883 10.62535540
76.16263190 74.43348744 10.75617677
76.39785002 74.30699384 10.89191285
76.61550262 74.19407649 11.06476285
76.83315522 74.08115913 11.23761284
77.05080782 73.96824178 11.41046284
77.22812679 73.86752370 11.62941419
77.40054190 73.76828883 11.85397062
77.57295702 73.66905396 12.07852706
77.72732880 73.58249699 12.32072445
77.88130036 73.49622122 12.56331313
78.03527192 73.40994545 12.80590181
78.19121904 73.34820707 13.05406053
78.34805365 73.29749175 13.30472151
78.50341252 73.24841705 13.55638222
78.62803346 73.23351481 13.82886619
78.75265439 73.21861257 14.10135016
78.86117501 73.18891160 14.37808493
78.94507463 73.13658004 14.66132012
79.02897426 73.08424847 14.94455531
79.10932906 73.05329391 15.23102912
79.18586194 73.04538755 15.52099473
79.26239481 73.03748118 15.81096033
79.33148174 73.02677052 16.10250846
79.38789772 73.01128775 16.39674962
79.44431371 72.99580497 16.69099077
79.47851277 72.96088070 16.98573122
79.49387453 72.90947236 17.28089499
79.50840485 72.85686273 17.57580305
79.50374613 72.77652809 17.86480928
79.50209451 72.68902195 18.15169099
79.50224748 72.59721206 18.43729775
79.50240046 72.50540217 18.72290450
79.50336079 72.41580151 19.00918922
79.50593559 72.33061865 19.29682968
79.50851039 72.24543580 19.58447014
79.50869707 72.14863331 19.86797322
79.50502210 72.03304158 20.14478606
79.50134714 71.91744986 20.42159890
79.48721513 71.77671770 20.68527428
79.46770611 71.62305840 20.94219441
79.44819710 71.46939909 21.19911455
79.42345248 71.30793403 21.45052814
79.39394500 71.13936803 21.69693239
79.36443751 70.97080203 21.94333665
79.33994729 70.78868912 22.17927050
79.32444995 70.58229487 22.39643732
79.30895262 70.37590062 22.61360414
79.29145363 70.16097289 22.82176097
79.27179138 69.93682279 23.02018043
79.25212914 69.71267270 23.21859989
79.22160038 69.48469685 23.41090227
79.18373067 69.25413649 23.59907221
79.14586097 69.02357613 23.78724215
79.11583316 68.79235252 23.97594143
79.08916679 68.56084462 24.16486760
79.06444989 68.31642618 24.33409943
79.04325674 68.04867167 24.46773329
79.02206358 67.78091716 24.60136714
78.98931026 67.50967492 24.72205686
78.92746423 67.22965537 24.81017091
78.86561821 66.94963582 24.89828497
78.77642882 66.66619980 24.93724492
78.68558949 66.38255763 24.97323884
78.60307519 66.09723870 25.01399664
78.53140501 65.80973561 25.06095984
78.45973483 65.52223253 25.10792305
78.38834417 65.23658910 25.16370422
78.31764022 64.95551432 25.24114870
78.24639349 64.67417135 25.31673361
78.16709952 64.38885221 25.36474838
78.08780556 64.10353307 25.41276314
78.00351440 63.81786495 25.44183859
77.91345043 63.53179369 25.44903515
77.82338646 63.24572243 25.45623171
77.72729607 62.96180429 25.45815802
77.61776249 62.68268911 25.44832797
77.52074580 62.40073901 25.42974107
77.46241792 62.11002636 25.38408738
77.40409003 61.81931372 25.33843370
77.34809774 61.52791176 25.29547420
77.31059892 61.23105183 25.27384744
77.27310010 60.93419189 25.25222068
77.26916621 60.63536078 25.24394525
77.28102702 60.33560210 25.24195256
77.29288783 60.03584342 25.23995987
77.34427761 59.74756969 25.27628726
77.43238101 59.46996291 25.34820546
77.52048441 59.19235614 25.42012367
77.63311720 58.93517999 25.50984389
77.80311629 58.72578448 25.64119727
77.97311539 58.51638898 25.77255066
78.21375850 58.40768204 25.89869720
78.47472860 58.32794706 26.02334554
78.73569870 58.24821207 26.14799388
79.01677159 58.24170285 26.23447131
79.30752177 58.27044385 26.30257361
79.59827196 58.29918486 26.37067591
79.86285850 58.42626476 26.43112499
80.12696594 58.55514543 26.49143393
80.37238789 58.71471608 26.54060937
80.59288960 58.91521696 26.57493642
80.81339131 59.11571784 26.60926347
81.00802684 59.33987135 26.64461364
81.18956892 59.57599780 26.68048170
81.37111100 59.81212426 26.71634977
81.58013880 60.02206954 26.76327325
81.78643999 60.22873769 26.83006593
81.99060926 60.43356329 26.90982512
82.19044005 60.63654170 27.00019872
82.36775268 60.82993256 27.14566461
82.53750191 61.02196549 27.30033271
82.68691227 61.21034673 27.47974670
82.83632263 61.39872798 27.65916070
82.97470449 61.57836783 27.85517866
83.10943355 61.75511240 28.05669612
83.23611738 61.92700505 28.26662011
83.34579351 62.08864069 28.49431560
83.45531194 62.25076954 28.72171942
83.56143670 62.42351269 28.94284628
83.66756147 62.59625583 29.16397314
83.75275133 62.78517540 29.38028872
83.83042318 62.97990415 29.59487650
83.90809503 63.17463290 29.80946428
83.91632043 63.38173035 30.02217248
83.89946553 63.59329470 30.23420188
83.88261063 63.80485906 30.44623127
83.80337366 64.00365406 30.64653858
83.66343305 64.19002328 30.83543920
83.52349245 64.37639250 31.02433981
83.37111197 64.55407550 31.21055699
83.19082266 64.71227096 31.39075385
83.00578744 64.86580443 31.56966968
82.80222749 65.00114065 31.74358523
82.59866753 65.13647687 31.91750077
82.38229821 65.26396040 32.08109720
82.15943644 65.38746377 32.23946336
81.92578064 65.47377905 32.40496350
81.68819899 65.54656885 32.57305830
81.45061735 65.61935865 32.74115310
81.21705538 65.70276491 32.90985116
80.98451437 65.78886764 33.07870245
80.75197336 65.87497038 33.24755373
80.50300927 65.97432904 33.37975023
80.24790583 66.07864310 33.49824428
79.99280239 66.18295716 33.61673833
79.73490022 66.29433380 33.72018409
79.47324685 66.41517657 33.80346031
79.21159349 66.53601933 33.88673654
78.94283196 66.64513681 33.96171079
78.66744887 66.74333167 34.02895139
78.39206579 66.84152653 34.09619198
78.11489652 66.93703047 34.15968257
77.83592089 67.02981308 34.21938080
77.55551044 67.11890785 34.27791100
77.27458274 67.20667319 34.33602014
76.98903486 67.28241274 34.38443076
76.69669612 67.34047646 34.41858626
76.40435737 67.39854017 34.45274175
76.10967605 67.43930792 34.48144815
75.81025415 67.44507435 34.49912740
75.51330852 67.43251644 34.52098466
75.22454481 67.35941265 34.55664662
74.93578110 67.28630885 34.59230858
74.65150265 67.19114083 34.60290948
74.36728688 67.09566443 34.61316012
74.08534958 66.99524583 34.61369034
73.81124720 66.87783245 34.58079491
73.53714482 66.76041907 34.54789949
73.26771554 66.63644174 34.50634817
73.00869027 66.49785066 34.44552573
72.75359870 66.35306680 34.38910592
72.54061177 66.14199813 34.37980996
72.32762485 65.93092946 34.37051399
72.11776411 65.71745301 34.36393305
71.95461376 65.46800049 34.39791907
71.79146340 65.21854797 34.43190508
71.62831305 64.96909544 34.46589110
71.47076893 64.72672374 34.54496987
71.31371062 64.48496561 34.62795603
71.23139186 64.23225590 34.76287739
71.15936514 63.97803811 34.90495051
71.09184795 63.72423940 35.04943990
71.05000681 63.47282680 35.20768688
