#spline3d 246
58.68629837 83.94830322 3.40865993
58.75990294 83.77922997 3.64529594
58.83350752 83.61015673 3.88193195
58.91158097 83.43920838 4.11512573
59.02783008 83.25224192 4.31891403
59.14407920 83.06527547 4.52270232
59.26032832 82.87830901 4.72649061
59.40149448 82.70965296 4.93002264
59.54792391 82.54486467 5.13350054
59.69622894 82.37882246 5.33414910
59.86970868 82.19595001 5.49682186
60.04318841 82.01307756 5.65949463
60.22349548 81.82807328 5.81115495
60.41417344 81.63983070 5.94608706
60.60485141 81.45158812 6.08101917
60.81071462 81.26943074 6.20020068
61.02349082 81.09004361 6.31221181
61.23938122 80.91002048 6.41534627
61.46740131 80.72752019 6.48390642
61.70285201 80.55152595 6.54223105
61.94517966 80.38155303 6.59108279
62.18936607 80.21366863 6.63727310
62.44032132 80.05338985 6.67377157
62.69127657 79.89311107 6.71027003
62.94223183 79.73283230 6.74676850
63.20666200 79.59637182 6.78413224
63.47215645 79.46179256 6.82156432
63.74027159 79.33026525 6.84639543
64.01135687 79.20219688 6.85694528
64.28244215 79.07412851 6.86749514
64.54881865 78.93697249 6.87832847
64.81005686 78.78989991 6.88947113
65.07129508 78.64282734 6.90061380
65.34051937 78.51241798 6.88719837
65.61254853 78.38786108 6.86515763
65.88503282 78.26518176 6.84033941
66.16094574 78.15664688 6.79459751
66.43685865 78.04811199 6.74885561
66.71623848 77.94428608 6.72552048
66.99964370 77.84592768 6.72820152
67.28304893 77.74756927 6.73088256
67.56634582 77.65248655 6.74922183
67.84948787 77.56208612 6.78994326
68.13254771 77.47422376 6.83595300
68.41551115 77.38933711 6.88816297
68.69122050 77.27535550 6.91558840
68.96577749 77.15675197 6.93907664
69.24033447 77.03814844 6.96256488
69.51476080 76.91756236 6.96432407
69.78520713 76.78867273 6.96154506
70.04379857 76.63662883 6.96517355
70.30404126 76.48775600 6.97062390
70.57258800 76.35483047 6.98523630
70.84187398 76.22291482 6.99247732
71.11157002 76.09155935 6.99562936
71.38126606 75.96020388 6.99878140
71.64879460 75.82968614 7.02367383
71.91281333 75.70052491 7.08377013
72.17683205 75.57136368 7.14386643
72.43315782 75.43499077 7.21583699
72.67362822 75.28375442 7.31228067
72.91331757 75.14273333 7.42383265
73.15249534 75.00840319 7.54528048
73.39167311 74.87407304 7.66672830
73.62876335 74.74212244 7.79435910
73.86205695 74.61449956 7.93323501
74.09535055 74.48687668 8.07211092
74.32035976 74.38561363 8.23939507
74.53939457 74.30336032 8.42716621
74.75842937 74.22110701 8.61493734
74.97163377 74.14546236 8.81144724
75.17428005 74.07813365 9.02185318
75.34907094 74.00583444 9.25470700
75.52386183 73.93353524 9.48756082
75.70452718 73.86466606 9.71677128
75.89303613 73.80037665 9.94111713
76.08154507 73.73608724 10.16546299
76.24460588 73.67481573 10.40922539
76.40183310 73.61423602 10.65743872
76.55906032 73.55365632 10.90565206
76.68372388 73.48389094 11.16884858
76.80079162 73.41198290 11.43554009
76.91785936 73.34007486 11.70223160
77.00762017 73.29675487 11.98379182
77.08528531 73.26609801 12.27193815
77.16295045 73.23544115 12.56008449
77.22361174 73.21051980 12.85216152
77.26461183 73.19223030 13.14878353
77.30561192 73.17394080 13.44540554
77.34362139 73.16283964 13.74273744
77.38036541 73.15478016 14.04036973
77.41462808 73.15804159 14.33793573
77.44390478 73.18405102 14.63536851
77.43969391 73.20959208 14.93232535
77.40126019 73.23465448 15.22879580
77.36282648 73.25971688 15.52526624
77.30170195 73.28590006 15.81674197
77.21456882 73.31336790 16.10249267
77.12743569 73.34083574 16.38824337
77.04418226 73.37617445 16.67422004
76.96280843 73.41532635 16.96030620
76.88143460 73.45447825 17.24639235
76.79322366 73.48346289 17.53144037
76.69930156 73.50395463 17.81562123
76.60537945 73.52444636 18.09980210
76.50018825 73.53448268 18.38049845
76.39302647 73.54269070 18.66058548
76.26987134 73.55465062 18.93385015
76.14588016 73.56680668 19.20675818
76.01959544 73.57362702 19.47868829
75.88935544 73.57124573 19.74893193
75.75911543 73.56886444 20.01917558
75.62799929 73.56612143 20.28895056
75.47943136 73.55617330 20.54939017
75.33086343 73.54622518 20.80982977
75.18229551 73.53627705 21.07026938
75.02954900 73.48477237 21.32265789
74.88064197 73.42252691 21.57532543
74.74595392 73.34944825 21.83323767
74.61466139 73.26979423 22.09025110
74.50546882 73.14734406 22.34141453
74.39627624 73.02489389 22.59257795
74.28708366 72.90244372 22.84374138
74.18831861 72.74262163 23.07758045
74.08967788 72.58235395 23.31121297
73.99039356 72.40863499 23.53385096
73.89026474 72.21726591 23.74206246
73.79328230 72.01981534 23.94598458
73.69743601 71.82016879 24.14835781
73.60604976 71.61769971 24.34927094
73.55762935 71.38803990 24.53611813
73.50920895 71.15838009 24.72296531
73.46776542 70.91571712 24.89208759
73.43674678 70.65362482 25.03472525
73.40572813 70.39153252 25.17736292
73.41750609 70.11418141 25.29043430
73.43150519 69.83603837 25.40197119
73.45949449 69.55658772 25.50600390
73.50408506 69.27558541 25.60113187
73.54867562 68.99458311 25.69625985
73.62810194 68.71758029 25.77877048
73.71136605 68.44101808 25.85989108
73.80521454 68.16496762 25.92836591
73.91071519 67.88948053 25.98291921
74.01621584 67.61399345 26.03747251
74.11767629 67.33750914 26.09455789
74.21852960 67.06087498 26.15202377
74.31938292 66.78424081 26.20948965
74.45239767 66.52327154 26.27065096
74.59688586 66.26789065 26.33313059
74.74361983 66.01287067 26.39065283
74.89979122 65.75936734 26.42734258
75.08252879 65.52682259 26.45664596
75.30227199 65.32347228 26.47566045
75.52201519 65.12012197 26.49467493
75.74589644 64.92136579 26.51240583
75.97587295 64.72937669 26.52824604
76.20584946 64.53738759 26.54408624
76.45060029 64.36987099 26.57622402
76.70902713 64.22500762 26.62344782
76.96745398 64.08014425 26.67067162
77.22984415 63.97349672 26.76373864
77.49347066 63.87877024 26.87110601
77.75709716 63.78404376 26.97847338
78.02864480 63.73163981 27.08731788
78.30731323 63.71728217 27.19749028
78.58598166 63.70292454 27.30766268
78.86573647 63.71892874 27.41206611
79.14615130 63.75337905 27.51296463
79.42656613 63.78782935 27.61386316
79.70091201 63.84291045 27.71805755
79.96444029 63.93476492 27.82812666
80.22796856 64.02661940 27.93819578
80.46707035 64.10976433 28.09846647
80.70441036 64.19228109 28.26235798
80.94175037 64.27479784 28.42624949
81.14194517 64.36394205 28.62908714
81.33162776 64.45496185 28.84294667
81.52131035 64.54598164 29.05680619
81.66656428 64.61303011 29.30873127
81.80137755 64.67444537 29.56960170
81.93619083 64.73586062 29.83047212
82.05907600 64.81006357 30.09352641
82.17444647 64.89232275 30.35795654
82.28908131 64.97510153 30.62246565
82.36620931 65.08437199 30.89100105
82.44333732 65.19364246 31.15953645
82.50062330 65.30965704 31.42966758
82.54495612 65.43007427 31.70084041
82.58928895 65.55049150 31.97201325
82.60632545 65.72337869 32.21657202
82.62329263 65.89639913 32.46106320
82.60828513 66.08379856 32.69368956
82.58064553 66.27687862 32.92162852
82.55300593 66.46995868 33.14956749
82.48954763 66.66757403 33.36498854
82.41345613 66.86678896 33.57599454
82.33499082 67.07344836 33.77730419
82.24719603 67.30936587 33.94050546
82.15940125 67.54528337 34.10370673
82.05132719 67.78343393 34.24673813
81.91501024 68.02469447 34.36167898
81.77869329 68.26595502 34.47661983
81.61808524 68.49983438 34.57004853
81.44044295 68.72853766 34.64839174
81.26951542 68.96535907 34.71482133
81.10619288 69.21137492 34.76775777
80.93982479 69.45118655 34.83646844
80.77252083 69.68909169 34.91002639
80.60521688 69.92699682 34.98358433
80.45651273 70.17901215 35.04952220
80.30865919 70.43167275 35.11511158
80.15925391 70.68476722 35.16970743
80.00179855 70.94011254 35.16727110
79.84434320 71.19545785 35.16483478
79.67899551 71.43875448 35.11553893
79.51024400 71.67685473 35.04603344
79.34149250 71.91495499 34.97652795
79.16323865 72.15026241 34.92747080
78.97672132 72.38314113 34.89619604
78.79020400 72.61601984 34.86492129
78.58455948 72.83079604 34.83811712
78.35578062 73.02367723 34.81672011
78.12700176 73.21655842 34.79532311
77.85888384 73.34516238 34.82382529
77.58709968 73.46777597 34.85697787
77.31531552 73.59038955 34.89013046
77.03919241 73.69572796 34.94133412
76.76281025 73.80003497 34.99361550
76.48038874 73.89139969 35.03426495
76.19372014 73.97366292 35.06673439
75.90705153 74.05592616 35.09920383
75.61801753 74.12655862 35.13721652
75.32864220 74.19551284 35.17602905
75.03874501 74.25556143 35.22205395
74.74791672 74.29972106 35.28094677
74.45708844 74.34388069 35.33983959
74.17258392 74.37212013 35.43050381
73.88827409 74.39986946 35.52214615
73.60396426 74.42761878 35.61378848
73.34473311 74.44685187 35.76242409
73.08764349 74.46535774 35.91592649
72.83055388 74.48386360 36.06942889
72.58180092 74.45312235 36.23134787
72.33616448 74.40397085 36.39641326
72.09052805 74.35481935 36.56147865
