#spline3d 244
125.39499664 97.50080109 3.28028011
125.14656656 97.33288707 3.28962783
124.89813648 97.16497305 3.29897555
124.65446382 96.99004508 3.29968081
124.41154903 96.81399974 3.29900927
124.16518427 96.64312499 3.30159088
123.91184160 96.48270826 3.31075229
123.65849893 96.32229153 3.31991370
123.40308556 96.16520963 3.32747023
123.14396832 96.01409278 3.33215611
122.88369427 95.86502895 3.33476909
122.61983017 95.72233645 3.33094903
122.35596607 95.57964395 3.32712897
122.08942397 95.44243213 3.32125449
121.81682469 95.31761666 3.31073325
121.54422541 95.19280119 3.30021202
121.28067777 95.05067927 3.31725453
121.01755521 94.90774459 3.33559150
120.75443265 94.76480991 3.35392848
120.50325869 94.60206048 3.36361946
120.25855491 94.42858135 3.36862864
120.01389238 94.25521046 3.37498729
119.77018306 94.08434070 3.41252782
119.52647374 93.91347093 3.45006835
119.27704805 93.75173004 3.48879877
119.02145571 93.59983714 3.52881280
118.75842318 93.46098256 3.56464711
118.48775449 93.33550976 3.59619160
118.21708580 93.21003695 3.62773608
117.96379371 93.06064948 3.68592413
117.71204551 92.90913724 3.74647940
117.46029731 92.75762500 3.80703467
117.21146162 92.60054520 3.86522104
116.96399004 92.44085776 3.92229789
116.71399385 92.28512025 3.97815811
116.45028553 92.15083627 4.02741036
116.18657721 92.01655229 4.07666260
115.92200014 91.88585873 4.12935338
115.65258269 91.77516952 4.20120222
115.38316525 91.66448031 4.27305106
115.12559164 91.53304814 4.35245654
114.86945600 91.39909754 4.43277948
114.62315831 91.26166639 4.53349497
114.38260797 91.12220188 4.64612383
114.14205763 90.98273737 4.75875269
113.90955418 90.84032777 4.88227410
113.69398396 90.69172078 5.02871690
113.47841373 90.54311379 5.17515970
113.27647486 90.39018939 5.33349623
113.10465965 90.22772403 5.51811648
112.93919537 90.06201936 5.70553205
112.77795790 89.89415876 5.89480801
112.61672043 89.72629817 6.08408398
112.45303113 89.56953283 6.27978051
112.28454251 89.43448582 6.48804496
112.11605389 89.29943881 6.69630940
111.95651091 89.16327734 6.90995739
111.82624386 89.02346860 7.14122382
111.70249853 88.87994657 7.37343100
111.59796067 88.72548834 7.60840882
111.49342282 88.57103012 7.84338664
111.40642889 88.43018861 8.09159111
111.34543877 88.30952997 8.35940028
111.28444865 88.18887133 8.62720945
111.22497279 88.06419932 8.89337783
111.17080304 87.92546402 9.15379670
111.11663329 87.78672872 9.41421556
111.06246354 87.64799342 9.67463442
111.04201704 87.53364060 9.95119951
111.02186384 87.41949983 10.22790503
111.00624962 87.30879197 10.50624400
110.99419883 87.20077917 10.78586536
110.98214804 87.09276638 11.06548671
110.96950627 86.99048521 11.34717951
110.95642337 86.89248246 11.63041856
110.94334046 86.79447970 11.91365761
110.91795544 86.70395158 12.19829093
110.88409435 86.61857341 12.48388490
110.84360571 86.51975508 12.76413516
110.80166196 86.41798587 13.04321217
110.75808295 86.31791414 13.32264031
110.71258192 86.21983758 13.60248116
110.68695312 86.12750869 13.88660994
110.66529662 86.03632871 14.17159584
110.63631563 85.95112250 14.45771234
110.60432974 85.86836705 14.74429266
110.57234385 85.78561159 15.03087299
110.51740909 85.69460893 15.31047511
110.44381259 85.59689973 15.58440263
110.36083580 85.52654563 15.86310116
110.27248295 85.47186932 16.14453405
110.22042989 85.42959351 16.43585381
110.18308882 85.39234351 16.73118063
110.14574776 85.35509352 17.02650746
110.12310321 85.28902227 17.31593715
110.11883473 85.18691381 17.59799327
110.11456626 85.08480536 17.88004939
110.11283724 84.97881532 18.16047840
110.12400367 84.85311442 18.43264485
110.13517010 84.72741352 18.70481131
110.14112606 84.59405854 18.97303418
110.13486631 84.44275891 19.23201149
110.12860657 84.29145927 19.49098879
110.12525553 84.10891299 19.72796557
110.12370228 83.91505025 19.95684694
110.14169481 83.70840697 20.17358384
110.15879279 83.50025794 20.38859630
110.15348446 83.25439311 20.56041549
110.14817613 83.00852828 20.73223469
110.15416294 82.73926633 20.86170127
110.16335349 82.46336802 20.97915498
110.16420732 82.18010265 21.07179810
110.15178658 81.88510671 21.12493524
110.12572564 81.58880306 21.13136430
110.09112161 81.29168036 21.10853925
110.05651759 80.99455766 21.08571421
110.03460213 80.70160568 21.03937641
110.03961310 80.41750439 20.94314220
110.04462406 80.13340311 20.84690799
110.05371897 79.85129335 20.74655716
110.09113966 79.58299659 20.61765389
110.12856035 79.31469984 20.48875061
110.20378444 79.05308716 20.36289107
110.28051811 78.79174138 20.23715308
110.35894087 78.53061058 20.11214315
110.45354374 78.27153907 19.99410744
110.54814660 78.01246756 19.87607173
110.64809992 77.75690935 19.75500300
110.75248458 77.50426090 19.63142228
110.86636057 77.25840412 19.50409723
111.00391869 77.02949346 19.36742960
111.12647300 76.80853074 19.20738246
111.23930734 76.59271698 19.03218927
111.35214167 76.37690321 18.85699609
111.48418423 76.17019452 18.68585937
111.63871918 75.97414767 18.51947269
111.79325413 75.77810082 18.35308600
111.95876176 75.58553666 18.19391850
112.13567066 75.39659122 18.04225215
112.31236427 75.20732491 17.89077635
112.47452323 74.99639502 17.75216563
112.63668219 74.78546513 17.61355492
112.79884115 74.57453524 17.47494420
112.94998612 74.33221728 17.38863110
113.09829991 74.08183094 17.31576122
113.24661370 73.83144461 17.24289133
113.38883658 73.57285131 17.19562144
113.52570458 73.30704277 17.17085803
113.66257257 73.04123424 17.14609462
113.79162128 72.77266425 17.15666886
113.91411287 72.50177854 17.19687667
114.03067886 72.23374207 17.25765557
114.12608065 71.97045261 17.36273530
114.18137942 71.70478449 17.49065003
114.23667819 71.43911637 17.61856475
114.26837297 71.18439289 17.76646931
114.25105531 70.95239534 17.95588171
114.23373766 70.72039779 18.14529412
114.20880836 70.49464756 18.33845515
114.10818450 70.33102409 18.56889470
114.00756065 70.16740062 18.79933425
113.90693680 70.00377714 19.02977380
113.76111695 69.90053542 19.27040474
113.61393804 69.79910939 19.51134215
113.46045784 69.71816264 19.75270051
113.28451418 69.71022248 19.99555953
113.10857052 69.70228231 20.23841854
112.93113997 69.70012790 20.47922095
112.73405245 69.77446223 20.69283464
112.53696492 69.84879656 20.90644834
112.33987740 69.92313089 21.12006203
112.14219300 69.97089304 21.34053574
111.94448375 70.01754901 21.56129503
111.71872062 70.07099968 21.74817562
111.47525626 70.12873760 21.91367970
111.22639067 70.19168749 22.06874865
110.97566950 70.25642795 22.22023265
110.73145135 70.34556977 22.36346924
110.50468937 70.50021257 22.48456721
110.27792739 70.65485536 22.60566517
110.07229935 70.84794419 22.70325483
109.87443538 71.05515712 22.79220813
109.70631154 71.28791419 22.87894277
109.53886922 71.52125663 22.96562656
109.37280992 71.75540462 23.05275614
109.21033997 71.99164327 23.14104267
109.04787003 72.22788191 23.22932920
108.89496779 72.46858677 23.32142136
108.75733037 72.71641728 23.41958522
108.61969295 72.96424779 23.51774908
108.51353033 73.22555932 23.61936458
108.41056457 73.48824011 23.72133066
108.30770184 73.75095455 23.82329927
108.23126953 74.02229950 23.92591585
108.13915224 74.28681235 24.02921890
108.00017094 74.53091205 24.13457302
107.86524459 74.77680505 24.24024130
107.76431663 75.03773372 24.34854360
107.66338867 75.29866240 24.45684590
107.58181388 75.56603812 24.56019486
107.55182224 75.85059750 24.65034141
107.52183059 76.13515688 24.74048796
107.50466212 76.41572493 24.84191401
107.51665377 76.68721661 24.96898984
107.52864542 76.95870830 25.09606566
107.54286405 77.22881680 25.22509400
107.59683474 77.47423512 25.38897518
107.67073510 77.72035768 25.54004062
107.78512633 77.96791103 25.66506846
107.90072792 78.21324131 25.79279532
108.02828305 78.43661619 25.94717811
108.16513606 78.65334401 26.10264221
108.31127012 78.86343679 26.25918565
108.47192507 79.05532516 26.42283668
108.64696856 79.22917502 26.59353051
108.82201205 79.40302488 26.76422434
109.01409404 79.55883919 26.93303066
109.21528761 79.70500872 27.10082760
109.41648118 79.85117825 27.26862455
109.59978193 80.00831704 27.44658383
109.78179377 80.16624599 27.62527515
109.96162983 80.32056804 27.80908697
110.13861630 80.47016616 27.99960507
110.32249350 80.61858520 28.18386987
110.52266466 80.76421614 28.35334805
110.74169471 80.88136146 28.51895070
110.97473942 80.97733817 28.68167333
111.19691996 81.06166077 28.86450473
111.41747945 81.14424447 29.05033656
111.65559327 81.19693037 29.22343123
111.90096599 81.23725322 29.39125894
112.13921237 81.23379854 29.57289740
112.37668482 81.22558961 29.75603571
112.61415728 81.21738068 29.93917402
112.78911208 81.20865398 30.17971868
112.95146341 81.19982291 30.43183640
113.11381473 81.19099183 30.68395413
113.23909504 81.20903098 30.95537116
113.35969808 81.23046037 31.22922320
113.47982342 81.25387204 31.50312253
113.59988448 81.27755043 31.77702822
113.71994555 81.30122881 32.05093390
113.81537063 81.32329269 32.33433136
113.90752915 81.34514248 32.61898735
