#spline3d 290
66.65889740 113.02500153 5.72068024
66.74243697 112.93431595 5.99417112
66.82597654 112.84363037 6.26766200
66.90951611 112.75294480 6.54115288
67.02079130 112.63775331 6.79434073
67.13587462 112.51919713 7.04474096
67.25095793 112.40064096 7.29514119
67.35192563 112.28184594 7.55138897
67.45105818 112.16301987 7.80839698
67.55019074 112.04419379 8.06540498
67.63329346 111.92376955 8.32690116
67.70426094 111.80213544 8.59179508
67.78073480 111.68516140 8.85709583
67.86610702 111.57571808 9.12305404
67.95147923 111.46627476 9.38901226
68.03806359 111.32596536 9.63871293
68.12511154 111.17385090 9.88219572
68.21215949 111.02173643 10.12567851
68.32644860 110.86145037 10.35048541
68.45740413 110.69616485 10.56386622
68.58835966 110.53087934 10.77724702
68.72606722 110.35593673 10.97713133
68.87382882 110.16661436 11.15691885
69.02896052 109.97775094 11.32977165
69.21186329 109.79061688 11.47649399
69.39476606 109.60348283 11.62321634
69.59894889 109.42416583 11.74714246
69.81954271 109.25087726 11.85348837
70.04013653 109.07758870 11.95983427
70.23816870 108.88000270 12.06642748
70.42838359 108.67399801 12.17310638
70.60601543 108.45992722 12.28450824
70.77287935 108.23895391 12.39995174
70.93974328 108.01798060 12.51539525
71.12511650 107.80135688 12.60841396
71.31174008 107.58502699 12.69991781
71.49836366 107.36869710 12.79142166
71.68947847 107.14973468 12.86420144
71.88337246 106.92914323 12.92539477
72.07691357 106.70822337 12.98645211
72.25872869 106.47639035 13.04299096
72.44054380 106.24455733 13.09952981
72.62235892 106.01272431 13.15606865
72.79122407 105.76945052 13.20318419
72.95732965 105.52373877 13.24829167
73.12039567 105.27391420 13.27675585
73.28158687 105.02155280 13.29495430
73.44277807 104.76919140 13.31315275
73.62725854 104.53475485 13.29241046
73.81737762 104.30465812 13.26224015
74.00749670 104.07456139 13.23206985
74.19482496 103.84654802 13.17888450
74.38169317 103.61887806 13.12190537
74.56983796 103.39402099 13.05882847
74.75967822 103.17289984 12.98765286
74.94464885 102.95056207 12.90826558
75.12702299 102.72757558 12.82449984
75.30939713 102.50458909 12.74073409
75.50653101 102.28761239 12.67908546
75.70880420 102.07272828 12.62513795
75.91692764 101.86280464 12.57576831
76.13820232 101.66403201 12.53668962
76.35947700 101.46525938 12.49761093
76.58936981 101.27694191 12.45714661
76.82151982 101.09136280 12.41631938
77.05807391 100.91693758 12.35874623
77.29777643 100.75048620 12.28920158
77.54544048 100.60596576 12.20202432
77.79474837 100.46597347 12.11120641
78.04468147 100.33381144 12.01100438
78.29472474 100.20302927 11.90914865
78.54345784 100.05255140 11.83737760
78.79184966 99.89694309 11.77344317
79.03799876 99.73797921 11.70967258
79.27391231 99.56370094 11.64664978
79.50982586 99.38942267 11.58362697
79.74573941 99.21514440 11.52060416
79.98573036 99.04983060 11.44943961
80.22600530 98.88514117 11.37770798
80.46961227 98.72542924 11.30612728
80.71545553 98.56905795 11.23464786
80.96294260 98.41464611 11.16491921
81.21816193 98.26945126 11.10342596
81.47338126 98.12425640 11.04193270
81.72970039 97.98022518 10.98272100
81.99300887 97.84358895 10.93800881
82.25631736 97.70695273 10.89329662
82.51932094 97.56958803 10.84923033
82.77698513 97.41946693 10.81647457
83.03464933 97.26934583 10.78371882
83.29366175 97.12134654 10.75309894
83.56150976 96.98725249 10.73647652
83.82935777 96.85315845 10.71985410
84.09720579 96.71906440 10.70323169
84.36607786 96.58802065 10.72298671
84.63506139 96.45730889 10.74670109
84.90404492 96.32659713 10.77041546
85.16668824 96.19820391 10.83245552
85.42646466 96.07085907 10.91182556
85.68624109 95.94351424 10.99119560
85.93654907 95.81769145 11.09543244
86.17820161 95.69326000 11.22240089
86.41894457 95.58790413 11.36476156
86.65866486 95.50399532 11.52442801
86.89838516 95.42008651 11.68409446
87.12605327 95.34988634 11.86442739
87.34232365 95.29265042 12.06430459
87.55859404 95.23541449 12.26418179
87.76104314 95.18986832 12.47850588
87.93759829 95.16622267 12.71989598
88.11415345 95.14257703 12.96128607
88.25874701 95.14210632 13.22367447
88.39943010 95.14447102 13.48863199
88.51145648 95.12533132 13.76585687
88.61887999 95.10273757 14.04505215
88.72630351 95.08014382 14.32424743
88.79669428 95.06599884 14.61530219
88.86398710 95.05256063 14.90734905
88.85894847 95.02359098 15.20486506
88.84576695 94.99287284 15.50299677
88.83258543 94.96215470 15.80112847
88.80353495 94.95233845 16.09901936
88.76710058 94.95224796 16.39679819
88.73066621 94.95215746 16.69457702
88.68488451 94.94332452 16.99049769
88.62475224 94.92106967 17.28356561
88.56461997 94.89881482 17.57663353
88.49810524 94.87783869 17.86806548
88.40281439 94.86262783 18.15212152
88.31075620 94.85118644 18.43728071
88.22847605 94.85114678 18.72577674
88.14619589 94.85110713 19.01427277
88.03253720 94.83043236 19.29017725
87.90826307 94.80277667 19.56182197
87.78398894 94.77512098 19.83346670
87.65259382 94.76108613 20.10260223
87.51813403 94.75291329 20.37065787
87.38367424 94.74474045 20.63871351
87.23997078 94.74550859 20.90164269
87.08580964 94.75639196 21.15877212
86.92689177 94.76355413 21.41282991
86.75261422 94.75870039 21.65696927
86.57833668 94.75384665 21.90110863
86.37320081 94.70438118 22.11290051
86.16329406 94.64801847 22.31969129
85.95338732 94.59165577 22.52648207
85.75198731 94.53245568 22.74068046
85.55449898 94.47232155 22.95830886
85.37441112 94.41695372 23.19176677
85.20165185 94.36250694 23.42986249
85.07706808 94.31411480 23.69844548
84.95248430 94.26572266 23.96702847
84.84910298 94.20760254 24.24116318
84.77464271 94.13621302 24.52287068
84.70018245 94.06482351 24.80457818
84.64847145 93.99120705 25.09012036
84.61252815 93.91604709 25.37832039
84.57658486 93.84088712 25.66652042
84.57638429 93.75057744 25.95249854
84.57761288 93.65966201 26.23838782
84.57884147 93.56874658 26.52427711
84.60825912 93.45230348 26.79841141
84.66967278 93.31760050 27.05601841
84.77753415 93.16121123 27.28820025
84.88539553 93.00482197 27.52038208
85.01215439 92.80848369 27.70841846
85.13903763 92.61188250 27.89616429
85.27136640 92.41284189 28.07535012
85.44192057 92.19667765 28.19444835
85.61247473 91.98051342 28.31354658
85.78302890 91.76434918 28.43264481
85.96067528 91.54542463 28.53501033
86.13905460 91.32621482 28.63564663
86.31743392 91.10700501 28.73628294
86.50649604 90.88169290 28.79169804
86.69759519 90.65521720 28.83849023
86.88845458 90.42763385 28.87491869
87.07831853 90.19545178 28.86831907
87.26818249 89.96326970 28.86171945
87.43090469 89.71278517 28.84544213
87.58165334 89.45422652 28.82489551
87.73240199 89.19566788 28.80434888
87.88260526 88.93716184 28.78004574
88.03193512 88.67874004 28.74972670
88.17025731 88.41425818 28.72707370
88.28807789 88.13848960 28.71869852
88.40589848 87.86272101 28.71032334
88.54171944 87.59838126 28.67556444
88.68487327 87.33869731 28.63005749
88.82549335 87.08005739 28.57362174
88.96319523 86.82261991 28.50459894
89.05473674 86.54982952 28.42518766
89.12950194 86.27145934 28.34200085
89.19954564 85.99143811 28.26324890
89.21887918 85.69368414 28.23212838
89.23821272 85.39593016 28.20100786
89.25833870 85.09826796 28.17125165
89.31223308 84.80451640 28.19963339
89.36612747 84.51076485 28.22801513
89.42002185 84.21701329 28.25639687
89.47183750 83.92326394 28.28832595
89.52280798 83.62951550 28.32169730
89.57377847 83.33576706 28.35506865
89.63432454 83.04472192 28.39483929
89.69795512 82.75454757 28.43667128
89.76158569 82.46437321 28.47850327
89.84008446 82.18031150 28.53201252
89.92927357 81.90064483 28.59391780
90.01875200 81.62133969 28.65666322
90.12258665 81.35997348 28.76109614
90.22642130 81.09860727 28.86552905
90.33001263 80.83737353 28.97040625
90.40990396 80.58904278 29.11855779
90.48979530 80.34071204 29.26670933
90.56631463 80.09595788 29.42162616
90.63123119 79.86351043 29.59982180
90.69614775 79.63106298 29.77801743
90.75077525 79.39854127 29.95924903
90.79608539 79.16595232 30.14322987
90.84139554 78.93336337 30.32721072
90.88759378 78.71893200 30.52802451
90.93604657 78.55059656 30.77157143
90.98449936 78.38226112 31.01511835
91.02910424 78.22855053 31.26596679
91.05381081 78.15046780 31.55457279
91.07851739 78.07238507 31.84317879
91.09616621 78.02770911 32.13667862
91.10461453 78.02658235 32.43655807
91.11306285 78.02545559 32.73643752
91.11528360 78.04280345 33.03385774
91.09758208 78.11925257 33.32341076
91.07027558 78.19582587 33.61213064
91.03971396 78.27244124 33.90056817
91.00915234 78.34905662 34.18900570
90.93486241 78.47300285 34.45177266
90.85991187 78.59766411 34.71415182
90.75107927 78.71803407 34.96631574
90.64012713 78.83813557 35.21784064
90.52917499 78.95823708 35.46936553
90.39606372 79.08230726 35.70697101
90.24931233 79.20882036 35.93600834
90.09473843 79.33691592 36.15802650
89.91204313 79.47070028 36.35481118
89.72934783 79.60448463 36.55159587
89.54665253 79.73826899 36.74838056
89.31648205 79.85670079 36.89973344
89.08539647 79.97483665 37.05021062
88.85524714 80.09747656 37.19843205
88.62586127 80.22378936 37.34481398
88.39647541 80.35010215 37.49119591
88.18155713 80.51056964 37.62468946
87.96888901 80.67634928 37.75617845
87.75622090 80.84212892 37.88766745
87.54459065 81.02069041 38.00219561
87.33344635 81.20523663 38.10878235
87.12393908 81.39292004 38.21262480
86.92245136 81.59597205 38.30302343
86.72096364 81.79902406 38.39342206
86.51188406 82.00401963 38.45098397
86.29648094 82.21063408 38.48119501
86.08107783 82.41724853 38.51140604
85.85198843 82.60649224 38.55267134
85.62285574 82.79568101 38.59397161
85.37521726 82.95159878 38.64199376
85.10208640 83.06168456 38.69927555
84.82895553 83.17177034 38.75655733
84.55103926 83.27018604 38.80165036
84.25688526 83.32900304 38.80538473
83.96273127 83.38782004 38.80911909
83.66904168 83.43103019 38.77557741
83.37556657 83.46703222 38.72481955
83.08209146 83.50303425 38.67406169
82.78709309 83.53945241 38.63914914
82.48950478 83.57657811 38.63117762
82.19191647 83.61370382 38.62320609
81.89454153 83.64966523 38.61205350
81.59996695 83.67034644 38.55915232
81.30539237 83.69102765 38.50625114
81.01027230 83.70177461 38.45696825
80.71339844 83.68058223 38.41931849
80.41652459 83.65938985 38.38166872
80.12872452 83.60443971 38.34219312
79.86013278 83.47802770 38.29885243
79.59154103 83.35161569 38.25551174
79.33008938 83.21481907 38.20407304
79.07767473 83.06487895 38.14238493
78.82526008 82.91493884 38.08069683
78.57308207 82.76230549 38.03208409
78.32189513 82.59839262 38.03823218
78.07070819 82.43447975 38.04438028
