#spline3d 286
56.23389816 86.91580200 2.77586007
56.45232079 86.79768551 2.94420512
56.67396164 86.69031347 3.11505258
56.89944595 86.59577324 3.28888859
57.12493025 86.50123300 3.46272461
57.35268401 86.40697462 3.63363108
57.58611251 86.31342099 3.79721231
57.82057417 86.21955920 3.95895880
58.06775027 86.12190518 4.09812660
58.31492637 86.02425116 4.23729440
58.57558578 85.93670867 4.35568651
58.84333421 85.85448245 4.46315555
59.12215272 85.77565090 4.53446682
59.40834757 85.69908133 4.58168499
59.69460057 85.61959278 4.62192170
59.98097724 85.53389734 4.64731310
60.26735390 85.44820190 4.67270451
60.55960008 85.38652768 4.67326472
60.85561315 85.34026961 4.65788896
61.15162623 85.29401154 4.64251320
61.44659875 85.25059793 4.61505163
61.73920971 85.21363981 4.56016138
62.03182068 85.17668168 4.50527113
62.32090955 85.12935894 4.44331513
62.60274350 85.06068690 4.36680490
62.88457745 84.99201485 4.29029467
63.16490742 84.92367173 4.20826314
63.44514436 84.85822229 4.12362253
63.72688373 84.79960900 4.03884325
64.00862309 84.74099571 3.95406398
64.28875758 84.68602420 3.86190630
64.56866757 84.63156212 3.76871649
64.84225641 84.56555340 3.66598862
65.11012822 84.48910156 3.55463426
65.37800003 84.41264973 3.44327990
65.64557058 84.33712949 3.33062044
65.91194709 84.26530166 3.21278822
66.17942916 84.19942533 3.09407981
66.44756147 84.13704945 2.97485607
66.71569379 84.07467357 2.85563233
66.97923655 83.99208857 2.74043251
67.23810422 83.88891775 2.62933160
67.49697189 83.78574693 2.51823070
67.74947590 83.67464332 2.40043103
68.00076908 83.56207461 2.28136268
68.24918383 83.44633445 2.15932003
68.49898059 83.32684747 2.04521720
68.75411434 83.19289128 1.96177585
69.00924808 83.05893508 1.87833450
69.26438182 82.92497888 1.79489315
69.51841543 82.78204961 1.72398598
69.77170340 82.63771003 1.65347175
70.00741324 82.46766317 1.57914273
70.24012684 82.29468800 1.50275003
70.46075447 82.10990096 1.41803305
70.68142347 81.92502523 1.33367593
70.90501027 81.73389181 1.27470994
71.12859707 81.54275840 1.21574394
71.35218387 81.35162498 1.15677794
71.56690999 81.14638104 1.11717433
71.77892934 80.93682661 1.08348556
71.97043355 80.70798232 1.08212606
72.15128329 80.46911992 1.09755666
72.32883870 80.22839683 1.11615953
72.48201991 79.97390681 1.15823349
72.63520112 79.71941680 1.20030744
72.78332173 79.46956872 1.27451002
72.93083136 79.22028108 1.35259158
73.06130185 78.97199832 1.45883330
73.19105405 78.72375793 1.56626211
73.32080625 78.47551754 1.67369092
73.45030726 78.24142315 1.80921566
73.57979244 78.00822028 1.94651109
73.70927761 77.77501741 2.08380651
73.83721653 77.58854918 2.27919062
73.96496460 77.40784899 2.48174411
74.07751612 77.24979035 2.70736616
74.17286217 77.11736633 2.95910629
74.26820823 76.98494231 3.21084643
74.35314019 76.85232183 3.46557410
74.41037349 76.71917880 3.72824783
74.46760679 76.58603578 3.99092156
74.52700464 76.45664603 4.25495754
74.58800991 76.33004354 4.52000515
74.64907389 76.20332181 4.78497365
74.72133187 76.05386548 5.03485661
74.79358985 75.90440914 5.28473958
74.86584782 75.75495280 5.53462255
74.93683086 75.60961413 5.78726496
75.00733437 75.46582419 6.04094525
75.04048683 75.33211077 6.30721367
75.07074095 75.20333680 6.57596656
75.09921696 75.13194018 6.86595175
75.12504024 75.07589591 7.15874616
75.14595805 75.04824160 7.45673543
75.16687586 75.02058729 7.75472470
75.18527496 75.03218318 8.05344695
75.20319877 75.05118579 8.35230751
75.21512172 75.09055597 8.64928789
75.22558625 75.13487618 8.94581132
75.23605078 75.17919640 9.24233474
75.24062013 75.20675409 9.54081173
75.24276805 75.22742660 9.84009115
75.24491597 75.24809911 10.13937056
75.23627541 75.28006022 10.43718712
75.21846182 75.32161962 10.73375986
75.20064823 75.36317902 11.03033261
75.18514648 75.41255832 11.32565476
75.17324835 75.47412697 11.61902751
75.16135022 75.53569561 11.91240026
75.15112109 75.59835011 12.20557107
75.14942948 75.66655905 12.49770888
75.14668660 75.73481467 12.78977487
75.11472636 75.80436762 13.07984509
75.08276612 75.87392057 13.36991532
75.05128749 75.94359849 13.65998105
75.05047536 76.02123403 13.94976070
75.04966324 76.09886958 14.23954034
75.04885111 76.17650512 14.52931998
75.07593174 76.27081134 14.81237155
75.10947055 76.36897743 15.09386533
75.14300936 76.46714351 15.37535911
75.18594756 76.58474103 15.64697590
75.23808612 76.72135849 15.90892484
75.29022467 76.85797595 16.17087379
75.34902204 76.98768801 16.43472183
75.41490342 77.11005373 16.70059024
75.48078480 77.23241945 16.96645866
75.56255246 77.35508064 17.22719394
75.66057090 77.47804407 17.48267831
75.75858933 77.60100751 17.73816268
75.86399834 77.71992189 17.99237313
75.98213635 77.83186245 18.24438949
76.10780993 77.94363227 18.49197983
76.27414188 78.05448088 18.71568950
76.44047384 78.16532949 18.93939916
76.61602909 78.26415876 19.16129663
76.79849239 78.35398578 19.38183680
76.98875123 78.42757505 19.59965447
77.20112661 78.45509656 19.80974816
77.41350199 78.48261807 20.01984185
77.62583676 78.50812504 20.22974530
77.83614914 78.43331510 20.43017509
78.04646152 78.35850517 20.63060487
78.25710092 78.28227323 20.82977691
78.48097235 78.14850590 20.97805890
78.70484378 78.01473858 21.12634089
78.92871521 77.88097125 21.27462288
79.11934647 77.69178050 21.40224430
79.29857387 77.48357539 21.52277759
79.47420858 77.26911714 21.63483037
79.63232251 77.02416372 21.70552549
79.79043643 76.77921029 21.77622061
79.94806358 76.53333908 21.84405387
80.10045672 76.27759931 21.88111491
80.25284986 76.02185954 21.91817595
80.40605375 75.76531624 21.93703175
80.56013151 75.50790687 21.93626489
80.71420927 75.25049749 21.93549802
80.83063949 74.97504555 21.91884044
80.94155286 74.69694967 21.89985425
81.03496317 74.41530342 21.86584396
81.10289352 74.12848876 21.80996246
81.17082388 73.84167410 21.75408097
81.22775592 73.55531038 21.69010424
81.24572368 73.27054420 21.59744811
81.26369145 72.98577803 21.50479198
81.27015419 72.70803498 21.39559986
81.25402442 72.44408330 21.25393587
81.21646140 72.18951152 21.10080860
81.16834587 71.93955787 20.94203748
81.08819641 71.70943604 20.76861691
80.99735290 71.48593478 20.59030584
80.90650938 71.26243351 20.41199477
80.78734363 71.06263612 20.22285546
80.66613520 70.86454832 20.03293519
80.51603737 70.67250995 19.86412834
80.31996110 70.49009945 19.72892418
80.12388483 70.30768894 19.59372002
79.90404498 70.15909337 19.45384473
79.68386293 70.01098474 19.31390218
79.45673989 69.85761741 19.19196604
79.22917906 69.70391839 19.07116563
79.00161823 69.55021938 18.95036521
78.78548102 69.36803871 18.85054866
78.56542827 69.19050200 18.75110860
78.33503292 69.02816244 18.64832954
78.10463756 68.86582289 18.54555048
77.87190516 68.70196450 18.45147031
77.63540222 68.53565564 18.37142472
77.39596641 68.37012854 18.30212830
77.14550752 68.20753962 18.27323230
76.89504862 68.04495070 18.24433631
76.64458973 67.88236178 18.21544032
76.39704652 67.72058396 18.26020100
76.14979663 67.55888774 18.31237159
75.93732531 67.37267191 18.40587170
75.73905709 67.17644259 18.51625025
75.54078888 66.98021327 18.62662879
75.36009261 66.77157977 18.74226403
75.19549284 66.55158362 18.86271458
75.03089306 66.33158747 18.98316512
74.88824908 66.10582936 19.11893100
74.75302830 65.87812314 19.25987496
74.65280944 65.65129475 19.41987139
74.61661317 65.42607203 19.61471703
74.58041690 65.20084930 19.80956267
74.58947826 65.01017869 20.03274989
74.64049732 64.85154084 20.28221216
74.69151638 64.69290299 20.53167444
74.76178992 64.54617880 20.78045076
74.89375812 64.43762798 21.02702915
75.04475844 64.34225224 21.26429752
75.25097225 64.28509833 21.47455690
75.45718606 64.22794442 21.68481627
75.66805354 64.18326270 21.89114779
75.90224316 64.20108604 22.07779463
76.13643277 64.21890938 22.26444147
76.36545315 64.27473246 22.44671428
76.59027445 64.36142358 22.62543397
76.81509575 64.44811471 22.80415366
77.06391327 64.53939643 22.94154651
77.32190909 64.63243401 23.06313228
77.57586937 64.73862506 23.18167668
77.82626020 64.85645037 23.29753098
78.07665103 64.97427568 23.41338528
78.31832621 65.10840713 23.52621237
78.53833897 65.28306693 23.63151547
78.75835173 65.45772672 23.73681857
78.96869033 65.64320065 23.84046509
79.15114128 65.85984845 23.93933620
79.33359222 66.07649624 24.03820730
79.51402582 66.29383467 24.13919731
79.69257952 66.51181668 24.24216184
79.87113323 66.72979869 24.34512638
80.00925089 66.96873499 24.45923411
80.13243248 67.21541130 24.57745786
80.25561408 67.46208760 24.69568160
80.36351644 67.71783700 24.80828386
80.45953666 67.98064224 24.91651447
80.54805418 68.24694607 25.02043890
80.59805687 68.53120977 25.10225770
80.64805957 68.81547347 25.18407649
80.67996011 69.09789101 25.27554318
80.67530020 69.37657992 25.38649549
80.67064028 69.65526882 25.49744780
80.66445946 69.93405739 25.60783142
80.62734301 70.21487317 25.70664781
80.59022656 70.49568894 25.80546420
80.55311011 70.77650471 25.90428059
80.51469494 71.06679519 25.96901781
80.47621319 71.35757140 26.03200789
80.43773145 71.64834762 26.09499797
80.36977737 71.93150242 26.16685515
80.30060427 72.21434199 26.23907909
80.21558765 72.47946068 26.34938706
80.12807776 72.74179066 26.46568825
80.00963474 72.99548146 26.57244433
79.88526069 73.24751580 26.67737027
79.76088665 73.49955015 26.78229620
79.62239902 73.74202111 26.89137733
79.47793780 73.98044434 27.00221716
79.33347658 74.21886758 27.11305699
79.14982256 74.42559038 27.22473077
78.94973677 74.61902260 27.33675418
78.74965097 74.81245483 27.44877759
78.51463006 74.96632356 27.53963629
78.24899116 75.08551789 27.61194572
77.98335225 75.20471222 27.68425514
77.70665498 75.28631304 27.74568804
77.40985956 75.29958914 27.78735327
77.11306413 75.31286525 27.82901851
76.81927852 75.30025918 27.88497854
76.52685492 75.27594078 27.94740732
76.23443132 75.25162237 28.00983610
75.94234448 75.21361323 28.06390123
75.65067267 75.15873154 28.10765894
75.38526404 75.02256541 28.13487090
75.12081379 74.88343305 28.16147908
74.85534270 74.74876140 28.19620856
74.58772906 74.62345179 28.24798286
74.32251224 74.49711987 28.30523942
74.08475553 74.35907531 28.42530606
73.84699882 74.22103075 28.54537270
73.60924212 74.08298620 28.66543934
73.41043961 73.96209962 28.85345926
