#spline3d 256
130.32099915 108.79000092 3.18731999
130.43477979 108.80644381 3.46441851
130.55443199 108.82352196 3.73891160
130.68045797 108.84128968 4.01057640
130.80685970 108.85718639 4.28207560
130.93920980 108.84346419 4.55095316
131.07155989 108.82974200 4.81983073
131.20390998 108.81601980 5.08870830
131.30623145 108.79025079 5.36894921
131.40009273 108.76108774 5.65239161
131.50481487 108.74412407 5.93265847
131.61722489 108.73579575 6.21067753
131.73432652 108.72073481 6.48585942
131.87229395 108.67573075 6.74842305
132.01026138 108.63072669 7.01098669
132.14065001 108.57702677 7.27549111
132.26258913 108.51363195 7.54215931
132.38452824 108.45023712 7.80882750
132.49938568 108.39210807 8.07902373
132.58109824 108.35862481 8.36573249
132.66281080 108.32514155 8.65244125
132.74452336 108.29165829 8.93915001
132.79953840 108.24342573 9.22995127
132.85225248 108.19392198 9.52110525
132.90496656 108.14441823 9.81225923
132.95384796 108.05838106 10.09487950
133.00182912 107.96376264 10.37549530
133.04981028 107.86914423 10.65611111
133.08099114 107.72959730 10.91881826
133.10871491 107.58080520 11.17784025
133.13807453 107.43110510 11.43614486
133.17014588 107.27989984 11.69326030
133.20221723 107.12869457 11.95037573
133.22863774 106.97430278 12.20605453
133.24309607 106.81316548 12.45869213
133.25755440 106.65202817 12.71132972
133.27198547 106.49086387 12.96394586
133.24518597 106.28884530 13.18410567
133.21838646 106.08682673 13.40426548
133.18768187 105.88432020 13.62306489
133.11751654 105.67688289 13.82811755
133.04735121 105.46944558 14.03317022
132.96993185 105.26186589 14.23455109
132.85272882 105.05350527 14.41579455
132.73552579 104.84514465 14.59703801
132.62291922 104.61092678 14.74095067
132.51417545 104.35497895 14.85349120
132.39722610 104.09704878 14.95038480
132.26972509 103.83656947 15.02715779
132.13157741 103.58044549 15.09586970
131.96135118 103.33744415 15.14029349
131.79112496 103.09444282 15.18471729
131.61845989 102.85351658 15.22979207
131.42074515 102.63390402 15.28155333
131.22303041 102.41429146 15.33331459
131.02531567 102.19467891 15.38507585
130.77747923 102.02956022 15.41537844
130.52631345 101.86806130 15.44425562
130.27262362 101.70899268 15.43433610
130.01853445 101.55030856 15.41827852
129.76089438 101.39876528 15.39359456
129.50204525 101.24965339 15.36597341
129.24319612 101.10054150 15.33835226
128.98422267 100.95067415 15.31767422
128.72513456 100.80011004 15.30339978
128.46604645 100.64954594 15.28912535
128.20698829 100.50584413 15.25072120
127.94796649 100.37047001 15.18303460
127.69223010 100.24049605 15.09811306
127.44130883 100.11843658 14.98793188
127.19038756 99.99637711 14.87775069
126.93742040 99.87728005 14.76963413
126.66850934 99.78126952 14.67760747
126.39959828 99.68525898 14.58558080
126.13014422 99.59049820 14.49394460
125.85588642 99.50679357 14.40576267
125.58164282 99.42304709 14.31758457
125.31784325 99.30849019 14.23222418
125.05404368 99.19393328 14.14686379
124.78539235 99.10837593 14.04573922
124.51551989 99.03011737 13.94064702
124.24777671 98.94624887 13.83508966
123.98810100 98.84112529 13.72776987
123.72842530 98.73600171 13.62045008
123.46919484 98.63027301 13.51280075
123.23154439 98.49521621 13.38917973
122.99389394 98.36015941 13.26555870
122.73822105 98.24601218 13.16021448
122.47425475 98.14148693 13.06328071
122.21028846 98.03696168 12.96634695
121.93856751 97.94099995 12.88303624
121.66640276 97.84552832 12.80050519
121.39280342 97.75036319 12.72643756
121.10752139 97.65769407 12.72129271
120.82223937 97.56502495 12.71614785
120.53695734 97.47235583 12.71100299
120.25642547 97.36642890 12.70398717
119.97664484 97.25840527 12.69667545
119.69257839 97.16317887 12.69666456
119.40417956 97.08088877 12.70403383
119.11493840 97.00191516 12.71253233
118.82372216 96.93071807 12.72367866
118.53302258 96.85818000 12.73799113
118.24348756 96.78261942 12.75943998
117.95395253 96.70705884 12.78088883
117.68209676 96.62248709 12.87428488
117.41093599 96.53756109 12.97050935
117.13977523 96.45263509 13.06673382
116.90274472 96.37135801 13.22700061
116.67557311 96.29113496 13.40576672
116.44848415 96.21939188 13.58723338
116.22176391 96.18548075 13.78074810
115.99504367 96.15156961 13.97426281
115.77021631 96.11645006 14.16948587
115.57087761 96.06505870 14.38771259
115.37153892 96.01366734 14.60593931
115.17220022 95.96227597 14.82416603
114.99477050 95.88775172 15.05377334
114.82203908 95.80826670 15.28582118
114.65056757 95.72669448 15.51788506
114.49818258 95.61350277 15.75019201
114.34830244 95.50052089 15.98391168
114.24247401 95.39122910 16.24247612
114.13664558 95.28193730 16.50104057
114.04777677 95.15663134 16.75781970
113.97660417 95.01795903 17.01381988
113.95435692 94.88315416 17.28090084
113.93210967 94.74834929 17.54798181
113.91746338 94.61720089 17.81735612
113.90508223 94.48714215 18.08741387
113.89270108 94.35708341 18.35747162
113.89880037 94.19804723 18.61160455
113.90601179 94.03726723 18.86477914
113.91663914 93.87248719 19.11488336
113.94403144 93.68807544 19.34991861
113.97142374 93.50366369 19.58495386
113.99198031 93.32538370 19.82505470
114.00352646 93.15518619 20.07183265
114.01469155 92.98198730 20.31648004
114.02515693 92.80327735 20.55721535
114.03562232 92.62456741 20.79795066
114.06906159 92.42970465 21.02323842
114.10599113 92.23238791 21.24617933
114.14292067 92.03507116 21.46912024
114.15015082 91.81976205 21.67693812
114.14906255 91.59941351 21.88052023
114.14793981 91.37863102 22.08358981
114.14552780 91.14162043 22.26749268
114.14311580 90.90460984 22.45139556
114.12572435 90.67775796 22.64595905
114.09540140 90.45967592 22.84972565
114.06507846 90.24159388 23.05349226
114.05129664 90.04827522 23.28112287
114.04458365 89.86553914 23.51895173
114.02216740 89.66166648 23.73478969
113.98177213 89.43359403 23.92544974
113.94137686 89.20552158 24.11610978
113.89440973 88.96841841 24.29197858
113.83507829 88.71432486 24.44001912
113.77574685 88.46023131 24.58805966
113.70224112 88.20665239 24.73046423
113.62778079 87.95310813 24.87248924
113.56620965 87.68904489 24.99947548
113.50768485 87.41970593 25.11697561
113.41693822 87.16177331 25.24040908
113.32619158 86.90384069 25.36384254
113.23618638 86.64397568 25.48337429
113.14927275 86.37605308 25.58663689
113.06235912 86.10813048 25.68989948
112.97903852 85.83469626 25.78043755
112.89736822 85.55873050 25.86513116
112.81569792 85.28276475 25.94982476
112.73127613 85.00890618 26.03839517
112.64384022 84.73735593 26.13121245
112.55640431 84.46580568 26.22402972
112.45696364 84.19757323 26.31400578
112.35260608 83.93069969 26.40281815
112.24205346 83.66202614 26.47735451
112.13057180 83.39308265 26.54974996
112.00811946 83.13044471 26.62671059
111.87938924 82.87141507 26.70628360
111.75065903 82.61238544 26.78585662
111.59758634 82.38289245 26.90233145
111.44162408 82.15690562 27.02318672
111.28566182 81.93091879 27.14404199
111.13239914 81.69175530 27.23907868
110.98002619 81.44824908 27.32560612
110.82765323 81.20474286 27.41213357
110.63671001 81.00705091 27.52258069
110.42480547 80.83425709 27.64602715
110.21290093 80.66146328 27.76947361
109.98136733 80.53587950 27.90690016
109.73771277 80.43944794 28.05295942
109.49405822 80.34301638 28.19901868
109.26633638 80.26791267 28.37624398
109.04898334 80.20668885 28.57375174
108.83163030 80.14546503 28.77125951
108.62435912 80.09426273 28.98142052
108.42403015 80.04996109 29.20029438
108.20957375 79.99065205 29.40117788
107.99252778 79.92859212 29.59876371
107.77240251 79.90632894 29.80003491
107.55124417 79.89741713 30.00254250
107.33723476 79.89502285 30.21206086
107.13806143 79.90615434 30.43612861
106.94575346 79.93723659 30.66024869
106.78154406 80.04997360 30.88458295
106.61733465 80.16271062 31.10891722
106.48415655 80.27682288 31.34956256
106.38455315 80.39242311 31.60785586
106.29267848 80.51147701 31.86633262
106.26275436 80.65821423 32.12627985
106.24595169 80.81438881 32.38056944
106.25886257 80.99193432 32.62204731
106.28085628 81.17591177 32.85666444
106.33600666 81.38336879 33.06623663
106.39115703 81.59082581 33.27580881
106.44922565 81.80123808 33.48124973
106.51998570 82.02450275 33.66872380
106.59074575 82.24776742 33.85619788
106.68910362 82.46806277 34.03196775
106.81486294 82.68540993 34.19611669
106.94296118 82.90231817 34.35876984
107.09641238 83.11446862 34.50520910
107.24986359 83.32661907 34.65164836
107.42944674 83.52494173 34.78720786
107.61011780 83.72268872 34.92231441
107.79035047 83.91137825 35.06935831
107.97001625 84.08835607 35.23183775
108.14968204 84.26533389 35.39431718
108.34348065 84.45370258 35.52373044
108.53938668 84.64376984 35.64821301
108.74764874 84.81869816 35.77342411
108.96721918 84.97977113 35.89930198
109.20454768 85.11399312 36.02156327
109.45393041 85.22998856 36.14136962
109.70331313 85.34598401 36.26117597
109.97420710 85.41686943 36.36733330
110.24767925 85.48234831 36.47185476
110.52115139 85.54782720 36.57637622
110.78530254 85.59305971 36.71084275
111.04880281 85.63687843 36.84740035
111.30624145 85.67485993 36.99439202
111.54085815 85.69086441 37.18066781
111.77547486 85.70686888 37.36694361
112.01032580 85.71529539 37.55324097
112.24545094 85.71485155 37.73956355
112.48057608 85.71440771 37.92588614
112.68275230 85.66265040 38.14124259
112.88444145 85.61013454 38.35702824
113.08613061 85.55761869 38.57281388
113.26588459 85.50289475 38.80639403
113.44197464 85.44780198 39.04294649
113.61760337 85.39097112 39.27937998
113.78983705 85.32134869 39.51493803
113.96207073 85.25172627 39.75049607
