#spline3d 240
118.37599945 79.34839630 2.25317001
118.14244037 79.17933890 2.33256554
117.89954077 79.01662795 2.39983316
117.65664117 78.85391701 2.46710078
117.41307123 78.69294261 2.53604457
117.16868137 78.53409220 2.60703850
116.92429151 78.37524179 2.67803243
116.68228623 78.20898185 2.73888866
116.44155939 78.03874950 2.79430983
116.20083255 77.86851715 2.84973101
115.94920897 77.70709773 2.86973677
115.69586444 77.54707017 2.88414926
115.44246006 77.38712868 2.89808837
115.18634813 77.23108159 2.89060894
114.93023619 77.07503449 2.88312951
114.67046793 76.92741310 2.86407071
114.40458854 76.79387427 2.82565835
114.13870915 76.66033544 2.78724598
113.88460791 76.50662703 2.74759719
113.63554968 76.34428269 2.70741901
113.38649146 76.18193835 2.66724083
113.12493230 76.03817788 2.63898300
112.86132280 75.89797547 2.60998390
112.59813409 75.75785031 2.57686799
112.33494539 75.61772514 2.54375208
112.06766192 75.48621492 2.50828459
111.80009669 75.35529751 2.47265529
111.54418713 75.20258480 2.43988989
111.29045358 75.04580311 2.40765915
111.03672002 74.88902143 2.37542841
110.77938861 74.73869441 2.34119782
110.52140930 74.58952972 2.30660711
110.26365300 74.43992939 2.27237533
110.01168366 74.27902433 2.24745747
109.75971432 74.11811926 2.22253962
109.50682440 73.95810177 2.22696190
109.25348461 73.79851801 2.24572209
109.00014482 73.63893424 2.26448228
108.74941483 73.47519124 2.28156771
108.50166901 73.30669236 2.29673814
108.25392318 73.13819348 2.31190857
108.02237864 72.94939431 2.33239129
107.79826772 72.75128079 2.35531145
107.57415680 72.55316727 2.37823161
107.34898407 72.35923956 2.41626143
107.12276637 72.16943127 2.46916118
106.89654868 71.97962297 2.52206093
106.68571150 71.77443765 2.57839403
106.48354379 71.56058483 2.63666238
106.28215714 71.34705729 2.69836013
106.08345017 71.13464567 2.77182360
105.88474321 70.92223405 2.84528706
105.68603624 70.70982244 2.91875053
105.49760405 70.51305689 3.04371839
105.30971828 70.31712341 3.17142528
105.14262882 70.10302717 3.29767021
104.98386655 69.88165826 3.42332976
104.82510428 69.66028935 3.54898931
104.68701517 69.44672583 3.70625321
104.55713036 69.23625994 3.87605952
104.42724554 69.02579404 4.04586584
104.30493017 68.84239544 4.24773910
104.18532542 68.66868968 4.46109560
104.06572068 68.49498392 4.67445210
103.97954349 68.32276596 4.90312354
103.90876510 68.15123337 5.13884997
103.83798671 67.97970078 5.37457641
103.77145049 67.82542879 5.62239325
103.70821791 67.68459863 5.87962560
103.64498532 67.54376848 6.13685795
103.58413633 67.41626487 6.40053639
103.52873535 67.31922078 6.67894822
103.47333437 67.22217669 6.95736005
103.43673441 67.12800428 7.23935178
103.41381875 67.03592201 7.52394915
103.41974657 66.95491755 7.81021669
103.46947719 66.89073628 8.09902062
103.51920780 66.82655502 8.38782455
103.58738109 66.78379076 8.67474699
103.68311993 66.77303769 8.95885725
103.77885876 66.76228463 9.24296751
103.88958714 66.78170636 9.52074126
104.00291312 66.80635720 9.79741693
104.11623910 66.83100804 10.07409260
104.23437637 66.85436508 10.34884211
104.35430642 66.87724002 10.62287391
104.47423646 66.90011496 10.89690571
104.57283070 66.93956649 11.17648453
104.65576510 66.99118475 11.46013469
104.73869949 67.04280301 11.74378486
104.82105827 67.11616171 12.02102263
104.87135131 67.22928891 12.29359659
104.91018679 67.34187683 12.56894338
104.94902227 67.45446475 12.84429016
104.97712797 67.62117953 13.09096300
105.00200983 67.79872260 13.33144890
105.02401476 67.98127695 13.56849225
105.04857202 68.16367492 13.80536854
105.07990844 68.34565754 14.04180109
105.11124487 68.52764017 14.27823365
105.14909113 68.71738838 14.50667369
105.20172570 68.92477756 14.71695723
105.25474487 69.13286940 14.92631357
105.32224283 69.36741391 15.10076376
105.37760325 69.60680066 15.27234255
105.42007691 69.85132856 15.44087269
105.46255056 70.09585646 15.60940284
105.50249142 70.34598922 15.76842430
105.53155572 70.62019076 15.88661289
105.56062003 70.89439229 16.00480148
105.55337692 71.16971751 16.11883394
105.51517146 71.44600098 16.22932212
105.47696601 71.72228445 16.33981030
105.43099926 71.98930118 16.46575919
105.37040265 72.23885033 16.62085109
105.30980605 72.48839949 16.77594299
105.17825578 72.70622941 16.92796134
105.02166406 72.91286477 17.07889496
104.86507233 73.11950012 17.22982858
104.65698764 73.24472831 17.40593717
104.44887845 73.36991777 17.58205773
104.24076925 73.49510723 17.75817830
104.01057113 73.54045695 17.94295280
103.77779270 73.57648021 18.12873820
103.54144611 73.58735721 18.31008537
103.29900769 73.55530255 18.48385524
103.05656926 73.52324788 18.65762510
102.81573431 73.47870514 18.82847747
102.58280701 73.37257651 18.98494202
102.34987971 73.26644787 19.14140658
102.14570278 73.11111237 19.29372187
101.95017802 72.94096849 19.44478849
101.76440901 72.76002533 19.59340325
101.60833747 72.54620809 19.73455433
101.45226593 72.33239084 19.87570541
101.29819821 72.11710693 20.01632683
101.18807044 71.86966192 20.14533393
101.07794267 71.62221691 20.27434103
100.97392551 71.37177857 20.40117134
100.91482534 71.09933721 20.51200085
100.85572517 70.82689586 20.62283036
100.80012303 70.54694842 20.70902394
100.75026228 70.25468110 20.75478206
100.70040152 69.96241377 20.80054019
100.67899652 69.66463636 20.80049499
100.66602458 69.36522599 20.78687568
100.70161198 69.07073251 20.74521117
100.74135967 68.77666028 20.70114392
100.78110735 68.48258805 20.65707666
100.81815259 68.19043859 20.60040116
100.85417769 67.89901495 20.53896621
100.89020279 67.60759131 20.47753126
100.95448191 67.32400612 20.40821433
101.03845313 67.04588407 20.33340391
101.12242435 66.76776201 20.25859350
101.21834869 66.49432491 20.18228825
101.32915955 66.22672249 20.10412132
101.43997041 65.95912006 20.02595440
101.55924619 65.69775171 19.94020328
101.68389611 65.44034118 19.84963718
101.80854603 65.18293066 19.75907108
101.95270798 64.93826074 19.66392858
102.10731130 64.70040863 19.56633712
102.26191462 64.46255653 19.46874567
102.42478268 64.22791850 19.37707870
102.58881456 63.99373307 19.28624602
102.75495286 63.75995368 19.19844237
102.92652129 63.52722103 19.11844734
103.08764307 63.29553204 19.01716939
103.24685810 63.06403354 18.91200684
103.40607312 62.83253505 18.80684428
103.56192116 62.58379838 18.74833700
103.71204995 62.32889940 18.70103452
103.83558179 62.05716159 18.67105408
103.95911363 61.78542378 18.64107365
104.07859182 61.51254850 18.63941092
104.19183039 61.23792237 18.68133629
104.30506897 60.96329624 18.72326166
104.41566680 60.68928919 18.77119148
104.50246524 60.42086150 18.87323563
104.58926369 60.15243381 18.97527978
104.66833090 59.92154371 19.14817452
104.74674754 59.69381231 19.32703118
104.77437556 59.48600477 19.53812448
104.78312419 59.28560342 19.76120096
104.79187281 59.08520208 19.98427744
104.75805661 58.94666328 20.24620714
104.71794986 58.81726701 20.51387887
104.65981422 58.71091953 20.78465592
104.56024042 58.65754812 21.06257036
104.46066662 58.60417671 21.34048479
104.35924417 58.55457751 21.61762416
104.21253236 58.59739253 21.87577562
104.06582055 58.64020755 22.13392708
103.91910873 58.68302256 22.39207854
103.77474514 58.79428378 22.62873946
103.63073316 58.91579398 22.86218244
103.48552152 59.04325894 23.09026010
103.32849882 59.22935010 23.26551494
103.17147613 59.41544126 23.44076978
103.01462590 59.60161571 23.61607921
102.87512657 59.79616975 23.79688043
102.73562725 59.99072379 23.97768166
102.60626294 60.19830726 24.15025940
102.48855665 60.42087810 24.31337788
102.37641330 60.64652267 24.47532174
102.30192419 60.89297254 24.62931492
102.22743508 61.13942240 24.78330810
102.15294598 61.38587226 24.93730129
102.09580201 61.64241860 25.08160444
102.04197141 61.90089363 25.22405656
101.98814082 62.15936867 25.36650868
101.97538419 62.41765575 25.51392885
101.99603271 62.67578998 25.66538952
102.01668122 62.93392421 25.81685018
102.05402813 63.19024736 25.96540712
102.13934155 63.44136817 26.10562304
102.22465497 63.69248897 26.24583896
102.32398566 63.93350327 26.39279494
102.44164959 64.16129925 26.54856627
102.56223883 64.38603589 26.70623726
102.69533034 64.59769746 26.87202709
102.82842185 64.80935903 27.03781692
102.96286642 64.98372155 27.24111323
103.09740417 65.15551507 27.44699284
103.23194193 65.32730858 27.65287245
103.39586955 65.49311100 27.83958694
103.57777105 65.65524944 28.01458067
103.75967256 65.81738789 28.18957440
103.94949903 65.96264824 28.36917278
104.15242286 66.08001463 28.55638114
104.35534668 66.19738102 28.74358950
104.55463846 66.30342663 28.93913021
104.74012678 66.36644802 29.16633777
104.91645518 66.40729336 29.40414107
105.08359811 66.42590078 29.65256970
105.25074104 66.44450819 29.90099833
105.40288451 66.45657496 30.15840060
105.53562901 66.46018264 30.42740860
105.66837351 66.46379033 30.69641661
