#spline3d 225
124.83100128 97.77519989 6.75108004
124.63517885 97.54934046 6.77639985
124.43935643 97.32348103 6.80171967
124.23194598 97.11032210 6.83823435
124.01873063 96.90352535 6.88035698
123.80551528 96.69672860 6.92247961
123.59746184 96.48377304 6.95631572
123.39788518 96.26070356 6.97654381
123.19830853 96.03763408 6.99677191
122.99192138 95.82058977 7.00579293
122.77851303 95.60975703 7.00326016
122.56510468 95.39892430 7.00072739
122.34930722 95.19142323 7.00729537
122.12555791 94.99501117 7.04415398
121.90180860 94.79859912 7.08101259
121.67771704 94.60271984 7.11847671
121.44884245 94.41428615 7.16440306
121.21996786 94.22585246 7.21032941
121.00237770 94.02775809 7.26738355
120.78996306 93.82523293 7.32954137
120.57105017 93.62944771 7.39018732
120.34727009 93.43871070 7.44970087
120.12636401 93.24489670 7.50995555
119.90640058 93.05007346 7.57045332
119.68959505 92.86124089 7.65557017
119.47323891 92.67326083 7.74419050
119.25968198 92.49606968 7.85777933
119.04647827 92.32023990 7.97451873
118.83327455 92.14441012 8.09125814
118.60772343 91.98302580 8.20499425
118.37730607 91.82733457 8.31754673
118.14688871 91.67164334 8.43009921
117.92830690 91.52451967 8.57229112
117.71360552 91.38020500 8.72420068
117.49890414 91.23589033 8.87611024
117.28855401 91.10449013 9.04424695
117.08030452 90.97932457 9.22021753
116.87205502 90.85415901 9.39618811
116.67416220 90.74953959 9.59558447
116.47755875 90.64747810 9.79789727
116.25980597 90.57253111 9.98997445
116.04085323 90.49912253 10.18147090
115.82737316 90.42525149 10.37828915
115.63559376 90.34954671 10.59620981
115.44381435 90.27384192 10.81413047
115.25203494 90.19813713 11.03205113
115.07360359 90.12674386 11.26234992
114.89622630 90.05569105 11.49362618
114.71888079 89.98476664 11.72495935
114.54639471 89.93347939 11.96499714
114.37390863 89.88219214 12.20503493
114.19983197 89.83089616 12.44387623
114.01739610 89.77955433 12.67642944
113.83496023 89.72821250 12.90898265
113.65252436 89.67687067 13.14153585
113.49701626 89.64963886 13.39654462
113.34219254 89.62301982 13.65212410
113.18736881 89.59640077 13.90770359
113.03939479 89.57040742 14.16732155
112.89426011 89.54467343 14.42861355
112.76164562 89.51815926 14.69624456
112.63434810 89.49131378 14.96656756
112.50784939 89.46509606 15.23725945
112.40628889 89.45847659 15.51946787
112.30472840 89.45185712 15.80167629
112.21001934 89.43427940 16.08574023
112.11647234 89.41484309 16.37011889
112.02292534 89.39540678 16.65449754
111.97262469 89.36462377 16.94852952
111.92372172 89.33347406 17.24287348
111.87753644 89.33144739 17.53684068
111.83594428 89.37864107 17.83017114
111.79123936 89.42155055 18.12320220
111.71412250 89.41985037 18.41311574
111.63759965 89.41331944 18.70296206
111.56334683 89.38832761 18.99255152
111.48676353 89.36395939 19.28149614
111.39062755 89.34482327 19.56503056
111.29449156 89.32568715 19.84856498
111.24667036 89.30168107 20.14334677
111.20352834 89.27720335 20.43921784
111.13962567 89.25051549 20.73097706
111.07202038 89.22343347 21.02200293
111.00720147 89.18914906 21.31272358
110.94725857 89.14226089 21.60291008
110.88731566 89.09537271 21.89309659
110.85410227 89.01516879 22.17848131
110.83564191 88.91657665 22.46121575
110.81718155 88.81798452 22.74395019
110.81122483 88.70781367 23.02224043
110.82064815 88.58340049 23.29506408
110.82941758 88.45577132 23.56633371
110.83586205 88.31670762 23.83207790
110.84076312 88.17379070 24.09478738
110.81445225 87.95295101 24.29612663
110.78814138 87.73211133 24.49746589
110.76191348 87.51104194 24.69850716
110.74840340 87.25476028 24.85386912
110.73489333 86.99847862 25.00923108
110.72183371 86.74101690 25.16215375
110.71818899 86.45889040 25.26409195
110.71454428 86.17676389 25.36603015
110.71036650 85.89424947 25.46628571
110.68708974 85.59783676 25.50625514
110.66381298 85.30142404 25.54622457
110.64029761 85.00503227 25.58462525
110.60501472 84.70967299 25.54566223
110.56973184 84.41431372 25.50669920
110.53444896 84.11895445 25.46773618
110.49346975 83.83304163 25.39081156
110.45009447 83.55110231 25.29791899
110.40671919 83.26916299 25.20502643
110.41239425 82.97556000 25.15133540
110.42868475 82.67943277 25.10612835
110.45173510 82.38467568 25.05904493
110.52379849 82.09985295 24.99835675
110.59586188 81.81503022 24.93766856
110.67728862 81.53340013 24.87592363
110.78160285 81.25957402 24.81159564
110.88591708 80.98574792 24.74726764
110.98458182 80.71308330 24.67034192
111.08318724 80.44043087 24.59328391
111.18219406 80.16764135 24.51732609
111.28529920 79.89345203 24.45260124
111.38840433 79.61926271 24.38787638
111.48796030 79.34186200 24.33275054
111.58447344 79.06170805 24.28585426
111.69410194 78.78613339 24.24676055
111.83019062 78.51979744 24.22340849
111.96627930 78.25346148 24.20005643
112.10681193 77.98993894 24.21871607
112.24848149 77.72713619 24.24812398
112.39015106 77.46433343 24.27753188
112.51112314 77.20405383 24.36277437
112.63003081 76.94402589 24.45358589
112.74893849 76.68399796 24.54439742
112.84259190 76.42379047 24.65734257
112.91911476 76.16346118 24.78530146
113.00727253 75.91131630 24.92127912
113.10248440 75.66413352 25.06211846
113.19769626 75.41695074 25.20295781
113.27561390 75.17853037 25.36298476
113.31921830 74.95749539 25.56108159
113.36282270 74.73646041 25.75917842
113.37937766 74.52963738 25.97325151
113.37038427 74.33623761 26.20241429
113.32674951 74.17224982 26.44542590
113.25012388 74.03627267 26.70162652
113.17349824 73.90029552 26.95782714
113.09099637 73.78280877 27.21922750
112.99305479 73.71390530 27.49429010
112.89511320 73.64500182 27.76935269
112.78811929 73.60576093 28.04370346
112.66472202 73.62027041 28.31676435
112.52333943 73.65480242 28.57716860
112.36146157 73.71215121 28.82314990
112.19214253 73.80326598 29.05015053
112.01564867 73.92693804 29.25884993
111.83801209 74.05337766 29.46458238
111.65184324 74.20048159 29.64816171
111.46567440 74.34758553 29.83174104
111.28149400 74.52558031 29.98715076
111.09717194 74.70798248 30.13791643
110.89907155 74.89445891 30.26433901
110.70097115 75.08093533 30.39076158
110.53963355 75.30403590 30.50916239
110.38065977 75.52949137 30.62704740
110.22178149 75.75497131 30.74498714
110.11113699 75.99280662 30.89056302
110.00049248 76.23064193 31.03613889
109.89007614 76.46875794 31.18134000
109.80136704 76.73358000 31.29088486
109.71265793 76.99840205 31.40042973
109.62329413 77.26137607 31.51366762
109.53258587 77.52055504 31.63448934
109.44187760 77.77973400 31.75531106
109.34693195 78.03182365 31.88621679
109.24451710 78.27141704 32.03489747
109.14210225 78.51101044 32.18357816
109.03695303 78.74800821 32.33437608
108.92660718 78.98007305 32.48919780
108.81626132 79.21213788 32.64401951
108.71869925 79.43933867 32.81196666
108.64444282 79.65767199 33.00384230
108.57018639 79.87600532 33.19571794
108.50102082 80.10096531 33.38154536
108.43554118 80.33072317 33.56299372
108.38272183 80.56978827 33.73548650
108.34166898 80.81750352 33.89965593
108.30358838 81.06798573 34.05974437
108.28165164 81.33349675 34.19766683
108.25971489 81.59900776 34.33558930
108.27867176 81.85743636 34.48346451
108.31981693 82.11202213 34.63673995
108.36096211 82.36660790 34.79001538
108.40188483 82.61342404 34.95494501
108.44257471 82.85210795 35.13207271
108.48326459 83.09079187 35.30920040
108.54289773 83.30215935 35.51091719
108.61447649 83.49630109 35.72813985
108.68605525 83.69044283 35.94536252
108.76538080 83.85471791 36.17805359
108.86145899 83.95440553 36.44419549
108.95753718 84.05409315 36.71033739
109.02416688 84.13653245 36.99055675
109.08385230 84.21589411 37.27357858
109.12210737 84.29499389 37.56042294
109.16036244 84.37409367 37.84726731
109.19752630 84.46683294 38.12961039
109.23310868 84.57933977 38.40542982
109.26869106 84.69184659 38.68124925
109.31384891 84.80201275 38.95652886
109.36346723 84.91108859 39.23155702
109.41410530 85.00841396 39.50993902
109.46791061 85.06924332 39.79873782
109.52445380 85.11280264 40.08841788
109.58984637 85.10054137 40.38094642
109.65523895 85.08828009 40.67347496
109.71766510 85.06299229 40.96539702
109.77603717 85.01990165 41.25649024
109.83440923 84.97681102 41.54758346
109.89599176 84.93032463 41.83725819
109.97571128 84.86465448 42.11891941
110.05543081 84.79898432 42.40058062
110.11246398 84.73351034 42.68760901
