#spline3d 255
118.87500000 82.37409973 2.22941995
118.61520646 82.30970059 2.36491925
118.35541292 82.24530145 2.50041856
118.09698341 82.17636271 2.63618831
117.84026119 82.10174198 2.77229655
117.58353897 82.02712125 2.90840480
117.32751768 81.93489717 3.03466053
117.07150900 81.84235643 3.16073902
116.82027463 81.73232181 3.28021911
116.57542792 81.59888178 3.39087106
116.33058122 81.46544175 3.50152301
116.08708228 81.32621823 3.60617446
115.85063986 81.15671422 3.67940925
115.61026151 80.98928569 3.73556728
115.35683739 80.82873646 3.73512372
115.10341327 80.66818722 3.73468016
114.83920789 80.53154328 3.71155840
114.56612876 80.41457516 3.66977082
114.28791725 80.30775568 3.64857372
114.00285438 80.21448390 3.65486341
113.72005533 80.11551485 3.66395299
113.44459384 79.99807965 3.68211769
113.16913234 79.88064445 3.70028240
112.89705724 79.75561025 3.70672456
112.62990034 79.61953971 3.69614156
112.36274344 79.48346916 3.68555857
112.09720149 79.34406493 3.68123060
111.83273423 79.20244228 3.68106511
111.56826697 79.06081962 3.68089963
111.29967675 78.93064462 3.70388954
111.02876513 78.80691519 3.73991702
110.75649657 78.68558673 3.77265989
110.47853509 78.57433145 3.79162232
110.20057361 78.46307617 3.81058475
109.92156108 78.35442586 3.82877363
109.64053677 78.25076169 3.84548186
109.35951245 78.14709751 3.86219010
109.09090062 78.02877277 3.91655671
108.82847902 77.90313665 3.98970396
108.56605742 77.77750053 4.06285121
108.29856943 77.66315904 4.13552610
108.02795942 77.55577751 4.20790993
107.75734941 77.44839598 4.28029376
107.48450821 77.34524905 4.35006395
107.20787593 77.24929722 4.41539327
106.93613748 77.14815323 4.49141788
106.66879303 77.04234740 4.57704540
106.40144858 76.93654156 4.66267292
106.14352759 76.82310442 4.76480701
105.88959124 76.70644043 4.87392079
105.63565490 76.58977644 4.98303458
105.37905572 76.48448577 5.09702342
105.12117157 76.38468336 5.21336474
104.86833034 76.29111394 5.34413055
104.61949519 76.20249599 5.48635513
104.37198253 76.11264782 5.62986409
104.14328588 76.00529669 5.79164688
103.91458923 75.89794556 5.95342967
103.69129870 75.79297806 6.12340709
103.48023815 75.69340291 6.31192277
103.26917760 75.59382776 6.50043844
103.07445568 75.50507272 6.70966207
102.88840519 75.42206025 6.92987606
102.70235471 75.33904778 7.15009006
102.52810465 75.26471942 7.38247345
102.35744025 75.19302979 7.61855460
102.19709066 75.14589313 7.86627325
102.04530973 75.11915293 8.12365930
101.89352880 75.09241273 8.38104535
101.75456136 75.05517447 8.64305159
101.64393800 74.99471395 8.91527789
101.53331464 74.93425343 9.18750420
101.44125576 74.86923961 9.46392707
101.39228549 74.79365744 9.75009030
101.34331523 74.71807528 10.03625353
101.29458427 74.64279357 10.32251643
101.26355431 74.58973696 10.61615273
101.23252435 74.53668035 10.90978902
101.20149439 74.48362373 11.20342531
101.19512793 74.42555422 11.49727684
101.19805674 74.36559542 11.79120947
101.20098556 74.30563662 12.08514211
101.20729198 74.29190398 12.38283290
101.21539763 74.30279578 12.68252565
101.22350329 74.31368759 12.98221839
101.23944596 74.31490270 13.28173321
101.25716124 74.31392909 13.58120780
101.27323209 74.31210699 13.88066109
101.25763302 74.29394390 14.17970438
101.24382457 74.27740575 14.47878125
101.25725273 74.28558417 14.77836889
101.27068089 74.29376259 15.07795654
101.28410905 74.30194102 15.37754418
101.33758938 74.34816680 15.66761327
101.40207067 74.40484290 15.95506793
101.46778574 74.46272939 16.24196389
101.54156977 74.52853188 16.52520596
101.61535380 74.59433436 16.80844802
101.68354574 74.64583858 17.09553996
101.74558747 74.68161748 17.38686603
101.80762919 74.71739638 17.67819209
101.84462251 74.73212339 17.97520760
101.87715865 74.74310438 18.27323551
101.90525573 74.74730990 18.57182414
101.93081283 74.74763859 18.87073361
101.95636993 74.74796728 19.16964308
101.99277136 74.74579936 19.46739354
102.02989977 74.73761666 19.76464141
102.06395207 74.69533866 20.05968908
102.09800438 74.65306066 20.35473675
102.13214368 74.60790909 20.64886683
102.16899100 74.47331593 20.91443636
102.20583831 74.33872277 21.18000588
102.23910140 74.19969217 21.44309593
102.24013059 74.02075435 21.68388734
102.24115978 73.84181654 21.92467874
102.23457217 73.65112599 22.15280426
102.19481688 73.40925763 22.32577566
102.14765429 73.16309002 22.48843143
102.07081289 72.89969660 22.60975555
101.99397149 72.63630318 22.73107966
101.87432988 72.37049084 22.79581514
101.74756064 72.10427568 22.85112677
101.62079140 71.83806053 22.90643839
101.47582411 71.57759363 22.92065111
101.32253179 71.31975637 22.91606241
101.16923947 71.06191912 22.91147371
101.04518687 70.79482732 22.86624089
100.93496983 70.52335649 22.80177620
100.82475279 70.25188566 22.73731150
100.75181410 69.99792181 22.59593571
100.67983083 69.74440665 22.45258875
100.61914873 69.49078797 22.30579351
100.59459287 69.23683834 22.14797523
100.57003700 68.98288871 21.99015694
100.53188999 68.74042355 21.82294027
100.43352862 68.54883931 21.61408485
100.33516726 68.35725507 21.40522944
100.25836528 68.17495990 21.18617891
100.27657633 68.03360201 20.92219812
100.30558400 67.90178820 20.65540466
100.36487302 67.79674270 20.38072248
100.42653447 67.69059261 20.10725904
100.53027386 67.56485115 19.85541134
100.63401324 67.43910970 19.60356363
100.73775263 67.31336824 19.35171592
100.89377623 67.18626825 19.13153007
101.06407520 67.05879734 18.91998898
101.23437416 66.93132643 18.70844789
101.43615883 66.80225614 18.53127385
101.65579717 66.67227895 18.37358732
101.88909400 66.53675942 18.24754157
102.13718415 66.39523707 18.15576555
102.38690155 66.25387717 18.06946320
102.64712339 66.11356594 18.01849510
102.90734524 65.97325471 17.96752701
103.16067636 65.81624758 17.94933321
103.40986837 65.64921159 17.95082619
103.65906039 65.48217560 17.95231916
103.86437825 65.28361052 18.01619565
104.04176286 65.06497188 18.11978971
104.21914746 64.84633324 18.22338377
104.37386958 64.63208772 18.36425999
104.52489865 64.41855810 18.51121166
104.64013768 64.19444861 18.67275192
104.74646773 63.96770554 18.83792363
104.85221095 63.74104027 19.00348945
104.92387247 63.51889322 19.19194469
104.98303262 63.29858890 19.38418500
104.96964383 63.08897842 19.59839115
104.95625504 62.87936794 19.81259730
104.90653373 62.68186125 20.02744316
104.79835388 62.50382942 20.24331830
104.69017403 62.32579760 20.45919345
104.54097985 62.20575465 20.68907377
104.38798510 62.09108519 20.92025186
104.23499035 61.97641574 21.15142995
104.04008578 61.88433149 21.35628158
103.82297352 61.80421498 21.54718301
103.59363095 61.73122358 21.72193516
103.32355682 61.68196157 21.84290403
103.05277362 61.63651168 21.96323797
102.77598435 61.62335151 22.07819377
102.49919507 61.61019134 22.19314957
102.21990687 61.62061217 22.30031209
101.93899050 61.64639722 22.40239689
101.65928141 61.67984037 22.50366471
101.38730762 61.76235010 22.59969800
101.12094589 61.85287132 22.70105676
100.88099200 61.98109105 22.82747491
100.64103812 62.10931078 22.95389306
100.40108424 62.23753051 23.08031121
100.17228675 62.39431684 23.19409646
99.94473402 62.55429046 23.30647221
99.71718130 62.71426408 23.41884795
99.50411749 62.90339122 23.51023876
99.29571462 63.10189676 23.59487892
99.09092002 63.30310586 23.68132965
98.90146467 63.51580817 23.77547738
98.73158167 63.74722551 23.86077595
98.56917510 63.98579179 23.94269424
98.40676852 64.22435807 24.02461252
98.29656946 64.49022449 24.10584754
98.19497158 64.76058860 24.18696999
98.09337369 65.03095270 24.26809244
98.03780867 65.30939415 24.35856338
98.00651767 65.59209494 24.45396397
97.97522667 65.87479573 24.54936456
97.94796576 66.14247251 24.68082831
97.92154988 66.40699906 24.81985376
97.90183447 66.67448774 24.95214461
97.92003348 66.95873750 25.04632793
97.93823249 67.24298727 25.14051124
97.96521989 67.52339229 25.24218675
98.01038565 67.79584463 25.35935950
98.05555141 68.06829696 25.47653226
98.10453028 68.33161578 25.61039021
98.15701986 68.58652541 25.75961013
98.22375532 68.82860559 25.92235033
98.30238228 69.05997662 26.09637635
98.38100925 69.29134765 26.27040237
98.46261322 69.50677793 26.46237887
98.54492375 69.71902802 26.65771861
98.62950197 69.92338032 26.86041848
98.71408020 70.12773261 27.06311834
98.80892881 70.32178887 27.27048370
98.91901376 70.50057072 27.48477045
99.02888811 70.67941078 27.69911155
99.12968108 70.86076046 27.91579656
99.23792977 71.04651380 28.12428103
99.36252220 71.24192042 28.31478904
99.48711463 71.43732704 28.50529704
99.61397285 71.62786985 28.69844054
99.75961691 71.77808656 28.91343496
99.90526097 71.92830326 29.12842939
100.05711597 72.05751341 29.35129528
100.21557214 72.16439724 29.58252719
100.37579298 72.26864649 29.81364838
100.54388235 72.36114842 30.04427592
100.71420050 72.46037676 30.26997842
100.89062027 72.57801968 30.48219786
101.07036925 72.69332431 30.69258647
101.27227976 72.79306361 30.89078790
101.47419026 72.89280290 31.08898932
101.67610077 72.99254220 31.28719074
101.89855384 73.04484838 31.48096639
102.12276295 73.09309987 31.67436372
102.34697205 73.14135135 31.86776105
102.55437496 73.15661673 32.08334044
102.75927845 73.16697642 32.30221873
102.96034440 73.17077479 32.52428036
103.14745117 73.15070614 32.75792145
103.33455793 73.13063750 32.99156253
103.51698314 73.05601835 33.21725108
103.69907486 72.97751331 33.44237313
