#spline3d 238
121.67500305 86.46499634 4.20784998
121.59560424 86.32368408 4.46029142
121.51620543 86.18237182 4.71273286
121.43680663 86.04105957 4.96517430
121.34922266 85.89343488 5.21114566
121.25976193 85.74436283 5.45563351
121.17030119 85.59529078 5.70012136
121.02534170 85.43606751 5.90545254
120.86303997 85.27367219 6.09854806
120.70073823 85.11127687 6.29164358
120.51872880 84.95659003 6.47193899
120.32260339 84.80742451 6.64306611
120.12647798 84.65825900 6.81419324
119.91275316 84.50672143 6.95851165
119.69000359 84.35396749 7.08908288
119.46613541 84.19922723 7.21476420
119.23678420 84.03475060 7.31647662
119.00542629 83.87260156 7.41714926
118.76526369 83.72066502 7.51325980
118.52505652 83.56873151 7.60923588
118.27299926 83.41760152 7.66945939
118.02094200 83.26647154 7.72968291
117.76956595 83.11344001 7.78584700
117.52604414 82.93848417 7.79520687
117.28252233 82.76352833 7.80456674
117.03900052 82.58857249 7.81392662
116.80047147 82.40676263 7.82083463
116.56202573 82.22483840 7.82770173
116.32091998 82.04709740 7.82961430
116.06505916 81.89256077 7.80404409
115.80927631 81.74000212 7.77044224
115.55368951 81.59241677 7.71664637
115.29810271 81.44483142 7.66285050
115.03685807 81.30505555 7.61826686
114.76841535 81.17521511 7.58540328
114.49997263 81.04537468 7.55253969
114.23075045 80.91809862 7.51652300
113.96047986 80.79427186 7.47626512
113.69020926 80.67044510 7.43600725
113.42177337 80.54542732 7.39025898
113.16488214 80.41291524 7.30996305
112.90799091 80.28040315 7.22966713
112.65123669 80.14749690 7.14969883
112.40337265 79.98901520 7.09098830
112.15460770 79.83142025 7.03499944
111.89133245 79.68810774 7.02284677
111.62805719 79.54479522 7.01069410
111.35939827 79.41401023 6.99069961
111.08382159 79.29932250 6.96062878
110.80824492 79.18463477 6.93055794
110.53354137 79.06760380 6.90282132
110.26424192 78.93606952 6.88953213
109.99494248 78.80453523 6.87624293
109.72919618 78.66577906 6.87535940
109.46548066 78.52289529 6.88156621
109.20176513 78.38001152 6.88777302
108.93722957 78.24016872 6.90638247
108.67210019 78.10252804 6.93397333
108.40760009 77.96527928 6.96675666
108.14601819 77.82984791 7.02361890
107.88443628 77.69441654 7.08048113
107.62358669 77.55933320 7.14094982
107.36560903 77.42561470 7.21556212
107.10763137 77.29189621 7.29017442
106.85610142 77.15524834 7.37686903
106.62246134 77.01047261 7.49708732
106.38882125 76.86569688 7.61730561
106.15589604 76.72152132 7.73935816
105.93352833 76.58620951 7.88849978
105.71116061 76.45089769 8.03764140
105.49562191 76.33167433 8.20657460
105.28782629 76.23069292 8.39794857
105.07881968 76.12958026 8.58792165
104.86881612 76.02835954 8.77674146
104.65881255 75.92713882 8.96556126
104.47145701 75.83968891 9.18286802
104.28452037 75.75249370 9.40070168
104.09758374 75.66529850 9.61853534
103.92972965 75.58518928 9.85370418
103.76463090 75.50610321 10.09137605
103.59953215 75.42701713 10.32904792
103.44757670 75.35706136 10.57782939
103.29989816 75.29007663 10.83022599
103.15221962 75.22309190 11.08262258
103.00944705 75.15863448 11.33846950
102.86707788 75.09438489 11.59460014
102.73130503 75.04645072 11.85754126
102.59794034 75.00447299 12.12296876
102.46667072 74.96064864 12.38907527
102.34429670 74.90898353 12.65806482
102.22192269 74.85731843 12.92705438
102.10767085 74.80639648 13.19919823
102.02434956 74.75830458 13.48335416
101.94102827 74.71021268 13.76751009
101.88668154 74.65250476 14.05684734
101.83234398 74.59479380 14.34618623
101.77927311 74.53644975 14.63561774
101.73182145 74.47529726 14.92546015
101.68436978 74.41414476 15.21530256
101.64346004 74.35262601 15.50570062
101.63443434 74.28932217 15.79880682
101.63720376 74.23124019 16.09284248
101.65137882 74.17820764 16.38777690
101.66798511 74.10803597 16.67885929
101.68514280 74.03397723 16.96906805
101.70278478 73.96546298 17.26048229
101.72150970 73.90934702 17.55459215
101.74294739 73.85329417 17.84851574
101.76717461 73.79730621 18.14224777
101.79140184 73.74131825 18.43597980
101.80297998 73.70765931 18.73359581
101.81159693 73.67922765 19.03212107
101.81316522 73.64630770 19.32957841
101.77173617 73.58600887 19.62052137
101.73030712 73.52571003 19.91146433
101.68897450 73.47002224 20.20329824
101.64774400 73.41921727 20.49607562
101.60783467 73.36624423 20.78859215
101.57500333 73.30165604 21.07971131
101.54217199 73.23706784 21.37083046
101.50934066 73.17247965 21.66194961
101.48401365 73.06924176 21.94214776
101.45953767 72.96162088 22.22110744
101.43211075 72.83401450 22.48983445
101.40036702 72.67717205 22.74359245
101.36862328 72.52032960 22.99735045
101.33967196 72.28308621 23.16876466
101.31145696 72.02464225 23.31846600
101.28324195 71.76619829 23.46816734
101.26950439 71.49090585 23.58025366
101.26685657 71.20270745 23.66352683
101.26420875 70.91450905 23.74680001
101.27318601 70.62055625 23.77422963
101.29192056 70.32177358 23.75478800
101.31065511 70.02299092 23.73534636
101.32348914 69.72991448 23.68973596
101.33254732 69.45621457 23.57178613
101.40012957 69.21093741 23.41281447
101.46771182 68.96566026 23.25384280
101.53529407 68.72038310 23.09487113
101.58156920 68.49370235 22.90424143
101.62624929 68.26841373 22.71124181
101.67175014 68.04084383 22.52183811
101.72894571 67.78076881 22.38367136
101.79406881 67.51954252 22.25360163
101.89597889 67.25297387 22.16110539
101.99788897 66.98640521 22.06860915
102.10516894 66.73084862 21.95382759
102.21250814 66.47541345 21.83880027
102.32158032 66.22025473 21.72497011
102.44606522 65.96755456 21.62178715
102.59636789 65.72142703 21.54348687
102.76026243 65.47875969 21.47828616
102.92152369 65.23394084 21.41544648
103.06593957 64.97535848 21.36771051
103.20322297 64.71248595 21.32704073
103.31675624 64.43532772 21.30990035
103.43028952 64.15816949 21.29275998
103.54351712 63.88136153 21.28119657
103.65261246 63.60928882 21.34502778
103.76170779 63.33721612 21.40885899
103.87080313 63.06514342 21.47269020
103.93887683 62.82761406 21.63998295
104.00405397 62.59252384 21.81458117
104.06923111 62.35743361 21.98917939
104.09656464 62.14368932 22.19693375
104.09342232 61.98661343 22.44995693
104.08395741 61.84294937 22.71315019
104.07449251 61.69928531 22.97634346
104.00922763 61.61835267 23.25531020
103.93350019 61.54918223 23.53723448
103.82969200 61.51165566 23.81258277
103.69526156 61.50863695 24.08075991
103.56083111 61.50561825 24.34893706
103.41335232 61.52017470 24.60662252
103.22964583 61.58352718 24.83517867
103.01524095 61.65228076 25.03205477
102.79238847 61.72252061 25.22021312
102.57171751 61.80768627 25.40204453
102.35910835 61.94801042 25.56049467
102.15195202 62.10287228 25.71039738
101.95578626 62.28703600 25.84307208
101.75962049 62.47119971 25.97574678
101.56176596 62.66489008 26.08981109
101.36265675 62.86565832 26.19004872
101.18803335 63.08338042 26.29627412
101.03515807 63.31616081 26.40781783
100.88228279 63.54894120 26.51936153
100.72096281 63.78140730 26.61903042
100.55957118 64.01387072 26.71859857
100.39817955 64.24633415 26.81816671
100.26608278 64.49123256 26.92935737
100.13940105 64.73842951 27.04269640
100.02299314 65.00038410 27.12939656
99.90969020 65.26679875 27.20804590
99.80931593 65.53593565 27.29370909
99.71774266 65.80692568 27.38414683
99.62616938 66.07791571 27.47458457
99.55253031 66.34762805 27.58084481
99.49582003 66.61613431 27.70204050
99.43910975 66.88464057 27.82323619
99.40351483 67.16405276 27.92527300
99.37359232 67.44639472 28.02216298
99.34442702 67.72810024 28.12075143
99.32931553 67.99799357 28.25086352
99.31420405 68.26788690 28.38097561
99.29912456 68.53777389 28.51109793
99.33131111 68.79829434 28.65633055
99.37364509 69.06002053 28.79558273
99.43882896 69.32446181 28.92136823
99.50401283 69.58890310 29.04715372
99.58158781 69.85061204 29.17079227
99.67443665 70.10895298 29.29178439
99.76728549 70.36729392 29.41277652
99.84752107 70.60227192 29.57909117
99.93773507 70.82896537 29.75116242
100.08218518 71.04546159 29.90037358
100.22663529 71.26195782 30.04958474
100.39534753 71.46460172 30.18791342
100.60013776 71.64664709 30.31005976
100.80492800 71.82869246 30.43220611
101.05228564 71.96638846 30.52983436
101.30278414 72.10081211 30.62565353
101.55095318 72.21799441 30.73931505
101.79251337 72.28626164 30.90359674
102.03407355 72.35452888 31.06787842
102.26799690 72.42004374 31.24277351
102.48484082 72.47940308 31.44140498
102.70168474 72.53876241 31.64003645
102.92186408 72.59079961 31.83703172
103.14233291 72.64220132 32.03388497
103.36280173 72.69360303 32.23073822
103.58064819 72.72982898 32.43336345
103.79681123 72.75631295 32.63969396
104.00709014 72.77797897 32.85224028
104.20895711 72.79275728 33.07367272
104.39390485 72.80223405 33.30859402
104.56121230 72.80618337 33.55757901
