#spline3d 209
118.05699921 83.53549957 0.58172101
117.79366263 83.39703730 0.54322372
117.53091156 83.25696647 0.50703238
117.27044760 83.11061222 0.47984866
117.00998363 82.96425797 0.45266494
116.75270249 82.81188917 0.42912231
116.49734068 82.65589345 0.40777535
116.24197886 82.49989774 0.38642839
115.98539798 82.34508730 0.37411705
115.72811909 82.19095551 0.36697924
115.46828289 82.04117711 0.36380658
115.20587020 81.89578475 0.36462882
114.93990924 81.75932491 0.38854710
114.67354351 81.62388404 0.41510004
114.40717778 81.48844317 0.44165298
114.13781186 81.35972949 0.47060121
113.86660830 81.23513624 0.50101658
113.59224561 81.11807541 0.53256856
113.31666175 81.00392625 0.56455992
113.04143238 80.88631676 0.57825591
112.76643729 80.76642030 0.57986020
112.48975501 80.65124993 0.58801363
112.21019150 80.54415035 0.60735108
111.93062799 80.43705078 0.62668853
111.65074686 80.33069954 0.64552662
111.37047825 80.22526119 0.66375555
111.08984702 80.12069073 0.68137312
110.80899360 80.01665202 0.69861611
110.52814019 79.91261331 0.71585910
110.24695483 79.80867945 0.71341417
109.97048647 79.69327822 0.70318137
109.69840524 79.56742002 0.69171371
109.42632400 79.44156182 0.68024604
109.15659055 79.31255988 0.68879606
108.88984325 79.17955942 0.72280660
108.62309595 79.04655896 0.75681714
108.35855591 78.92027644 0.81509130
108.09634989 78.80109761 0.89902226
107.83414386 78.68191877 0.98295323
107.57925528 78.56087517 1.08361290
107.32975053 78.43845955 1.19658078
107.08024577 78.31604393 1.30954867
106.83803311 78.19057061 1.43375563
106.60208022 78.06247245 1.56761059
106.37558090 77.93689786 1.71820841
106.15535018 77.81299665 1.87990830
105.93511945 77.68909543 2.04160820
105.72111212 77.56300843 2.20925791
105.52259837 77.43147979 2.39172010
105.32408461 77.29995114 2.57418230
105.13615743 77.16003281 2.76131747
104.95271648 77.01655920 2.95043290
104.78440321 76.88083373 3.15823325
104.61770738 76.74593669 3.36803138
104.47017794 76.60668795 3.58867120
104.33101530 76.46818751 3.81528233
104.20572119 76.34342447 4.05763657
104.08042709 76.21866143 4.29999081
103.96385872 76.11290208 4.55487132
103.85115035 76.01554938 4.81529306
103.75208949 75.90837190 5.07708734
103.66266630 75.79115476 5.33818211
103.57998637 75.65739093 5.59366415
103.49730644 75.52362709 5.84914619
103.41679690 75.38905575 6.10486258
103.34338040 75.25184538 6.36134486
103.26996389 75.11463502 6.61782714
103.20157839 74.97154820 6.87231566
103.13990640 74.82061969 7.12414367
103.07823441 74.66969117 7.37597168
103.04126372 74.53424054 7.63951161
103.02514646 74.41185670 7.91293901
103.00902919 74.28947286 8.18636641
103.00335788 74.16780274 8.46032826
103.00805789 74.04684123 8.73482075
103.01088142 73.93125964 9.01159890
103.01238106 73.81947368 9.28998962
103.00885176 73.71228421 9.57010221
103.00178343 73.60832942 9.85142653
102.99471510 73.50437464 10.13275086
102.99055629 73.39916788 10.41363096
102.99223515 73.29144912 10.69361977
102.99391401 73.18373037 10.97360857
102.99879705 73.07342877 11.25255060
103.00386008 72.96298209 11.53143382
103.00892311 72.85253540 11.81031704
103.03656465 72.73829591 12.08631829
103.06139736 72.61172080 12.35666793
103.08172578 72.46770020 12.61905083
103.10205419 72.32367961 12.88143372
103.15443982 72.16165673 13.12826701
103.20838423 71.99875850 13.37434420
103.25719549 71.80665278 13.59661689
103.30136478 71.58813432 13.79736286
103.36265395 71.36945502 13.99272228
103.43764353 71.15064700 14.18377104
103.50546189 70.91096300 14.34786194
103.56721672 70.65362764 14.48915904
103.62897155 70.39629228 14.63045614
103.68860848 70.13277316 14.75902904
103.74338012 69.85504853 14.85837152
103.79815175 69.57732390 14.95771400
103.85526215 69.29850953 15.05098996
103.92853774 69.01216308 15.10233494
104.00120915 68.72490923 15.14735246
104.07127999 68.43374973 15.16513463
104.14135083 68.14259022 15.18291681
104.20776169 67.85069939 15.20074288
104.25538490 67.55505444 15.21879430
104.30300812 67.25940949 15.23684572
104.34855557 66.96353323 15.25392834
104.35861672 66.66370263 15.25444880
104.36867786 66.36387204 15.25496926
104.37386037 66.06427232 15.25126701
104.35571369 65.76577661 15.22737215
104.33756702 65.46728090 15.20347729
104.30901049 65.16949322 15.20079602
104.27114943 64.87233840 15.21707590
104.22023749 64.57803435 15.23926184
104.15092821 64.28774893 15.26977334
104.08161893 63.99746352 15.30028485
103.97959331 63.71864474 15.34017109
103.87097837 63.44213544 15.38194549
103.75510462 63.17219437 15.43496549
103.61004495 62.92866266 15.53320139
103.46498528 62.68513095 15.63143729
103.30919476 62.45524805 15.73917490
103.11844728 62.26982771 15.87786539
102.92769980 62.08440737 16.01655587
102.73258365 61.90455319 16.15486641
102.49807980 61.77488318 16.28975143
102.26357595 61.64521318 16.42463645
102.02907210 61.51554318 16.55952147
101.79228995 61.43837396 16.72374916
101.55487342 61.37582347 16.89614726
101.31745690 61.31327297 17.06854535
101.09161449 61.28889104 17.26024716
100.87550614 61.29660960 17.46818375
100.65939779 61.30432817 17.67612035
100.44516847 61.32495302 17.88382058
100.23691253 61.38660655 18.09076940
100.02754623 61.45265463 18.29489739
99.81292811 61.53948820 18.48568328
99.59830999 61.62632178 18.67646917
99.38445429 61.71508487 18.86686660
99.19386024 61.86271772 19.04541177
99.00326619 62.01035058 19.22395695
98.82121408 62.17606303 19.39319705
98.65240699 62.36980942 19.54800886
98.50856330 62.57845655 19.70780881
98.37158461 62.79120142 19.86898051
98.24686914 63.00583346 20.03631752
98.14625452 63.22417433 20.21577116
98.04563989 63.44251520 20.39522480
97.95124286 63.66350955 20.57402377
97.89476798 63.90068793 20.74882979
97.83829309 64.13786630 20.92363581
97.79873560 64.38224593 21.08950811
97.80777241 64.64731080 21.22971876
97.81680923 64.91237567 21.36992942
97.85567131 65.18555234 21.48697655
97.89780798 65.45961962 21.60148052
97.94145921 65.72987937 21.72399211
97.98595588 65.99801376 21.85097359
98.03045255 66.26614814 21.97795506
98.07418194 66.52959913 22.11424986
98.11717125 66.78853271 22.25952790
98.16079079 67.04131766 22.41446360
98.20533181 67.28511263 22.58351988
98.24987283 67.52890761 22.75257615
98.30913851 67.75883416 22.93494571
98.37751591 67.98017887 23.12555361
98.44589330 68.20152357 23.31616151
98.53324405 68.42430146 23.49528160
98.64579514 68.64898291 23.65914363
98.77161823 68.86089341 23.82920729
98.90942650 69.06127122 24.00487129
99.04723478 69.26164902 24.18053529
99.22596854 69.44008845 24.33956860
99.40637678 69.61298045 24.50557876
99.58671852 69.78588575 24.67165277
99.76706026 69.95879104 24.83772678
99.96874162 70.11129392 24.99781076
100.18078227 70.25389249 25.15498688
100.40180221 70.38402664 25.31018400
100.62765722 70.50744908 25.46431548
100.85351224 70.63087152 25.61844696
101.08894989 70.72560897 25.77485835
101.33615516 70.78512075 25.93406952
101.58336044 70.84463253 26.09328068
101.83046069 70.87448915 26.25653724
102.07739710 70.85808372 26.42610460
102.32433351 70.84167829 26.59567196
102.56302594 70.81303784 26.77394998
102.78986001 70.76679820 26.96475768
103.02012603 70.69871374 27.14379675
103.25196018 70.62064791 27.31745848
103.48379433 70.54258208 27.49112021
103.71649571 70.43430604 27.64405252
103.94967357 70.30943196 27.78559572
104.18285142 70.18455789 27.92713892
104.40553361 70.05136549 28.07736970
104.62397095 69.91480884 28.23111409
104.82263485 69.77387773 28.40448817
105.00607196 69.62957802 28.59297838
105.18950907 69.48527830 28.78146858
105.35632376 69.33454907 28.97784905
105.48426634 69.16878419 29.19268115
105.61220892 69.00301931 29.40751326
