#spline3d 223
119.86299896 88.88880157 3.37474990
119.71487468 88.75239173 3.59712694
119.56675040 88.61598188 3.81950399
119.41698633 88.48031399 4.04092781
119.21328541 88.36905111 4.23099755
119.00958449 88.25778822 4.42106730
118.80588357 88.14652533 4.61113704
118.59127689 88.02758170 4.78350851
118.37479531 87.90731760 4.95283732
118.17168750 87.75323679 5.10825924
117.97608207 87.58018556 5.25587970
117.76840434 87.41074596 5.38756414
117.53676012 87.24847631 5.48761164
117.30342964 87.07739700 5.56402014
117.06891087 86.90010956 5.62377035
116.83439210 86.72282212 5.68352057
116.58848542 86.56091423 5.73549608
116.32618351 86.42114838 5.77627831
116.06388160 86.28138252 5.81706055
115.80375876 86.13789986 5.85882920
115.54411017 85.99360828 5.90081253
115.28462440 85.84906607 5.94293341
115.02599367 85.70320770 5.98577658
114.77325652 85.54658072 6.02334804
114.52647474 85.37907219 6.05559250
114.28239693 85.20776204 6.08663100
114.05176989 85.01754088 6.11167051
113.82114284 84.82731972 6.13671003
113.59401912 84.63302501 6.16197586
113.37004296 84.43507045 6.18744500
113.14490402 84.23835801 6.20972926
112.90905354 84.05308816 6.20267406
112.68340654 83.85597017 6.20655031
112.46372922 83.65192025 6.21682218
112.24405191 83.44787034 6.22709405
112.00123958 83.27307297 6.21714783
111.75342566 83.10459976 6.20283064
111.50161451 82.94236669 6.19085777
111.24132294 82.79337259 6.18385856
110.98103138 82.64437849 6.17685935
110.72126922 82.49454671 6.17078224
110.47221591 82.32777060 6.18335719
110.22316259 82.16099448 6.19593215
109.97410928 81.99421837 6.20850710
109.71454977 81.84391566 6.21113165
109.45431171 81.69467692 6.21311355
109.21030254 81.52049107 6.22094033
108.96545102 81.34762269 6.22845699
108.70418217 81.20019089 6.23000115
108.44291332 81.05275908 6.23154532
108.18660454 80.89846823 6.20979019
107.93051199 80.74387836 6.18701935
107.67441945 80.58928849 6.16424850
107.42300525 80.42868055 6.13374419
107.17418827 80.26473163 6.09894659
106.92537128 80.10078271 6.06414900
106.66692430 79.94960443 6.07541288
106.40757244 79.79962615 6.09100495
106.14921074 79.64797125 6.10656339
105.89292400 79.49280292 6.12205135
105.63663726 79.33763458 6.13753932
105.37594315 79.18932206 6.14170011
105.11469466 79.04187191 6.14443608
104.84714952 78.90660476 6.14400383
104.57571869 78.77885579 6.14161647
104.30428786 78.65110682 6.13922910
104.03383314 78.53143902 6.17977603
103.76383333 78.41553739 6.24033215
103.49383353 78.29963575 6.30088828
103.23952821 78.18113088 6.40359854
102.99091232 78.06168231 6.52159014
102.74588452 77.94530791 6.64859417
102.51084589 77.83749192 6.80068857
102.27580727 77.72967592 6.95278296
102.04470531 77.64094952 7.12133495
101.81547764 77.56131188 7.29772258
101.58624997 77.48167423 7.47411021
101.39122847 77.42595868 7.69321961
101.20438974 77.37596575 7.92254889
101.01857731 77.32611480 8.15256324
100.88727526 77.28380545 8.41896456
100.75597321 77.24149610 8.68536588
100.63364422 77.23651967 8.95852852
100.51363553 77.24119699 9.23343955
100.41281098 77.25893733 9.51344984
100.34982957 77.30244614 9.80351906
100.28684816 77.34595495 10.09358828
100.25150321 77.39060053 10.38615625
100.25777449 77.43695793 10.68248697
100.28601798 77.48158415 10.97607037
100.35967920 77.52263194 11.26397494
100.44847522 77.55548701 11.54819333
100.54977090 77.58157581 11.82936735
100.64858254 77.60337594 12.11171450
100.74343744 77.61834480 12.39593029
100.83829234 77.63331367 12.68014608
100.93561188 77.64780630 12.96350606
101.04207163 77.66053279 13.24369218
101.14853139 77.67325928 13.52387830
101.25909670 77.68516801 13.80238697
101.38304809 77.69441047 14.07542632
101.50699948 77.70365293 14.34846567
101.63167802 77.71244816 14.62114059
101.77843585 77.70766368 14.88274974
101.92519369 77.70287920 15.14435890
102.07195152 77.69809472 15.40596805
102.21740249 77.69430172 15.66832147
102.36276757 77.69057388 15.93072379
102.50813265 77.68684604 16.19312612
102.64078581 77.63605052 16.45730829
102.77327336 77.58464179 16.72151365
102.89812474 77.52850282 16.98831319
103.01611025 77.46811075 17.25744523
103.09760094 77.40146934 17.53742740
103.16614989 77.33261178 17.82125722
103.23469884 77.26375422 18.10508703
103.29843202 77.16345205 18.37850110
103.35734272 77.03166140 18.64148490
103.41625343 76.89987076 18.90446870
103.46245643 76.73428652 19.15028668
103.50849637 76.56826862 19.39588438
103.55184374 76.38892482 19.63226730
103.59439553 76.20564357 19.86592751
103.63694732 76.02236232 20.09958773
103.63347844 75.82575591 20.32511995
103.62087091 75.62650342 20.54903813
103.60111336 75.42441248 20.76949174
103.56437812 75.21558164 20.98171875
103.52764289 75.00675080 21.19394576
103.48114987 74.78423377 21.38736724
103.42065869 74.54208302 21.55381100
103.36016751 74.29993228 21.72025476
103.28772924 74.05564112 21.87365232
103.15721798 73.80094579 21.96363431
103.02670673 73.54625045 22.05361630
102.89400712 73.29125736 22.13783325
102.74542770 73.03410360 22.18021627
102.59644374 72.77718181 22.22245620
102.42878391 72.53096909 22.25809075
102.26219562 72.28403834 22.29346250
102.10966014 72.02769101 22.32538749
101.95712465 71.77134368 22.35731249
101.80458917 71.51499635 22.38923749
101.65030045 71.25795628 22.38814177
101.49581218 71.00083735 22.38328755
101.34141030 70.74380678 22.37501413
101.18720797 70.48698029 22.35884316
101.03300564 70.23015379 22.34267219
100.87662206 69.97473314 22.32704235
100.70164861 69.73129400 22.31602440
100.52667515 69.48785485 22.30500645
100.34746253 69.24801021 22.30217125
100.15312131 69.02099355 22.32853845
99.96133091 68.79241394 22.35752700
99.79013129 68.55121786 22.40767550
99.61893167 68.31002178 22.45782400
99.44785972 68.06983687 22.51261717
99.27703076 67.83157654 22.57625071
99.10620179 67.59331622 22.63988425
98.93602186 67.35798186 22.71167552
98.77015812 67.14210597 22.83771789
98.60429438 66.92623008 22.96376026
98.44397983 66.71853368 23.10630766
98.29628193 66.52943423 23.28638103
98.14858404 66.34033478 23.46645440
98.01616351 66.19300736 23.68786614
97.89093627 66.06534814 23.92874189
97.76570903 65.93768891 24.16961764
97.64342814 65.84802481 24.42428700
97.52500579 65.80811905 24.69702045
97.40658343 65.76821329 24.96975390
97.28955709 65.75606981 25.24305675
97.17517279 65.79646783 25.51743719
97.06078848 65.83686585 25.79181764
96.97237347 65.91666572 26.06676295
96.88652547 66.00036036 26.34176409
96.80067746 66.08405501 26.61676523
96.73703607 66.22570126 26.87193056
96.67745784 66.37795098 27.12346652
96.61787961 66.53020069 27.37500248
96.57896603 66.70343529 27.61550395
96.55330837 66.89013121 27.84892703
96.52765070 67.07682714 28.08235012
96.56086746 67.26767450 28.30918607
96.61110567 67.45972210 28.53411758
96.66134388 67.65176970 28.75904909
96.73106281 67.83680176 28.98425452
96.80919652 68.01880342 29.20957826
96.88733022 68.20080509 29.43490200
97.00878085 68.36061870 29.65544311
97.14963145 68.51049514 29.87384228
97.29048205 68.66037158 30.09224144
97.45597542 68.82299985 30.27767389
97.64507737 68.99784479 30.43152315
97.83830299 69.17623159 30.57302583
98.05008509 69.37055670 30.65896906
98.26186719 69.56488181 30.74491228
98.47659479 69.75647196 30.82869061
98.71487043 69.92619719 30.89516147
98.95314607 70.09592243 30.96163233
99.19952026 70.25398119 31.02369546
99.46294778 70.38747354 31.07647711
99.72637531 70.52096590 31.12925876
99.99484388 70.64381072 31.16748549
100.28304668 70.72497356 31.14873394
100.57124948 70.80613639 31.12998238
100.85945228 70.88729923 31.11123082
101.14286952 70.96318569 31.04884877
101.42718275 71.03256950 31.01016837
101.71582632 71.07278513 31.08135290
102.00446988 71.11300076 31.15253744
102.29392311 71.13180114 31.22624884
102.58412350 71.13083937 31.30229205
102.87432390 71.12987760 31.37833525
103.16560100 71.10717923 31.44554332
103.45712246 71.07954785 31.51074629
103.74864392 71.05191648 31.57594927
104.02840228 70.97800257 31.65258581
104.30621598 70.89643728 31.73111255
104.58402968 70.81487198 31.80963929
104.83270436 70.71458829 31.94304135
105.07924386 70.61293300 32.08046444
105.32578336 70.51127771 32.21788753
