#spline3d 210
115.62100220 83.54589844 1.43158996
115.41840294 83.32643750 1.45970472
115.21580368 83.10697656 1.48781947
115.01058376 82.88944345 1.50935850
114.80048476 82.67549952 1.51865506
114.58979347 82.46240423 1.53090300
114.37609941 82.25361134 1.55811361
114.16240535 82.04481844 1.58532422
113.94630812 81.83840496 1.61166974
113.72994335 81.63225638 1.63791895
113.51357859 81.42610779 1.66416816
113.29110427 81.22916946 1.70302878
113.06406046 81.03911970 1.75132177
112.83906050 80.84313432 1.77851348
112.61501090 80.64438895 1.79589338
112.38885421 80.44835523 1.81470855
112.15205921 80.26601223 1.84077019
111.91526420 80.08366923 1.86683184
111.67634155 79.90365142 1.88817977
111.43385556 79.72752777 1.90163330
111.19136958 79.55140413 1.91508684
110.94387592 79.38333799 1.93224280
110.68641999 79.23130150 1.95676438
110.42896406 79.07926500 1.98128597
110.17318756 78.92561672 2.00938169
109.93413744 78.75591584 2.07307410
109.69508732 78.58621496 2.13676650
109.45603720 78.41651408 2.20045891
109.20454919 78.26349109 2.25741936
108.95063361 78.11372319 2.31306589
108.69776314 77.96229365 2.36894108
108.44588442 77.80928736 2.42503322
108.19402971 77.65703917 2.48320064
107.94220601 77.50576886 2.54404496
107.69145047 77.35517485 2.60990009
107.44494121 77.20726929 2.69567457
107.19459055 77.06542590 2.78054064
106.94404432 76.92389116 2.86536047
106.69347150 76.78318053 2.95139995
106.44276473 76.64662081 3.04358271
106.19679107 76.49988768 3.13194716
105.95614557 76.34170210 3.21601327
105.72047129 76.18582260 3.31334009
105.50137936 76.03763538 3.45490029
105.28228742 75.88944816 3.59646050
105.06719202 75.75768389 3.75353474
104.86500294 75.67895552 3.96070967
104.66281387 75.60022716 4.16788461
104.46065923 75.52208573 4.37527253
104.26006281 75.47050364 4.59229869
104.05946639 75.41892156 4.80932485
103.86127676 75.36610808 5.02809270
103.67989003 75.30469771 5.25902021
103.49850330 75.24328733 5.48994772
103.32425450 75.21163002 5.73132747
103.15253857 75.19053050 5.97641618
102.98082264 75.16943098 6.22150489
102.83293509 75.15971758 6.48080266
102.70623506 75.16012841 6.75273473
102.57953503 75.16053923 7.02466681
102.46784935 75.16421564 7.30226460
102.38148259 75.17339887 7.58941657
102.30012552 75.18332621 7.87777764
102.24283274 75.19682791 8.17194669
102.18553995 75.21032960 8.46611574
102.13617691 75.20554725 8.76166529
102.09060762 75.19201741 9.05787532
102.04503834 75.17848756 9.35408535
102.02035972 75.17783593 9.65285008
102.00015370 75.17994148 9.95216176
101.99126704 75.17664554 10.25174706
101.99381872 75.16789134 10.55160885
101.99758770 75.15915114 10.85144354
102.00857510 75.15049400 11.15111747
102.01956250 75.14183686 11.45079140
102.04077882 75.15477818 11.74961587
102.06353945 75.17098032 12.04831209
102.08630008 75.18718245 12.34700831
102.12628547 75.17748124 12.64395368
102.16858607 75.16429832 12.94066371
102.21580920 75.15512581 13.23655481
102.27916345 75.15909534 13.52976230
102.34251769 75.16306488 13.82296978
102.40505395 75.15233776 14.11579427
102.46672955 75.12614735 14.40821578
102.52819222 75.09691298 14.70011252
102.58600944 75.01556426 14.98302481
102.64869742 74.93095286 15.26387984
102.71536287 74.84367715 15.54305492
102.78202832 74.75640144 15.82223000
102.85527624 74.63921175 16.08783835
102.93059744 74.51260001 16.34917356
103.00591865 74.38598826 16.61050877
103.08568402 74.23672064 16.85653549
103.17024156 74.06302311 17.08605500
103.25479909 73.88932559 17.31557452
103.32715012 73.69941337 17.53289793
103.36751311 73.46700936 17.71826055
103.40787610 73.23460534 17.90362318
103.44867021 73.00053594 18.08631270
103.49680193 72.73812224 18.22350690
103.54493365 72.47570854 18.36070111
103.61029681 72.20759763 18.47459525
103.69289246 71.93378918 18.56518790
103.78376442 71.66589715 18.66504341
103.87485306 71.39816002 18.76514144
103.96602945 71.13030794 18.86470418
104.06557240 70.85149537 18.91322661
104.16511535 70.57268280 18.96174904
104.26465830 70.29387023 19.01027146
104.35160943 70.00786969 19.03335491
104.43694124 69.72094476 19.05316688
104.52227305 69.43401984 19.07297884
104.60609346 69.14725231 19.09999838
104.68967316 68.86050986 19.12816587
104.75577050 68.56992417 19.15348997
104.79260186 68.27290480 19.17405415
104.82849281 67.97571896 19.19277323
104.85524606 67.67691562 19.19356404
104.88661620 67.37863199 19.19666112
104.92366546 67.08098765 19.20259507
104.96071473 66.78334330 19.20852902
104.99748341 66.48575181 19.21638689
105.03235236 66.18851818 19.23727118
105.06722131 65.89128454 19.25815548
105.09586647 65.59476103 19.29032502
105.11635608 65.29916805 19.33728259
105.13684569 65.00357507 19.38424016
105.14355884 64.71270771 19.45106670
105.13017512 64.42873403 19.54687775
105.12164010 64.14625137 19.64684989
105.12846399 63.86849175 19.76000280
105.12251545 63.58799887 19.86561561
105.10902843 63.30589278 19.96677811
105.08436050 63.03115101 20.07590016
104.96749668 62.81713412 20.25065519
104.85063286 62.60311723 20.42541022
104.69520025 62.41573111 20.59462202
104.50350127 62.25338599 20.75862149
104.31180230 62.09104086 20.92262096
104.08933790 61.97397413 21.07305568
103.82649624 61.91633182 21.20568769
103.56365458 61.85868951 21.33831970
103.29185541 61.80216174 21.44726723
103.00527710 61.74747289 21.51713730
102.71869878 61.69278404 21.58700738
102.43325049 61.67093149 21.66794042
102.14920461 61.68983025 21.76260311
101.86581232 61.76015610 21.82210135
101.58262259 61.84642029 21.87070139
101.29943285 61.93268448 21.91930142
101.04687350 62.07646058 21.96525717
100.81902043 62.26662545 22.00908006
100.59116736 62.45679032 22.05290295
100.39063368 62.66538015 22.11692085
100.22994005 62.90083922 22.21038927
100.06924643 63.13629829 22.30385769
99.88880340 63.35315167 22.40528022
99.70518644 63.56701495 22.50798105
99.52156948 63.78087822 22.61068189
99.35347402 63.99799442 22.73132225
99.18674639 64.21539729 22.85354354
99.03738785 64.42231586 23.00931184
98.89495891 64.62505161 23.17846412
98.75252998 64.82778735 23.34761639
98.65692401 65.04427480 23.52833669
98.58612696 65.26804852 23.71518625
98.51532991 65.49182225 23.90203580
98.46066483 65.70472115 24.10471689
98.42153497 65.90714751 24.32264387
98.38240511 66.10957387 24.54057084
98.36678406 66.28672061 24.77626931
98.39515553 66.41656107 25.04522395
98.42352701 66.54640154 25.31417858
98.46169879 66.65916787 25.58913369
98.51718772 66.76500485 25.86300145
98.62378370 66.88009426 26.11871963
98.73037968 66.99518367 26.37443781
98.84407034 67.10377492 26.62915147
98.98834110 67.18435720 26.87953536
99.13261187 67.26493948 27.12991924
99.29902712 67.33706237 27.36769509
99.48284520 67.40253720 27.59556258
99.67197313 67.46935794 27.81772966
99.89568417 67.54494456 28.00276988
100.11939520 67.62053117 28.18781010
100.34475219 67.73307247 28.35054607
100.57016710 67.84691401 28.51249727
100.79558201 67.96075555 28.67444847
101.01982031 68.05086303 28.85162492
101.24375347 68.13481526 29.03274994
101.47206503 68.23065590 29.20193197
101.70017113 68.32930031 29.36991802
101.92209274 68.42900268 29.54544690
102.14414139 68.52892226 29.72066679
102.37308416 68.64063067 29.87911681
102.60202694 68.75233909 30.03756684
102.83096972 68.86404750 30.19601686
103.06475743 68.99430854 30.33106271
103.29927659 69.12737052 30.46257516
103.53379576 69.26043249 30.59408762
103.76734459 69.39531573 30.72546746
104.00078687 69.53039894 30.85683273
104.23881808 69.62794088 31.00746998
104.47973980 69.70183593 31.17024646
104.72127628 69.75357066 31.33742801
104.96405721 69.76044685 31.51352665
105.19724518 69.77468985 31.70106699
105.42180754 69.79555682 31.89889529
105.64636990 69.81642379 32.09672359
