#spline3d 225
57.53580093 85.11710358 4.62898016
57.58210425 84.92663527 4.85608768
57.62840757 84.73616696 5.08319521
57.68297661 84.55528384 5.31397832
57.78716025 84.43193539 5.56682400
57.89134389 84.30858694 5.81966967
57.99731194 84.18489684 6.07140729
58.14256718 84.05368459 6.29874903
58.28782241 83.92247234 6.52609077
58.43534239 83.78289270 6.74653885
58.58577990 83.63253393 6.95810631
58.73621741 83.48217517 7.16967377
58.91041658 83.33570345 7.36504841
59.08544639 83.18936762 7.55985698
59.28002095 83.03917447 7.73146508
59.47738391 82.88843101 7.89976319
59.68118320 82.73506033 8.05720220
59.89103122 82.57922065 8.20443601
60.11788613 82.41069675 8.30352903
60.34668945 82.24071967 8.39710673
60.57549278 82.07074259 8.49068444
60.80976256 81.90130251 8.56989127
61.04712694 81.73216642 8.64096264
61.28449133 81.56303034 8.71203401
61.51758725 81.38647984 8.77884143
61.74914394 81.20725567 8.84411125
61.98796961 81.03695379 8.90622350
62.23198503 80.87302206 8.96608138
62.47662046 80.70934476 9.02350858
62.72763964 80.54828729 9.05590872
62.97865883 80.38722982 9.08830885
63.22311107 80.21556444 9.11505912
63.46551233 80.04058603 9.14004484
63.70931910 79.86715054 9.15576099
63.95672962 79.69767114 9.14770974
64.20414014 79.52819174 9.13965849
64.45354488 79.36186389 9.13132856
64.71193187 79.20973110 9.12174345
64.97031886 79.05759831 9.11215833
65.23096450 78.90972393 9.09873501
65.49261353 78.76374131 9.08360660
65.74589188 78.60703131 9.05159692
65.99440727 78.44421736 9.00998168
66.25708503 78.31132562 8.95633802
66.52504280 78.18958951 8.89820992
66.79087600 78.06191060 8.84676669
67.04704783 77.90720723 8.82572248
67.30321965 77.75250386 8.80467827
67.55944706 77.59774880 8.78544958
67.81615638 77.44254566 8.78196008
68.07286570 77.28734252 8.77847058
68.32393892 77.12341700 8.77107727
68.57336225 76.95693812 8.76254116
68.82280122 76.79046827 8.75504689
69.07241136 76.62409709 8.75895446
69.32202150 76.45772591 8.76286202
69.57032581 76.29029973 8.77278346
69.81143203 76.11705812 8.81585490
70.05417334 75.94659289 8.86026748
70.30306479 75.78657049 8.90972458
70.55195625 75.62654809 8.95918167
70.80021968 75.46568198 9.00900299
71.04580277 75.30121494 9.06037882
71.29138586 75.13674790 9.11175465
71.53696895 74.97228085 9.16313047
71.76704002 74.79344983 9.23425483
71.99658678 74.61413330 9.30604669
72.22931795 74.43970718 9.37880236
72.47283161 74.28184006 9.45482159
72.71634527 74.12397295 9.53084081
72.95812907 73.97203547 9.62150152
73.19829578 73.82564106 9.72584922
73.43846250 73.67924664 9.83019691
73.66088574 73.55595086 9.98899799
73.88280475 73.43331149 10.14934650
74.10046088 73.32227770 10.32233001
74.31301559 73.22513239 10.51043390
74.50677417 73.13320457 10.71824817
74.68049195 73.04683974 10.94707801
74.85420974 72.96047490 11.17590785
75.02355633 72.87694985 11.40874805
75.17970644 72.80199803 11.65369540
75.33585655 72.72704621 11.89864275
75.49588799 72.66448530 12.14430859
75.65877175 72.61103024 12.39050244
75.82165551 72.55757518 12.63669628
75.96165537 72.51571838 12.89772606
76.08832948 72.48061549 13.16739510
76.21500359 72.44551260 13.43706413
76.32154817 72.41131690 13.71427040
76.40045198 72.37836693 14.00182637
76.47935578 72.34541695 14.28938234
76.53677606 72.33314760 14.58285287
76.58426328 72.33044008 14.87905803
76.63175050 72.32773256 15.17526320
76.68762283 72.33555322 15.46934693
76.75848212 72.36219127 15.75963895
76.83646523 72.39134770 16.04655323
76.99232015 72.44803302 16.29654494
77.14817507 72.50471834 16.54653665
77.30430234 72.55326854 16.79778312
77.46100065 72.58476202 17.05166041
77.61769895 72.61625550 17.30553770
77.77703021 72.65289019 17.55677008
77.94638475 72.70909679 17.79793363
78.11573928 72.76530339 18.03909719
78.28953190 72.82456174 18.27600415
78.47836031 72.89415917 18.49849014
78.66718873 72.96375659 18.72097612
78.85327353 73.05929550 18.93353995
79.03561931 73.19018764 19.13258179
79.21796510 73.32107978 19.33162363
79.41570195 73.45425437 19.51283927
79.62238702 73.58875594 19.68369093
79.82907209 73.72325751 19.85454259
80.04803321 73.84309784 20.01852702
80.29088340 73.93440753 20.16914790
80.53373358 74.02571721 20.31976877
80.77967207 74.10949553 20.46644692
81.06265622 74.10293180 20.56583025
81.34564037 74.09636808 20.66521358
81.62862451 74.08980435 20.76459692
81.88616834 73.99774410 20.88561197
82.14204755 73.90008959 21.00804243
82.39792675 73.80243509 21.13047290
82.61871300 73.65062457 21.26508248
82.83878941 73.49771863 21.39993840
83.04279403 73.32902674 21.53571273
83.19967171 73.11404608 21.67418005
83.34881650 72.89327009 21.80824993
83.42665136 72.61905168 21.90176820
83.50448622 72.34483328 21.99528647
83.53867842 72.05867423 22.07606102
83.56459004 71.77024962 22.15441763
83.57506150 71.48028806 22.22822111
83.56394589 71.18817767 22.29565880
83.54098299 70.89759636 22.36626468
83.51413894 70.60751598 22.43790844
83.48609930 70.31889925 22.51385139
83.45009602 70.04003173 22.61843054
83.41409273 69.76116422 22.72300968
83.36398774 69.48032608 22.81200392
83.29174036 69.19639369 22.87652687
83.21616512 68.91881160 22.95474232
83.12499762 68.67098286 23.09711189
83.03383013 68.42315413 23.23948146
82.93297147 68.17230594 23.36727486
82.81456431 67.91599019 23.46867411
82.69615714 67.65967445 23.57007337
82.57771025 67.40453088 23.67403430
82.45894256 67.15885285 23.79868113
82.34017488 66.91317481 23.92332797
82.22140719 66.66749678 24.04797480
82.11022113 66.41403977 24.16365724
81.99961282 66.15998996 24.27865655
81.88900452 65.90594016 24.39365586
81.73483148 65.68938063 24.52682314
81.56148520 65.48932090 24.66798632
81.38813893 65.28926118 24.80914949
81.24864796 65.08984688 24.98437262
81.11023342 64.89045311 25.16067868
80.97181888 64.69105934 25.33698474
80.84112247 64.51154001 25.53787464
80.71286343 64.33829702 25.74652809
80.58518697 64.16860517 25.95791688
80.46372583 64.03679859 26.19848761
80.34226469 63.90499200 26.43905834
80.22080354 63.77318542 26.67962907
80.14757348 63.64034789 26.93760455
80.08241020 63.50733793 27.19849103
80.01361325 63.38949242 27.46550483
79.94404700 63.28147185 27.73636280
79.87564036 63.19419634 28.01511681
79.80723373 63.10692083 28.29387082
79.74034199 63.02328613 28.57365954
79.69617077 62.99425639 28.86896692
79.65199955 62.96522666 29.16427429
79.60782833 62.93619692 29.45958167
79.62168102 62.95326576 29.75637461
79.65064528 62.98234037 30.05355445
79.68139218 63.01616483 30.34934982
79.73893785 63.12139506 30.62433198
79.79648352 63.22662528 30.89931414
79.85402920 63.33185551 31.17429630
79.88582849 63.47529280 31.43576657
79.91709228 63.61952477 31.69695580
79.94835607 63.76375674 31.95814503
79.99304422 63.90441611 32.21920415
80.04230450 64.04385871 32.48021896
80.09169176 64.17124087 32.74704433
80.14117730 64.28928813 33.01836713
80.19066284 64.40733540 33.28968992
80.22586744 64.51655659 33.56585227
80.23461433 64.60942607 33.85098066
80.23591131 64.71084129 34.13323013
80.23457235 64.81528016 34.41446097
80.20815959 64.91679891 34.69490545
80.16809564 65.01672781 34.97492179
80.12803169 65.11665672 35.25493813
80.06980863 65.20976307 35.53313852
79.98547211 65.29305833 35.80872753
79.90113560 65.37635360 36.08431654
79.81245124 65.45835856 36.35868355
79.69755104 65.53258350 36.62568237
79.58265084 65.60680843 36.89268118
79.46702943 65.66994405 37.16210740
79.35110047 65.72835088 37.43256872
79.23517151 65.78675771 37.70303005
79.12395526 65.84076093 37.97624784
79.01913957 65.88878341 38.25320930
78.91432387 65.93680588 38.53017077
78.78565680 65.98483830 38.79669897
78.65345719 66.03287219 39.06168195
78.48991045 66.13039046 39.29339646
78.32601444 66.22846009 39.52474029
78.15304610 66.33105070 39.74697412
77.97181670 66.43775802 39.96091258
77.79058730 66.54446534 40.17485104
77.60961636 66.65513597 40.38687147
77.42930108 66.77586079 40.59402622
77.24326009 66.87662276 40.80516392
77.04880438 66.94804655 41.02215509
76.85480830 67.01912854 41.23964348
76.66980941 67.08351991 41.46686467
76.48481052 67.14791128 41.69408585
