#spline3d 239
128.46099854 111.84500122 4.36780024
128.58391559 111.79444390 4.63675257
128.70683265 111.74388658 4.90570490
128.82974971 111.69332926 5.17465724
128.95701996 111.60765625 5.43192839
129.08514915 111.51505442 5.68689469
129.21658357 111.42339464 5.94039777
129.36215283 111.33576356 6.18764339
129.50772209 111.24813248 6.43488901
129.63576080 111.13213765 6.67702501
129.74036050 110.97821941 6.91232925
129.84496019 110.82430117 7.14763348
129.93371140 110.65744888 7.37764001
129.97346393 110.45060847 7.59126765
130.01321646 110.24376807 7.80489529
130.04620155 110.03739377 8.01950171
130.04090615 109.83365603 8.23964470
130.03561074 109.62991829 8.45978769
130.03031533 109.42618054 8.67993068
129.98017412 109.22941826 8.90047439
129.92718167 109.03309947 9.12104358
129.87418922 108.83678069 9.34161277
129.80651984 108.62680597 9.54379117
129.72982015 108.40842915 9.73465424
129.60722477 108.18304312 9.87948257
129.45031264 107.95241622 9.98989016
129.28878557 107.72487523 10.09917605
129.09982302 107.51567984 10.20179348
128.91086048 107.30648444 10.30441091
128.68702701 107.13743492 10.40786805
128.45558054 106.97715003 10.51150850
128.22413407 106.81686513 10.61514896
127.98877271 106.67033278 10.72972405
127.75334017 106.52405047 10.84449795
127.52803995 106.36982914 10.96832994
127.30769631 106.21172415 11.09659301
127.08477287 106.05341831 11.21709200
126.83394989 105.89294046 11.25362570
126.58312692 105.73246261 11.29015940
126.34289769 105.55531162 11.30919356
126.11096057 105.36510997 11.31453022
125.87902344 105.17490832 11.31986689
125.64839911 104.98408271 11.30609939
125.41852056 104.79290264 11.28147926
125.20624185 104.58344960 11.26203568
125.01205340 104.35521443 11.24791289
124.79738584 104.15148512 11.20103223
124.58061965 103.95026710 11.15079466
124.35952157 103.75557363 11.09458752
124.13614931 103.56430543 11.03524645
123.91277706 103.37303723 10.97590538
123.68203354 103.18954445 10.92086172
123.44807919 103.00943855 10.86768996
123.20924624 102.84534869 10.79472036
122.96526916 102.69814660 10.70087535
122.72129208 102.55094451 10.60703034
122.47391670 102.41595287 10.50446537
122.22563668 102.28421176 10.39957908
121.97735665 102.15247064 10.29469279
121.72560316 102.00889191 10.22173158
121.47182758 101.85842181 10.16735581
121.21805199 101.70795171 10.11298003
120.95995773 101.56008318 10.07687576
120.69923352 101.41379893 10.05189832
120.43850931 101.26751469 10.02692089
120.17388160 101.12744403 10.01047842
119.90672471 100.99139931 9.99956600
119.64167196 100.85154806 9.99080882
119.38662245 100.69360030 9.99229787
119.13133643 100.53952662 9.96677774
118.87591090 100.38773793 9.92532712
118.62749441 100.22452090 9.88778271
118.38770250 100.04724135 9.85504489
118.14479140 99.87363837 9.83033065
117.89314375 99.71033315 9.82808975
117.64149610 99.54702793 9.82584886
117.38926634 99.38540432 9.82768610
117.12954713 99.24541617 9.88199237
116.86982792 99.10542802 9.93629864
116.61764551 98.95892413 10.00512644
116.37040292 98.80814965 10.08347203
116.12316033 98.65737517 10.16181763
115.87743548 98.51004996 10.24983877
115.63405818 98.36805990 10.35282551
115.39351594 98.23148468 10.46773040
115.15745405 98.10346679 10.60147007
114.92306598 97.97484277 10.73704118
114.72425525 97.83333523 10.91154002
114.52544451 97.69182769 11.08603887
114.32663378 97.55032015 11.26053772
114.14688638 97.44254936 11.47340505
113.97203564 97.34344431 11.69612785
113.79718491 97.24433926 11.91885065
113.67950384 97.13450338 12.17053232
113.57189054 97.02277776 12.42731374
113.46427724 96.91105214 12.68409516
113.36938902 96.78890548 12.94091286
113.28019735 96.66209369 13.19774680
113.18919868 96.53660122 13.45454670
113.08925916 96.41763653 13.71117818
112.98931964 96.29867185 13.96780966
112.89612260 96.20876856 14.23748554
112.80614811 96.13275502 14.51339592
112.71617361 96.05674147 14.78930630
112.62836116 95.98649356 15.06734053
112.54315445 95.92319452 15.34793445
112.45794774 95.85989547 15.62852838
112.40692415 95.79368341 15.91495444
112.38335112 95.72513206 16.20606397
112.35977809 95.65658071 16.49717350
112.35726735 95.58444018 16.78676113
112.39737527 95.50503708 17.07326925
112.43789296 95.42571783 17.35971757
112.51176534 95.35322467 17.64129848
112.58563772 95.28073151 17.92287940
112.63207310 95.22781568 18.21407864
112.67299443 95.17883434 18.50721090
112.70334378 95.13800677 18.80246948
112.72011884 95.10764856 19.10045823
112.73689389 95.07729035 19.39844698
112.74580675 95.04654891 19.69657715
112.74280037 95.01522648 19.99492173
112.73979399 94.98390405 20.29326631
112.73247224 94.95956667 20.59201990
112.71875586 94.94557992 20.89137958
112.70503948 94.93159316 21.19073926
112.68178500 94.92026828 21.48957542
112.65581923 94.90970007 21.78826277
112.63186516 94.89832241 22.08691751
112.65158962 94.86936990 22.38486444
112.67131409 94.84041740 22.68281138
112.69129858 94.80966820 22.98053916
112.71229190 94.77194830 23.27741669
112.73328522 94.73422839 23.57429422
112.75446334 94.69675836 23.87118938
112.77663981 94.66063816 24.16817975
112.79881627 94.62451796 24.46517011
112.82099274 94.58839776 24.76216048
112.85156145 94.52250167 25.05296500
112.88344546 94.45193885 25.34280001
112.92602498 94.35000798 25.61923565
112.98015696 94.21419577 25.88119832
113.03428893 94.07838355 26.14316099
113.08200880 93.91474399 26.38828999
113.12473135 93.72941705 26.62029959
113.16745390 93.54409011 26.85230918
113.20861744 93.34357715 27.06977913
113.24695138 93.11550156 27.26085963
113.28528532 92.88742597 27.45194012
113.27312098 92.63393308 27.60448910
113.23590493 92.36783090 27.73792296
113.19868887 92.10172871 27.87135682
113.16118823 91.81317800 27.94196653
113.12366541 91.52287846 28.00768202
113.08604468 91.23246130 28.07260400
113.04422691 90.93700185 28.10351124
113.00240914 90.64154241 28.13441848
112.96121884 90.34557390 28.16019244
112.92100043 90.04881688 28.17801531
112.88078203 89.75205986 28.19583818
112.81252222 89.46044100 28.20840935
112.73955412 89.16968486 28.22009873
112.66600268 88.87923706 28.22537763
112.58960602 88.59029324 28.19938950
112.51320936 88.30134942 28.17340137
112.43607103 88.01379102 28.13947827
112.35655924 87.73066617 28.08016231
112.27704746 87.44754131 28.02084634
112.19305679 87.16648761 27.96003523
112.06584657 86.90541978 27.88479656
111.93863636 86.64435196 27.80955789
111.81142615 86.38328413 27.73431922
111.65392875 86.13559839 27.67267240
111.49533936 85.88839515 27.61151564
111.33674996 85.64119190 27.55035887
111.16589866 85.40249355 27.48856789
110.99424443 85.16435211 27.42673538
110.82259021 84.92621067 27.36490286
110.67081061 84.67536679 27.30309330
110.52687777 84.41950781 27.24129279
110.38294494 84.16364884 27.17949229
110.24584614 83.90074109 27.13550148
110.11119390 83.63530990 27.09788647
109.97654167 83.36987871 27.06027146
109.84369866 83.10312709 27.05972708
109.71242474 82.83523031 27.09133272
109.58724392 82.56729712 27.13290360
109.49840843 82.29914678 27.23391715
109.40957294 82.03099644 27.33493071
109.31938516 81.76422049 27.43770100
109.20234663 81.52473423 27.57535275
109.08530810 81.28524796 27.71300451
108.96826957 81.04576170 27.85065626
108.80558915 80.88762609 28.03926393
108.63096837 80.75077261 28.24120217
108.45634758 80.61391913 28.44314041
108.30734845 80.53255778 28.68712029
108.16604825 80.46787100 28.94373306
108.02474804 80.40318422 29.20034582
107.90361739 80.36763301 29.47207490
107.78557291 80.33653988 29.74611694
107.67239234 80.32522135 30.02325329
107.56216284 80.32590062 30.30226706
107.45905413 80.34206416 30.58207845
107.37582620 80.40145877 30.86411675
107.29259828 80.46085337 31.14615505
107.21376071 80.51555940 31.43018155
107.14667816 80.55771197 31.71953138
107.07959561 80.59986454 32.00888120
107.02680990 80.64389434 32.29994946
107.01161046 80.69285937 32.59553547
106.99965681 80.74215257 32.89106202
107.01548367 80.79425453 33.18607958
107.03131052 80.84635650 33.48109714
107.04713738 80.89845846 33.77611469
107.10178007 80.93576332 34.06833283
107.16161156 80.97109015 34.36017675
107.22144304 81.00641697 34.65202067
107.31792272 81.04612097 34.93236067
107.42727910 81.08736292 35.20865864
107.53663547 81.12860487 35.48495661
107.67144722 81.14647426 35.75025566
107.82798998 81.14439070 36.00616503
107.98254515 81.13908081 36.26310449
108.12855170 81.11989451 36.52447437
108.27455825 81.10070821 36.78584425
108.42071525 81.08136981 37.04708858
108.60549021 81.02298905 37.27610824
108.79026517 80.96460830 37.50512790
108.97666643 80.90578714 37.73250007
109.19136034 80.83930437 37.93121094
109.40605424 80.77282159 38.12992182
109.62074814 80.70633881 38.32863269
109.83457922 80.61806825 38.51951717
110.04833490 80.52789388 38.70971779
110.25716220 80.43854285 38.90543326
110.45688924 80.35071215 39.11133193
110.65661628 80.26288145 39.31723060
110.85679997 80.15248579 39.51109536
