#spline3d 267
65.30680084 112.30300140 3.56752992
65.19249142 112.27064630 3.84300497
65.07818199 112.23829119 4.11848003
64.96387257 112.20593608 4.39395508
64.85870372 112.16011682 4.67097158
64.75680483 112.11766432 4.94974757
64.65461443 112.08655359 5.23008532
64.55242403 112.05544287 5.51042306
64.44954161 112.02209082 5.79023936
64.34597718 111.98652991 6.06954176
64.24167062 111.93396741 6.34391606
64.13481990 111.82312082 6.60139610
64.02796918 111.71227424 6.85887614
63.94669940 111.57518446 7.11237146
63.87186186 111.43149592 7.36486484
63.79855763 111.28527994 7.61621736
63.73583068 111.12162900 7.85969985
63.67310372 110.95797806 8.10318234
63.62374236 110.80384246 8.35498102
63.59030578 110.66104416 8.61668824
63.55686919 110.51824586 8.87839545
63.52294209 110.35642999 9.12860635
63.48895636 110.19234074 9.37744296
63.45497062 110.02825148 9.62627958
63.42706561 109.83009742 9.84814292
63.40147591 109.61897271 10.05973580
63.38770372 109.40099867 10.26446962
63.39324234 109.17183225 10.45799512
63.39878096 108.94266583 10.65152061
63.41202450 108.70772677 10.83592845
63.45252726 108.45236465 10.98807893
63.49303003 108.19700252 11.14022941
63.54323934 107.94284537 11.28904971
63.66034248 107.69699244 11.41491961
63.77744563 107.45113950 11.54078952
63.89545237 107.20548503 11.66607171
64.03805971 106.96523379 11.77535333
64.18066705 106.72498255 11.88463496
64.34601234 106.49758152 11.98823366
64.51826584 106.27408462 12.09010579
64.69202063 106.05132008 12.19094384
64.87237587 105.83177538 12.28723557
65.05273111 105.61223069 12.38352731
65.22983350 105.38465934 12.46557023
65.40559057 105.15376829 12.54172005
65.58175902 104.92310898 12.61761571
65.75915021 104.69313847 12.69275593
65.93654140 104.46316796 12.76789616
66.08793038 104.20617748 12.79654265
66.23773968 103.94754549 12.82236456
66.40861701 103.70280072 12.83442244
66.59876319 103.47075724 12.83389174
66.80869207 103.25940590 12.81112563
67.02979468 103.05974197 12.77580045
67.25089729 102.86007804 12.74047526
67.47336704 102.66137535 12.70869623
67.69713051 102.46358226 12.68027294
67.92089398 102.26578918 12.65184965
68.13770641 102.06522040 12.60016636
68.35342983 101.86421675 12.54483895
68.56625032 101.66642429 12.47040649
68.77872828 101.46901073 12.39371971
68.99498538 101.27986317 12.30874167
69.21710206 101.10353202 12.21090800
69.44033133 100.92955242 12.11222718
69.68761077 100.80640426 11.99523402
69.93489021 100.68325610 11.87824085
70.18985865 100.56671001 11.77214970
70.45012777 100.45471529 11.67357423
70.71039689 100.34272057 11.57499876
70.98107525 100.25657331 11.47954261
71.25440284 100.17700443 11.38488035
71.52773043 100.09743555 11.29021810
71.80267514 100.06426743 11.18497098
72.07920895 100.07669640 11.06932234
72.35574276 100.08912538 10.95367370
72.63001059 100.14558681 10.85053780
72.90325118 100.22200972 10.75307437
73.18057727 100.29636014 10.66744970
73.46375049 100.36774442 10.59876857
73.74692371 100.43912869 10.53008745
74.02804348 100.46149651 10.43137875
74.30871139 100.47307845 10.32606260
74.58937930 100.48466039 10.22074645
74.88132387 100.50210711 10.16976393
75.18002149 100.52306598 10.15131920
75.47616360 100.51319539 10.16337349
75.76952024 100.46972135 10.20867107
76.06226650 100.42441789 10.25523728
76.34598625 100.35206055 10.32056448
76.62970601 100.27970321 10.38589167
76.91308726 100.20879125 10.45416024
77.19628200 100.13867571 10.52404952
77.47951330 100.06868048 10.59389066
77.76853390 100.01773400 10.65611023
78.05610845 99.96109700 10.71721584
78.32914778 99.84726110 10.76712433
78.60218711 99.73342521 10.81703281
78.86730676 99.61311710 10.88263950
79.11137069 99.47560163 10.98998233
79.35543462 99.33808615 11.09732516
79.58769487 99.18449887 11.20789152
79.81297882 99.02141271 11.32036309
80.03826277 98.85832656 11.43283466
80.23166603 98.66979848 11.56331852
80.42464832 98.48093447 11.69404022
80.59664320 98.27608803 11.82836577
80.75643606 98.06194946 11.96478659
80.91622892 97.84781088 12.10120742
81.06235426 97.62846633 12.24419375
81.20367332 97.40729106 12.38948890
81.34499238 97.18611579 12.53478404
81.47644119 96.96876459 12.69370467
81.60045667 96.75429331 12.86288673
81.72447216 96.53982204 13.03206878
81.83741289 96.32888499 13.21151624
81.92508261 96.12601257 13.41438790
82.01275232 95.92314015 13.61725957
82.11308550 95.73747920 13.83010677
82.21705315 95.55675803 14.04581699
82.31571401 95.38332834 14.26900484
82.39985161 95.22985344 14.51265692
82.48631262 95.08073048 14.75812572
82.57546404 94.93664687 15.00569819
82.66461546 94.79256326 15.25327065
82.74235858 94.65058725 15.50561206
82.81119697 94.51025630 15.76167584
82.89916605 94.36002683 16.00592251
82.98828550 94.20920212 16.24945858
83.07740496 94.05837742 16.49299465
83.15403517 93.88375525 16.72457184
83.23056691 93.70894545 16.95605474
83.30584453 93.53359802 17.18752943
83.37710156 93.35652705 17.41897782
83.44835858 93.17945607 17.65042621
83.52726709 93.01826261 17.89068681
83.60746032 92.85973505 18.13242703
83.66868095 92.70298343 18.38025287
83.71741020 92.54740107 18.63208542
83.76613946 92.39181871 18.88391797
83.81409064 92.23454440 19.13482656
83.86016304 92.07318459 19.38350409
83.90623543 91.91182478 19.63218162
83.95528844 91.75012342 19.88004632
84.00735485 91.58807677 20.12708925
84.05957053 91.42578825 20.37392945
84.11926952 91.25137371 20.61060591
84.17896850 91.07695917 20.84728236
84.25409316 90.89018795 21.06969251
84.32938369 90.70328387 21.29194925
84.40818278 90.52549975 21.51995106
84.49240522 90.36181278 21.75683328
84.57662767 90.19812580 21.99371550
84.65502279 90.03730313 22.23423428
84.71858023 89.88377361 22.48401259
84.78213766 89.73024408 22.73379090
84.84742942 89.57717539 22.98337972
84.91933846 89.42586498 23.23224557
84.99124751 89.27455456 23.48111142
85.08552864 89.15908453 23.74104280
85.18231809 89.04763284 24.00221483
85.29812168 88.91497440 24.24348582
85.42620526 88.76861993 24.47190406
85.55428883 88.62226546 24.70032230
85.69366099 88.47470207 24.92053258
85.85073603 88.32524287 25.12787106
86.00781107 88.17578366 25.33520954
86.12282886 87.98996881 25.53917790
86.22916065 87.79664549 25.74245023
86.34109944 87.59039176 25.92806356
86.45563344 87.37365348 26.10047209
86.54652863 87.17113522 26.30227543
86.63742381 86.96861695 26.50407878
86.73414169 86.75381738 26.68637507
86.84627787 86.51252457 26.82447305
87.00350065 86.29514881 26.95874515
87.16072343 86.07777306 27.09301725
87.33174436 85.84645142 27.17709212
87.47012208 85.59000765 27.24141363
87.59251129 85.32196147 27.29773386
87.71490049 85.05391529 27.35405410
87.78727816 84.76651666 27.39506893
87.85191749 84.47612360 27.43371554
87.91655681 84.18573055 27.47236214
87.95886358 83.89548871 27.53133809
87.98912812 83.60532842 27.60127609
87.99157891 83.31919797 27.68456194
87.95992272 83.03800919 27.78421577
87.92802252 82.75635796 27.88223068
87.89215222 82.46718241 27.95357939
87.85628191 82.17800686 28.02492811
87.81089345 81.89038456 28.09646528
87.75571762 81.60435944 28.16819624
87.70054178 81.31833433 28.23992720
87.63297943 81.03519043 28.30924717
87.53142778 80.75995276 28.37195128
87.42987614 80.48471509 28.43465539
87.33306497 80.20716134 28.49438616
87.23934401 79.92809780 28.55217869
87.15981254 79.64582567 28.61173801
87.11000968 79.35683122 28.67499895
87.06020682 79.06783676 28.73825990
87.02251777 78.78070198 28.81194767
87.01773831 78.49861938 28.91396206
87.01295884 78.21653679 29.01597644
87.02451400 77.94398646 29.13143852
87.10436510 77.71129102 29.30312608
87.18421619 77.47859558 29.47481364
87.27034560 77.26858987 29.66748406
87.36504374 77.08955136 29.88879214
87.45974188 76.91051285 30.11010021
87.55396079 76.74806016 30.34247812
87.64729762 76.61613569 30.59523140
87.73816588 76.48500351 30.84918127
87.81187227 76.35937944 31.11144995
87.87204343 76.24897253 31.38327864
87.92423788 76.14753354 31.66074134
87.97364060 76.06565685 31.94204423
88.01116551 76.06701086 32.23968578
88.05005709 76.08222926 32.53430222
88.09874894 76.19686771 32.80722599
88.14744080 76.31150617 33.08014976
88.19533465 76.42642698 33.35297511
88.17074573 76.56699520 33.61686089
88.14615681 76.70756341 33.88074668
88.12156789 76.84813163 34.14463246
88.08628324 76.99529104 34.40362340
88.04969494 77.14325382 34.66201773
88.01310664 77.29121660 34.92041205
87.94734775 77.44724207 35.16721990
87.86999542 77.60647195 35.40942288
87.79264309 77.76570183 35.65162585
87.70130895 77.93778350 35.87960448
87.60821522 78.11148255 36.10579300
87.47645320 78.26369423 36.32672624
87.33184402 78.40876695 36.54591346
87.18667536 78.55627083 36.76308066
87.04112502 78.70543316 36.97886988
86.86908456 78.85383688 37.17100521
86.66634808 79.00136155 37.33573106
86.46361160 79.14888622 37.50045691
86.25735406 79.29062434 37.66519631
86.03351375 79.40346680 37.83000339
85.80967345 79.51630926 37.99481046
85.58374520 79.62426144 38.15996186
85.35578964 79.72746531 38.32544756
85.12783408 79.83066919 38.49093327
84.90742768 79.94143545 38.66158629
84.68857634 80.05375951 38.83330372
84.47285688 80.18534150 38.99096383
84.26414858 80.36003506 39.11715468
84.05221751 80.53951920 39.22841054
83.83408354 80.72822382 39.31092085
83.61594957 80.91692843 39.39343116
83.39296196 81.10695962 39.44679971
83.16267052 81.29898705 39.45631529
82.93237909 81.49101447 39.46583088
82.69946340 81.67956496 39.45294981
82.46638072 81.86789421 39.43864361
82.23563573 82.05871194 39.42090824
82.00797986 82.25281808 39.39864142
81.78032399 82.44692422 39.37637459
81.53679040 82.62080663 39.37386465
81.28646203 82.78603440 39.37980956
81.03613365 82.95126217 39.38575447
80.76897264 83.08202710 39.42161939
80.50011390 83.20931612 39.46050203
