#spline3d 244
129.78799438 110.36499786 5.84560013
129.90507633 110.24103252 6.09242883
130.00020805 110.11008789 6.34453270
130.08562602 109.97605466 6.59897101
130.17104400 109.84202144 6.85340933
130.20381489 109.66653236 7.09083944
130.21723667 109.47580721 7.32201859
130.22066511 109.29887714 7.56220832
130.19737403 109.15883140 7.82648986
130.17408295 109.01878566 8.09077140
130.15018396 108.87871844 8.35490542
130.05918209 108.73628044 8.60275634
129.96818023 108.59384243 8.85060725
129.87717837 108.45140443 9.09845816
129.77019021 108.29218004 9.32839943
129.65708877 108.12653639 9.55149189
129.54355031 107.96054634 9.77410029
129.42854932 107.79339699 9.99508868
129.31354832 107.62624764 10.21607707
129.15900903 107.45798211 10.40978154
128.99962490 107.28957981 10.60014277
128.84024077 107.12117750 10.79050399
128.67009259 106.96221969 10.97951571
128.49699922 106.80584603 11.16815818
128.30866019 106.64544507 11.33639419
128.10893750 106.48203699 11.48939302
127.90676727 106.31900209 11.63897744
127.68102459 106.15956133 11.75567725
127.45528191 106.00012057 11.87237706
127.21848960 105.83540791 11.94338953
126.97302286 105.66655661 11.97853555
126.72755613 105.49770530 12.01368158
126.46833380 105.34771497 12.02586746
126.20708217 105.20050710 12.03466615
125.94583055 105.05329923 12.04346483
125.66394555 104.95178948 12.04327425
125.38017952 104.85444576 12.04226417
125.09641350 104.75710203 12.04125409
124.82101077 104.63983108 12.03107331
124.55011791 104.51181449 12.01594728
124.27961642 104.38307833 12.00078972
124.02436537 104.22630337 11.98440359
123.76911431 104.06952841 11.96801745
123.51829370 103.90612619 11.95014985
123.27215253 103.73572427 11.93071753
123.02656816 103.56696461 11.89861279
122.78158859 103.39998876 11.85274337
122.53660903 103.23301290 11.80687395
122.29218492 103.06518092 11.76118515
122.04867847 102.89593457 11.71579473
121.80517202 102.72668821 11.67040432
121.55942571 102.56148583 11.62370403
121.30048341 102.42010833 11.56928669
121.04433469 102.27352807 11.51852148
120.80701415 102.09188209 11.49237093
120.57881022 101.89968240 11.46747287
120.36746082 101.68797129 11.44489037
120.15611141 101.47626019 11.42230786
119.93097698 101.29088756 11.36377740
119.69617701 101.12398248 11.28004158
119.46137704 100.95707740 11.19630577
119.22448621 100.79236308 11.11424223
118.98454132 100.63084869 11.03462132
118.75063117 100.45591837 10.96990965
118.52356821 100.26576593 10.92211445
118.29024849 100.08173952 10.88882844
118.04411526 99.91025891 10.88525655
117.79798203 99.73877831 10.88168465
117.54347475 99.58189037 10.86718346
117.28060534 99.43957432 10.84176851
117.01773592 99.29725827 10.81635357
116.75695648 99.15087137 10.79344536
116.49926346 98.99847271 10.77423906
116.23790389 98.85241691 10.76254199
115.96915137 98.71915030 10.76598591
115.70701643 98.57891508 10.80035764
115.44764411 98.43577068 10.84764072
115.18694539 98.29465241 10.89318252
114.91912524 98.16441229 10.92937543
114.65130509 98.03417218 10.96556835
114.38348494 97.90393207 11.00176126
114.11974725 97.77030429 11.05239961
113.85638373 97.63636604 11.10436188
113.59916662 97.50857386 11.18588339
113.34753459 97.38636644 11.29426454
113.09770660 97.26808007 11.40965389
112.85532118 97.16597003 11.55395557
112.61293576 97.06385999 11.69825725
112.39005068 96.97402437 11.87776368
112.16748738 96.88439129 12.05785102
111.94492408 96.79475820 12.23793836
111.74027435 96.72097647 12.44322976
111.54349322 96.65415749 12.65959210
111.36480342 96.60094141 12.89377742
111.19473096 96.55420472 13.13645225
111.04832433 96.51842532 13.39194479
110.95820874 96.50870869 13.67792525
110.86809316 96.49899206 13.96390571
110.78124305 96.49093501 14.25026424
110.78854692 96.53072869 14.54752375
110.79585078 96.57052236 14.84478325
110.81263940 96.58431009 15.14302031
110.83663192 96.57834564 15.44199986
110.86062445 96.57238120 15.74097941
110.87749490 96.54788228 16.03899608
110.88893660 96.50925561 16.33627881
110.89822598 96.45828491 16.63132782
110.90403828 96.38737251 16.92276828
110.90985057 96.31646012 17.21420874
110.94936254 96.23498610 17.49966201
110.99720972 96.15089979 17.78363442
111.04985988 96.06842848 18.06683804
111.14315969 95.99962563 18.34353504
111.23645950 95.93082278 18.62023203
111.32607277 95.86343990 18.89847713
111.41389221 95.79674797 19.17747550
111.52610788 95.74862631 19.45104483
111.64466019 95.70532806 19.72320402
111.76321249 95.66202982 19.99536322
111.91650220 95.64094976 20.25175419
112.07552183 95.62353459 20.50554420
112.20609792 95.60613168 20.77416046
112.32305903 95.58873464 21.04987356
112.44002014 95.57133760 21.32558666
112.52481551 95.54470074 21.61054449
112.58561133 95.51116984 21.90240001
112.64640716 95.47763895 22.19425553
112.69276102 95.39701430 22.47875993
112.73673807 95.30863908 22.76205450
112.78071511 95.22026387 23.04534908
112.81833811 95.13430642 23.33023107
112.85099712 95.05023780 23.61635321
112.88365613 94.96616918 23.90247535
112.90471643 94.85972447 24.18006611
112.90661803 94.71631906 24.44356478
112.90851963 94.57291366 24.70706345
112.91805550 94.41405958 24.95821587
112.95472325 94.20030157 25.16549022
112.97711623 93.97348735 25.35748950
112.97155440 93.72110470 25.51957509
112.96599258 93.46872204 25.68166067
112.96021426 93.21447998 25.84039937
112.95253161 92.94388281 25.96969925
112.94066348 92.66714468 26.08294655
112.92276979 92.38156577 26.17308392
112.90426599 92.09395098 26.25350131
112.88287439 91.79669983 26.28791148
112.86148279 91.49944868 26.32232164
112.84009119 91.20219753 26.35673181
112.83167796 90.90303714 26.37648914
112.82467283 90.60366959 26.39465668
112.84941487 90.30574345 26.38572192
112.88413182 90.00827020 26.36827167
112.91884876 89.71079695 26.35082142
112.95717183 89.41712382 26.31005537
112.99944454 89.12761282 26.24375238
113.04171726 88.83810183 26.17744940
113.11099730 88.55039369 26.13019286
113.18498893 88.26300007 26.08625908
113.25898056 87.97560645 26.04232531
113.32707003 87.68483543 26.02358404
113.39112982 87.39175851 26.02204289
113.45518961 87.09868159 26.02050174
113.52764125 86.80789629 26.02033754
113.62115760 86.52286329 26.02362969
113.71467395 86.23783029 26.02692184
113.80048882 85.95060338 26.02439521
113.87608609 85.66046579 26.01414874
113.95168336 85.37032821 26.00390227
113.97761833 85.07533251 26.02361525
113.97546093 84.77758872 26.06027535
113.97330352 84.47984494 26.09693544
113.90233235 84.19317551 26.14140504
113.78074529 83.92648320 26.20058462
113.64788080 83.66499821 26.26361480
113.49317706 83.42048953 26.32906414
113.28185886 83.21998897 26.40078471
113.07054066 83.01948842 26.47250528
112.84303045 82.84552257 26.54862504
112.57969592 82.73026396 26.63447786
112.31636138 82.61500536 26.72033068
112.04895858 82.53125731 26.81716328
111.77397548 82.50622197 26.93445420
111.50088842 82.49274323 27.05625918
111.23267615 82.50897675 27.18966993
110.96446388 82.52521026 27.32308068
110.69716580 82.55780212 27.45448517
110.43061308 82.60373107 27.58425394
110.17384941 82.66938994 27.72132335
109.93477966 82.77071108 27.87158885
109.69889942 82.87920376 28.02062931
109.48206461 83.03051990 28.16235474
109.26522981 83.18183604 28.30408018
109.05703684 83.34899670 28.43995300
108.85488651 83.52723637 28.57173349
108.65273618 83.70547605 28.70351398
108.44551040 83.89314029 28.81105852
108.23630435 84.08448166 28.90914707
108.02709831 84.27582303 29.00723562
107.88153686 84.51868470 29.09350593
107.75817354 84.77951577 29.17565425
107.63481022 85.04034683 29.25780256
107.59416052 85.28441693 29.42095271
107.56656345 85.52584208 29.59688534
107.55131286 85.75596768 29.78779272
107.54496614 85.97794444 29.98949938
107.54522625 86.20067388 30.19006770
107.56923209 86.42610856 30.38654468
107.59323793 86.65154323 30.58302166
107.61724377 86.87697791 30.77949864
107.67064064 87.11485621 30.95398126
107.72636212 87.35371870 31.12672428
107.81036270 87.59187182 31.28790996
107.90182800 87.82983769 31.44604490
107.99329330 88.06780356 31.60417984
108.09628986 88.30883379 31.74955726
108.20540514 88.55149002 31.88816531
108.31452042 88.79414625 32.02677337
108.43516820 89.02773230 32.17090250
108.56092068 89.25730358 32.31747545
108.68667315 89.48687486 32.46404840
108.82474860 89.70963976 32.61002072
108.96295582 89.93233188 32.75598661
109.09663635 90.14593601 32.91839088
109.22877911 90.35645284 33.08637945
109.36036547 90.58251319 33.23255816
109.49178683 90.81318289 33.37226928
109.65289580 91.03511540 33.49352811
109.81598377 91.25646547 33.61355689
109.98878371 91.46169240 33.74397408
110.18288585 91.63155480 33.89717721
110.37698800 91.80141721 34.05038033
110.57086015 91.96918831 34.20554532
110.75944174 92.08885310 34.40583897
110.94802334 92.20851789 34.60613261
111.13666295 92.32775085 34.80660082
111.32828206 92.42480502 35.01603448
111.51990116 92.52185920 35.22546815
111.71299005 92.61450437 35.43517852
111.91658524 92.67563311 35.64686685
112.12192939 92.72709693 35.85856415
112.33396702 92.74157211 36.07029583
112.54600466 92.75604728 36.28202750
112.75804230 92.77052246 36.49375918
