#spline3d 201
60.26219940 88.93479919 6.64622021
60.39473687 88.83038864 6.89427718
60.51893733 88.74053509 7.15168238
60.63764114 88.66027907 7.41525093
60.76558272 88.57206699 7.67079336
60.91726951 88.46340425 7.90570506
61.08217456 88.35876411 8.13223378
61.27448502 88.26246400 8.34138208
61.46679547 88.16616389 8.55053038
61.66981350 88.06721921 8.74566891
61.90363543 87.96066655 8.90050367
62.13745735 87.85411389 9.05533844
62.37268190 87.71075230 9.17057508
62.60830800 87.55685275 9.27447526
62.84269256 87.40001098 9.37657753
63.07341295 87.23448577 9.47337360
63.30413334 87.06896056 9.57016968
63.54074157 86.91392932 9.66741074
63.79871092 86.79697024 9.76626623
64.05668027 86.68001116 9.86512171
64.31452178 86.55574529 9.95358899
64.57216570 86.42018745 10.02600225
64.82980963 86.28462961 10.09841552
65.08984571 86.15982862 10.18063041
65.35039468 86.03733398 10.26494684
65.61149640 85.91533693 10.34781539
65.88832402 85.80749639 10.38949117
66.16515165 85.69965585 10.43116696
66.44197927 85.59181531 10.47284274
66.72187845 85.48768266 10.50123682
67.00188104 85.38367486 10.52918371
67.28188363 85.27966705 10.55713061
67.54500497 85.13787533 10.58189958
67.80764812 84.99501332 10.60657853
68.07021750 84.85206055 10.63148340
68.33095988 84.70686013 10.66198257
68.59170226 84.56165971 10.69248175
68.85846766 84.43411698 10.73533446
69.13404704 84.33241419 10.79626511
69.40962641 84.23071140 10.85719576
69.68497519 84.12725257 10.91529931
69.95818376 84.00749568 10.94716405
70.23139233 83.88773879 10.97902879
70.50460090 83.76798190 11.01089354
70.77195944 83.65044314 11.07928506
71.03920441 83.53294744 11.14838568
71.30644938 83.41545175 11.21748630
71.57875754 83.31792455 11.29628660
71.85230795 83.22529665 11.37746672
72.12889006 83.13791536 11.45391485
72.40662991 83.05253760 11.52855595
72.68269073 82.97217711 11.61356899
72.95744645 82.89571654 11.70664411
73.21940214 82.79095994 11.80526448
73.47262169 82.66689103 11.90766952
73.72598371 82.55293382 12.01974635
73.97953503 82.45241220 12.14467429
74.23308635 82.35189059 12.26960223
74.48610706 82.26275321 12.40217534
74.73783376 82.20137845 12.55339269
74.98956046 82.14000369 12.70461004
75.24276751 82.08333117 12.85511304
75.49736312 82.03106932 13.00494597
75.74820856 81.97729709 13.16042150
75.99806954 81.92312836 13.31737827
76.23723833 81.86281501 13.48788035
76.47354732 81.80085817 13.66200536
76.68530220 81.72287649 13.85682831
76.87565318 81.63092589 14.06969374
77.06600416 81.53897528 14.28255917
77.24404528 81.44869804 14.50525212
77.39464889 81.36215055 14.74984969
77.54525250 81.27560307 14.99444727
77.69451021 81.18913642 15.23975757
77.80419296 81.10504650 15.50602519
77.91387570 81.02095659 15.77229281
78.01738652 80.93717046 16.04097902
78.11066168 80.85388813 16.31367628
78.20393685 80.77060580 16.58637353
78.29630963 80.68820950 16.85962866
78.38408833 80.61032403 17.13572391
78.47186703 80.53243857 17.41181915
78.53731027 80.45458143 17.69330182
78.58486648 80.37674698 17.97909893
78.63050958 80.28794660 18.26183540
78.67484189 80.19163270 18.54247481
78.72083890 80.08300761 18.81808590
78.76798022 79.96591983 19.09024054
78.81882089 79.84918282 19.36186774
78.87129212 79.73260042 19.63326247
78.90356259 79.64253004 19.91679708
78.92854730 79.56202168 20.20471015
78.95663067 79.44571731 20.47864613
78.98605563 79.31391495 20.74653069
79.01548058 79.18211258 21.01441524
79.04198730 79.05061367 21.28274070
79.06624195 78.91934893 21.55140642
79.08762764 78.77233710 21.80998949
79.10047525 78.57846170 22.03856644
79.11332287 78.38458630 22.26714340
79.12617048 78.19071090 22.49572036
79.13036653 77.93557395 22.65248473
79.13426178 77.67830698 22.80675222
79.12012409 77.41188814 22.94209965
79.09417706 77.13947597 23.06505678
79.06823003 76.86706380 23.18801390
78.99993764 76.60464548 23.31329916
78.91433004 76.34631369 23.43953640
78.82872245 76.08798190 23.56577365
78.76720112 75.81131323 23.66025975
78.71496611 75.52757490 23.74250439
78.66023618 75.24083242 23.80362843
78.59984187 74.94726943 23.81680092
78.53944756 74.65370643 23.82997341
78.47852111 74.36028440 23.84197553
78.40244018 74.07087683 23.82064701
78.32635925 73.78146926 23.79931849
78.26139924 73.49015725 23.77560498
78.22614213 73.19375867 23.74552141
78.19088502 72.89736009 23.71543784
78.15587520 72.60054018 23.70523704
78.12122065 72.30311498 23.72360101
78.08656609 72.00568978 23.74196499
78.06611027 71.70900936 23.77860514
78.05146720 71.41263386 23.82272731
78.04073001 71.11625215 23.86580023
78.07464371 70.81979960 23.89687839
78.10855742 70.52334705 23.92795655
78.14247112 70.22689450 23.95903471
78.21367755 69.94386315 24.02247097
78.29626004 69.66492590 24.09577799
78.38566383 69.39653781 24.18725736
78.49751539 69.16286521 24.33853886
78.60936695 68.92919262 24.48982036
78.77509843 68.77994432 24.68843334
78.94439166 68.63627693 24.89017519
79.11447838 68.49490824 25.09212778
79.32463144 68.46961210 25.30472185
79.53478451 68.44431597 25.51731591
79.74321615 68.50415414 25.72239956
79.95143198 68.57466600 25.92654160
80.15964780 68.64517785 26.13068364
80.35294225 68.76676498 26.32225827
80.54048226 68.90804937 26.50898627
80.72802226 69.04933376 26.69571426
80.90772645 69.21386133 26.86860507
81.08006358 69.40024164 27.02848647
81.25240071 69.58662195 27.18836787
81.42066332 69.78998206 27.32836841
81.58466464 70.01110029 27.44757682
81.74866597 70.23221852 27.56678524
81.84003105 70.49396939 27.68132989
81.91455697 70.76248586 27.78971001
81.96135248 71.04209319 27.88784165
82.00814800 71.32170052 27.98597328
82.04725303 71.60073363 28.08688300
82.03732335 71.87610552 28.20550586
82.02739367 72.15147742 28.32412871
81.99862675 72.41877231 28.45558378
81.95551974 72.67991849 28.59680753
81.91241273 72.94106467 28.73803128
81.80975333 73.17848314 28.88972921
81.70594699 73.41544463 29.04162886
81.60214065 73.65240612 29.19352852
81.46536394 73.85843397 29.36082490
81.31620491 74.05284441 29.53390368
81.16704587 74.24725485 29.70698245
80.99949888 74.44565486 29.85593898
80.82454098 74.64566279 29.99517353
80.64575794 74.84300878 30.13282928
80.44457500 75.02476662 30.26123964
80.24339206 75.20652445 30.38965001
80.02308523 75.38192668 30.48924622
79.79072262 75.55332231 30.57067789
79.55836001 75.72471793 30.65210955
79.32159343 75.89843957 30.69870885
79.07916856 76.07514971 30.70055517
78.83259194 76.24472697 30.69547455
78.57109026 76.38866235 30.66549243
78.30183284 76.50741066 30.65984731
78.01228271 76.56025757 30.71787937
77.72236730 76.58986129 30.77982834
77.43164025 76.56781869 30.85048068
77.14091320 76.54577608 30.92113302
76.85056077 76.52117210 30.99208024
76.56332288 76.47527349 31.06547903
76.27608500 76.42937488 31.13887783
75.99755420 76.35720334 31.22161710
75.72275566 76.27377004 31.30836012
75.45515193 76.18875513 31.40742108
75.23460919 76.09339494 31.58705320
75.01406645 75.99803475 31.76668531
74.79594820 75.90264151 31.94882344
74.60786326 75.80683886 32.16200459
74.41977831 75.71103621 32.37518573
74.23169337 75.61523356 32.58836688
74.04710035 75.50294278 32.79637291
73.86306225 75.38803175 33.00355653
73.69455250 75.27146069 33.22227801
73.53330876 75.15411288 33.44639829
73.37206502 75.03676506 33.67051857
