#spline3d 254
119.99700165 83.71040344 4.34604979
119.97250904 83.57848236 4.61437223
119.94801644 83.44656129 4.88269467
119.89341406 83.31027946 5.14340042
119.82416846 83.17187689 5.40040198
119.73128417 83.03632834 5.64977146
119.60762262 82.90449569 5.88920408
119.48396106 82.77266304 6.12863670
119.35591466 82.63953550 6.36478518
119.21194575 82.50170586 6.58900812
119.06797683 82.36387623 6.81323106
118.92182604 82.22181006 7.03242018
118.75690868 82.04330517 7.20831301
118.59199132 81.86480029 7.38420584
118.41584273 81.68366693 7.54539792
118.23392144 81.50118257 7.69903399
118.04681188 81.31693144 7.84376036
117.85516031 81.13113362 7.98068682
117.66350874 80.94533580 8.11761328
117.46559184 80.76442576 8.25186287
117.26076629 80.58890537 8.38316073
117.03134400 80.42410451 8.48272183
116.79773985 80.26112614 8.57688715
116.56413571 80.09814777 8.67105248
116.30249864 79.96558319 8.73193640
116.03821713 79.83588763 8.78968079
115.77438308 79.70323781 8.83752006
115.51266874 79.55659285 8.83843615
115.25107048 79.40974700 8.83966739
114.99030420 79.26146118 8.84315759
114.72953792 79.11317537 8.84664779
114.47452557 78.95641961 8.84081943
114.23038890 78.78365455 8.81737778
113.98625223 78.61088950 8.79393613
113.73897956 78.44365055 8.76782021
113.47815791 78.30028692 8.73015020
113.21733626 78.15692329 8.69248018
112.94538872 78.04164825 8.64102261
112.67234790 77.92913328 8.58821024
112.39930709 77.81661832 8.53539787
112.11961252 77.71339146 8.50866815
111.83662956 77.61475495 8.49482891
111.55364660 77.51611843 8.48098967
111.27134187 77.41512750 8.47161070
110.98947908 77.31260240 8.46513810
110.70733418 77.21111858 8.45687429
110.42345241 77.11604539 8.43758283
110.13957064 77.02097220 8.41829137
109.85585748 76.92528944 8.40062885
109.57433235 76.82169628 8.40410520
109.29280721 76.71810313 8.40758155
109.01128208 76.61450997 8.41105791
108.73317482 76.50214441 8.40995233
108.45597919 76.38743905 8.40762465
108.17823940 76.27409783 8.40579803
107.89797876 76.16707607 8.40629263
107.61259201 76.07521672 8.40996950
107.32522917 75.98920244 8.41487312
107.03786632 75.90318817 8.41977675
106.76351112 75.80395568 8.47575744
106.49685737 75.69689706 8.56197937
106.23020362 75.58983844 8.64820131
105.97010578 75.47654250 8.74403792
105.72236127 75.35149352 8.85799154
105.47461677 75.22644453 8.97194517
105.22726916 75.10120527 9.08648842
104.99029715 74.97099178 9.21644560
104.75332515 74.84077830 9.34640278
104.51837908 74.71014139 9.47937862
104.29127549 74.57786540 9.62403976
104.06417189 74.44558941 9.76870089
103.84339943 74.32781299 9.93123191
103.63342719 74.23477124 10.12424698
103.42345495 74.14172949 10.31726205
103.22578044 74.05403258 10.52427601
103.04051381 73.97172836 10.74541423
102.85524717 73.88942415 10.96655245
102.66791820 73.81323071 11.18812964
102.49723880 73.74080499 11.42247315
102.35274916 73.67284731 11.67645007
102.20825952 73.60488964 11.93042699
102.10202082 73.52502197 12.19856049
102.00508211 73.44225862 12.47013588
101.90877497 73.35907143 12.74179422
101.81962858 73.27107877 13.01439289
101.73048218 73.18308611 13.28699156
101.65293598 73.09648006 13.56295768
101.60117232 73.01295585 13.84640828
101.54940867 72.92943164 14.12985888
101.52589524 72.84210838 14.41417013
101.53673500 72.75016535 14.69952796
101.54757477 72.65822231 14.98488579
101.57973872 72.57219357 15.27035065
101.61514026 72.48706277 15.55583176
101.65612200 72.41730966 15.84410751
101.70423600 72.36721138 16.13595519
101.75234999 72.31711309 16.42780287
101.80688646 72.26137935 16.71725267
101.87269172 72.19575771 17.00249518
101.93849698 72.13013607 17.28773769
102.00479154 72.06269453 17.57236308
102.07667008 71.97448403 17.84994580
102.14971179 71.88624607 18.12714216
102.25444322 71.79725987 18.39381222
102.35917465 71.70827367 18.66048227
102.47168634 71.61544194 18.92215515
102.60366260 71.51298952 19.17132615
102.73563887 71.41053710 19.42049714
102.84966084 71.31781360 19.68197892
102.96277409 71.22558250 19.94408379
103.08577881 71.13910356 20.20345365
103.21726771 71.05755841 20.46047763
103.34867614 70.97640965 20.71766138
103.47859825 70.90258166 20.97779584
103.60852036 70.82875367 21.23793029
103.73844248 70.75492568 21.49806475
103.90026755 70.66746048 21.73485499
104.06378920 70.57927008 21.97040381
104.22731085 70.49107967 22.20595262
104.39700622 70.38800673 22.43056284
104.56881395 70.27984168 22.65143039
104.73833029 70.16662183 22.87116902
104.89638443 70.02811636 23.08526053
105.05443857 69.88961089 23.29935203
105.21433414 69.74400492 23.50603038
105.38297359 69.56468262 23.67750780
105.55161305 69.38536032 23.84898523
105.71993983 69.19163067 24.00087768
105.88770411 68.97198151 24.11753581
106.05546838 68.75233235 24.23419395
106.20807579 68.51194360 24.32092098
106.34702033 68.25285952 24.38066718
106.48596487 67.99377545 24.44041338
106.60741557 67.72510582 24.48923780
106.70578598 67.44378960 24.52365269
106.80415639 67.16247338 24.55806758
106.89369306 66.87889313 24.59074906
106.93224247 66.58224519 24.61342557
106.97079188 66.28559725 24.63610208
106.99778551 65.98749752 24.65033636
107.01330548 65.68795631 24.65618841
107.02882544 65.38841510 24.66204047
107.02467886 65.09048738 24.68165208
106.99208195 64.79489381 24.72116878
106.95948504 64.49930023 24.76068548
106.90477706 64.21300166 24.82718208
106.83958074 63.93111215 24.90647653
106.74510740 63.66140351 24.99364068
106.63048598 63.40007757 25.08622066
106.51586456 63.13875164 25.17880064
106.36948855 62.90161607 25.28731483
106.21339093 62.67188634 25.40070725
106.05729331 62.44215661 25.51409968
105.87083633 62.24560943 25.63946808
105.67196981 62.06262579 25.76973173
105.46884746 61.89864666 25.91588487
105.26241729 61.74943873 26.07438808
105.05097338 61.64530626 26.25921804
104.83900878 61.54585493 26.44678205
104.62704419 61.44640360 26.63434607
104.40630262 61.37644124 26.82340347
104.17967994 61.32623830 27.01346153
103.95305727 61.27603536 27.20351958
103.71267545 61.26707554 27.37854789
103.46253151 61.28737775 27.54291257
103.21238756 61.30767997 27.70727726
102.96725227 61.36402139 27.86951482
102.72367632 61.43158281 28.03109015
102.48021293 61.50028298 28.19224581
102.23940737 61.59586889 28.34349301
101.99447204 61.68796821 28.49019726
101.74936887 61.77992583 28.63671689
101.50426571 61.87188346 28.78323652
101.27697591 61.98964552 28.93777339
101.05971115 62.12192983 29.09682221
100.84244638 62.25421415 29.25587103
100.62915880 62.39271444 29.41485640
100.41948608 62.53686443 29.57378409
100.20981337 62.68101443 29.73271178
100.00373171 62.83219648 29.88940562
99.80411755 62.99604331 30.04207628
99.60879669 63.16530414 30.19392720
99.42605503 63.35042781 30.34337627
99.24331337 63.53555148 30.49282535
99.10548647 63.75050668 30.65017190
98.96826116 63.96586143 30.80762423
98.83545527 64.18702199 30.96038455
98.70938564 64.41703198 31.10599313
98.58331601 64.64704198 31.25160171
98.47462324 64.88754550 31.39053880
98.40552778 65.15196106 31.51427328
98.33643232 65.41637661 31.63800776
98.28956822 65.68878446 31.75163289
98.26583320 65.96950734 31.85474046
98.24209817 66.25023022 31.95784802
98.22773931 66.53006208 32.06387807
98.23704950 66.80764467 32.17728561
98.24635970 67.08522726 32.29069315
98.26036308 67.36125426 32.40602565
98.32628516 67.62007244 32.54265316
98.39220723 67.87889062 32.67928067
98.47687572 68.13199842 32.81616706
98.56297978 68.38466891 32.95307328
98.66133313 68.63596837 33.08348290
98.77032246 68.88607736 33.20825156
98.91420208 69.11339283 33.33904665
99.06829290 69.33403740 33.47160547
99.22192666 69.55492290 33.60429224
99.37493872 69.77613610 33.73715305
99.52795078 69.99734930 33.87001386
99.68867899 70.21109574 34.00561025
99.85522050 70.41921677 34.14326762
100.02176200 70.62733780 34.28092498
100.19446649 70.83437018 34.41182598
100.37990993 71.03915230 34.52876146
100.56035653 71.25478977 34.63116345
100.73440959 71.48431681 34.71496965
100.90846264 71.71384385 34.79877584
101.09095556 71.94108915 34.86953001
101.27556451 72.16733499 34.93826904
101.46374449 72.38870962 35.01297504
101.65192447 72.61008425 35.08768104
101.84293172 72.81801829 35.18899860
102.03398593 73.02572911 35.29075813
102.23070662 73.22865939 35.39063934
102.44142952 73.41977669 35.48587906
102.65355605 73.60949853 35.58072518
102.87006101 73.79486745 35.67434351
103.08656597 73.98023637 35.76796184
103.30307093 74.16560528 35.86158018
103.50490611 74.34611827 35.99023972
103.70549695 74.52621935 36.12187158
103.90608779 74.70632044 36.25350344
104.12283326 74.88541984 36.35547559
104.34730764 75.06404000 36.44325755
104.56896365 75.24379700 36.53558138
104.78762239 75.42476301 36.63273538
105.01212008 75.60354746 36.71891233
105.24432099 75.77945382 36.79060742
105.47240589 75.95294554 36.87606335
105.68931990 76.11988390 36.99886617
105.90623392 76.28682226 37.12166900
106.12308784 76.45287410 37.24567395
106.33928350 76.60921429 37.38284802
106.55547916 76.76555449 37.52002209
106.76643219 76.90009468 37.68461578
106.97610168 77.02929763 37.85592253
107.19090041 77.15478652 38.02337209
107.41268472 77.27521718 38.18556849
107.63446904 77.39564783 38.34776489
107.83590834 77.50901031 38.53852378
108.03446391 77.62137093 38.73333117
108.21530139 77.72793538 38.94626040
108.38035871 77.82933760 39.17532939
