#spline3d 254
121.04699707 88.27169800 4.57148981
120.97235628 88.10401209 4.80878750
120.89771549 87.93632618 5.04608520
120.81973975 87.76620332 5.27995821
120.70916447 87.57225896 5.48035455
120.60522124 87.37767754 5.68334475
120.51799477 87.18149032 5.89287305
120.40857182 86.98771369 6.09212979
120.27070593 86.79702603 6.27822438
120.12442200 86.60902624 6.46022197
119.96625325 86.42482124 6.63643531
119.80414894 86.23900215 6.80684694
119.63038498 86.04840111 6.96007022
119.45662103 85.85780007 7.11329351
119.27880974 85.67248852 7.26799069
119.09129438 85.49985925 7.42622175
118.90163374 85.32807953 7.58254592
118.69203723 85.16419454 7.72114969
118.48244073 85.00030954 7.85975347
118.27284423 84.83642455 7.99835725
118.04538419 84.68874297 8.12658575
117.81767810 84.54128456 8.25467134
117.58997202 84.39382616 8.38275694
117.36740247 84.21210687 8.46685214
117.14543726 84.02635670 8.54577174
116.92788041 83.83742059 8.62844414
116.72419638 83.63845859 8.72292629
116.52051234 83.43949659 8.81740844
116.31602201 83.24093396 8.91083625
116.09987131 83.04814695 8.98901662
115.88372062 82.85535995 9.06719699
115.66078520 82.66853328 9.14036748
115.43519912 82.48403520 9.21158071
115.20557529 82.30193667 9.27540144
114.97385088 82.12108649 9.33537631
114.74209736 81.94025941 9.39530823
114.51023209 81.75952107 9.45507524
114.27836682 81.57878274 9.51484225
114.04540331 81.39682980 9.56552407
113.81176353 81.21412894 9.61061146
113.57812376 81.03142807 9.65569885
113.34083496 80.85372516 9.70109925
113.09836203 80.68312280 9.74694435
112.85588910 80.51252043 9.79278945
112.62402391 80.32705715 9.83342491
112.39776977 80.13373305 9.87130470
112.16046850 79.95761180 9.91841923
111.91329574 79.79686270 9.97378576
111.66612969 79.63508544 10.02546978
111.41899392 79.46867331 10.06055320
111.17185815 79.30226118 10.09563662
110.92472238 79.13584905 10.13072005
110.68792305 78.96488334 10.19888769
110.45154698 78.79373117 10.26841005
110.21517090 78.62257900 10.33793241
109.97003870 78.45706323 10.38668400
109.72266537 78.29299010 10.43011932
109.47529204 78.12891698 10.47355463
109.23015583 77.97015930 10.53864398
108.98710311 77.81635210 10.62390050
108.74405040 77.66254489 10.70915702
108.50719211 77.50894679 10.80835433
108.28272601 77.35576703 10.93544073
108.05825990 77.20258727 11.06252712
107.83598850 77.05744041 11.20091730
107.61790294 76.92761421 11.36086651
107.39981738 76.79778802 11.52081573
107.18280724 76.67153296 11.68470524
106.96968387 76.55818453 11.86283559
106.75656050 76.44483610 12.04096595
106.54661802 76.33677594 12.22579304
106.33997788 76.23420596 12.41757256
106.13160765 76.13916281 12.61117977
105.92145091 76.05189188 12.80667425
105.71129417 75.96462094 13.00216874
105.52009404 75.88787219 13.21794617
105.35023487 75.82296910 13.45655773
105.18037570 75.75806601 13.69516928
105.01837768 75.69954679 13.93993667
104.87994828 75.66016712 14.20315990
104.74151887 75.62078746 14.46638314
104.62196491 75.59674158 14.74021591
104.50627375 75.57583372 15.01621988
104.39422022 75.55818451 15.29378706
104.29445967 75.55154754 15.57663689
104.19579385 75.54500079 15.85982085
104.12144085 75.54045775 16.15042534
104.06856741 75.55791317 16.44294258
104.04587431 75.60627800 16.73814736
104.02318121 75.65464284 17.03335214
104.00430410 75.70734471 17.32785106
104.00081568 75.77753649 17.61950349
103.99732726 75.84772826 17.91115592
104.00495665 75.91134985 18.20366183
104.03479024 75.96184964 18.49787230
104.06462383 76.01234942 18.79208277
104.10338427 76.06556872 19.08386447
104.19291632 76.13425531 19.36183243
104.28244837 76.20294191 19.63980040
104.36846063 76.26924944 19.91937523
104.44711777 76.33058558 20.20230785
104.52236929 76.39320056 20.48578275
104.58289399 76.46134565 20.77160266
104.64341870 76.52949074 21.05742256
104.70394341 76.59763582 21.34324247
104.76975709 76.69887542 21.61770418
104.83595075 76.80249259 21.89134990
104.89146055 76.89735673 22.17020295
104.93911483 76.98578500 22.45288480
104.98463199 77.09005590 22.72950195
105.02621259 77.22350887 22.99494793
105.06779320 77.35696184 23.26039391
105.10776715 77.48767852 23.52708356
105.12117811 77.57315575 23.81433499
105.13458907 77.65863297 24.10158642
105.14070804 77.72447408 24.39238913
105.12968817 77.74416306 24.69153865
105.10962717 77.74817910 24.98957123
105.06871780 77.71605415 25.28502817
105.01269943 77.65346096 25.57055139
104.93957833 77.55637902 25.84483006
104.86070228 77.44831716 26.11246392
104.76804799 77.31396770 26.36418909
104.67539371 77.17961824 26.61591426
104.56997202 77.00507909 26.83342027
104.45973051 76.81536789 27.03800818
104.32225434 76.62028020 27.21488978
104.15372755 76.41906268 27.36018303
103.98520077 76.21784516 27.50547628
103.81937508 75.99917091 27.61829432
103.65741432 75.75551825 27.68464438
103.49545356 75.51186560 27.75099443
103.32717111 75.26714852 27.78047061
103.15470992 75.02172784 27.78557249
102.98224872 74.77630716 27.79067438
102.83119723 74.52251062 27.76526639
102.71132623 74.25651570 27.69542467
102.63536437 73.98663944 27.59183940
102.56890363 73.71592333 27.48095265
102.50244289 73.44520722 27.37006590
102.49418938 73.18375624 27.22784562
102.50355568 72.92510989 27.07614042
102.51292197 72.66646353 26.92443521
102.56788643 72.41518209 26.77346364
102.64515805 72.16750365 26.62285097
102.72242967 71.91982521 26.47223831
102.83119084 71.68875873 26.31832714
102.96681646 71.47186430 26.16160194
103.10244207 71.25496987 26.00487674
103.23725419 71.04134613 25.84306722
103.37494216 70.82686603 25.68524776
103.52334106 70.60684945 25.54535469
103.67173996 70.38683286 25.40546162
103.81854927 70.14853071 25.30470599
103.96407630 69.89547831 25.23552097
104.10960334 69.64242591 25.16633596
104.26699701 69.39138755 25.12646080
104.43168444 69.14158710 25.10460080
104.59637187 68.89178665 25.08274079
104.78036523 68.65508143 25.08523459
104.96624059 68.41965277 25.09010247
105.15136602 68.18404310 25.09837422
105.32736624 67.94623094 25.14806499
105.49411466 67.70527425 25.20612759
105.61820196 67.44981773 25.30279367
105.74228927 67.19436121 25.39945975
105.81856177 66.95956942 25.56172562
105.87626436 66.73280321 25.74946858
105.93396695 66.50603700 25.93721155
105.94108621 66.29619024 26.14729474
105.92129984 66.09534305 26.36926084
105.90151346 65.89449586 26.59122694
105.80823979 65.73033626 26.82222212
105.70428274 65.57151021 27.05452993
105.58858245 65.42397744 27.28656320
105.42830533 65.31931356 27.51755435
105.26802820 65.21464968 27.74854550
105.08367229 65.15791118 27.97591832
104.90482193 65.16042789 28.21545871
104.73036208 65.17528369 28.45906317
104.55248004 65.19684185 28.69831190
104.34502609 65.27631631 28.89992181
104.13757213 65.35579078 29.10153172
103.92526770 65.44545245 29.29250485
103.70455239 65.55277903 29.46503348
103.48383709 65.66010562 29.63756211
103.25711369 65.77534853 29.79513186
103.02130807 65.90255827 29.93008881
102.78539347 66.03006548 30.06451409
102.54491347 66.17003350 30.17666746
102.30443348 66.31000152 30.28882082
102.07428132 66.46315866 30.40467547
101.84941716 66.62306883 30.52242524
101.62449596 66.78284621 30.64024261
101.39764136 66.93812274 30.76035150
101.17837577 67.09971441 30.88547450
100.96869990 67.26928612 31.01693350
100.75902404 67.43885782 31.14839250
100.55200144 67.60938739 31.28251161
100.35793042 67.78459266 31.42961569
100.16385940 67.95979792 31.57671978
100.00450262 68.14824215 31.73986252
99.89768898 68.35672477 31.92728122
99.79087534 68.56520739 32.11469992
99.71315701 68.78009498 32.30567051
99.67788648 69.00432692 32.50182303
99.64261595 69.22855886 32.69797555
99.60989072 69.45846864 32.88739246
99.58296537 69.70131631 33.06146121
99.55604001 69.94416398 33.23552996
99.53785967 70.18724707 33.40846074
99.59551623 70.43237180 33.57152303
99.65317280 70.67749653 33.73458531
99.77245641 70.91713031 33.86667050
99.90333075 71.15573136 33.99292956
100.03420510 71.39433241 34.11918861
100.16854245 71.64322938 34.21802725
100.30381343 71.89490215 34.30947330
100.45145015 72.13842514 34.40042852
100.63439736 72.35867634 34.48998222
100.81734457 72.57892754 34.57953592
101.02598185 72.77935006 34.65332087
101.25154240 72.96671047 34.71671822
101.47721309 73.15417976 34.77908575
101.70684481 73.34556416 34.80441789
101.95520959 73.51139249 34.81347676
102.21441114 73.66243704 34.81312182
102.48213964 73.79495393 34.80769055
102.76398364 73.89680024 34.79385597
103.04582763 73.99864655 34.78002139
103.32761011 74.10071889 34.76781618
103.60868930 74.20537525 34.77423759
103.88976850 74.31003161 34.78065899
104.17084770 74.41468796 34.78708039
104.46380126 74.47721790 34.79504111
104.75802443 74.53524363 34.80316641
105.05224760 74.59326936 34.81129171
105.34545849 74.65140320 34.78920985
105.63849254 74.70955593 34.76185129
105.93160674 74.75247940 34.72069940
106.22482498 74.77563769 34.66164595
106.51934977 74.79402552 34.60817566
106.81524626 74.80740504 34.56056688
107.11114275 74.82078455 34.51295811
107.40771370 74.83210925 34.47200637
107.70759863 74.83333752 34.46376439
108.00748356 74.83456579 34.45552242
108.30650312 74.82440449 34.45699216
108.60366695 74.78981915 34.47928793
108.90083078 74.75523382 34.50158369
109.19475732 74.70424057 34.53130600
109.48748778 74.64718508 34.56377221
109.77742353 74.57773188 34.58989381
110.06137821 74.48174570 34.60243700
