#spline3d 209
116.53199768 87.83219910 4.19178009
116.71629105 87.77022399 4.42024245
116.89963390 87.70725788 4.64909441
117.06083776 87.62120959 4.88702088
117.22204161 87.53516129 5.12494735
117.37354272 87.45002759 5.36939131
117.52173880 87.36520543 5.61605530
117.66993487 87.28038326 5.86271929
117.82261733 87.19196747 6.10528210
117.97835773 87.10110222 6.34504949
118.13350799 87.00737569 6.58394922
118.28417079 86.89189174 6.81625111
118.43483359 86.77640779 7.04855301
118.57832487 86.65355170 7.28043878
118.68488529 86.49273164 7.51018163
118.79144570 86.33191159 7.73992448
118.89800405 86.17109127 7.96966780
118.94144598 86.00228277 8.21383275
118.98488792 85.83347426 8.45799770
119.02832986 85.66466576 8.70216265
119.06134357 85.51840679 8.96189735
119.09367483 85.37362355 9.22265100
119.12600608 85.22884030 9.48340465
119.12407293 85.06959595 9.73617304
119.10448276 84.90289955 9.98482650
119.08489258 84.73620315 10.23347995
119.03407277 84.58502535 10.48730991
118.97991363 84.43550694 10.74169338
118.90743866 84.28790299 10.99158298
118.80868372 84.14304596 11.23502468
118.70581754 83.99653980 11.47512977
118.56231382 83.83373281 11.68225412
118.41881010 83.67092582 11.88937847
118.26933720 83.50651134 12.08990950
118.08968579 83.33396985 12.25710651
117.91003439 83.16142837 12.42430352
117.70249346 83.01038076 12.57835570
117.48746259 82.86510550 12.72887774
117.27243172 82.71983024 12.87939978
117.04949700 82.58366505 13.02666256
116.82287299 82.45175219 13.17240401
116.59624898 82.31983933 13.31814547
116.36011803 82.18539071 13.44386257
116.11702479 82.04884245 13.55456439
115.87278557 81.90799017 13.65707244
115.62788080 81.76587377 13.75553888
115.37830335 81.61488203 13.82562943
115.12872591 81.46389030 13.89571998
114.87730039 81.31480183 13.96250745
114.61585099 81.17603671 14.01137904
114.35440158 81.03727159 14.06025062
114.09295218 80.89850647 14.10912221
113.83426754 80.75322859 14.15357829
113.57559297 80.60792698 14.19801828
113.31581797 80.46357571 14.23647154
113.05021469 80.32425775 14.24321703
112.78461142 80.18493979 14.24996253
112.52449103 80.03589494 14.25256977
112.26886272 79.87888093 14.25178658
112.00828131 79.73086740 14.24886659
111.73956833 79.59763006 14.24243861
111.47085535 79.46439272 14.23601062
111.20614785 79.32559046 14.21303015
110.94313402 79.18443511 14.18305060
110.67726926 79.04899456 14.15577285
110.39791121 78.94060172 14.14128257
110.11855316 78.83220888 14.12679229
109.82511354 78.78599392 14.09314634
109.53319803 78.72637244 14.06983150
109.24486130 78.64414446 14.05980053
108.95987534 78.55231279 14.05227773
108.68384955 78.43480031 14.05146192
108.40830286 78.31642335 14.04754042
108.13481162 78.19433750 14.03029440
107.86123021 78.07238862 14.01376511
107.58626043 77.95254888 14.00827219
107.31129064 77.83270914 14.00277927
107.03623933 77.71311198 13.99848945
106.75983999 77.59752584 14.01409297
106.48344066 77.48193971 14.02969650
106.21187084 77.35598549 14.04680790
105.94366285 77.22281401 14.06496896
105.67545487 77.08964253 14.08313001
105.40799817 76.95537441 14.10360244
105.14263823 76.81804564 14.13052580
104.87727829 76.68071686 14.15744915
104.61326466 76.54223650 14.18901119
104.35600947 76.39797521 14.24385934
104.09875428 76.25371392 14.29870749
103.84348351 76.10849423 14.35841048
103.60102536 75.95708654 14.44945917
103.35856722 75.80567886 14.54050787
103.12847509 75.65181532 14.65611701
102.89910225 75.49891566 14.77396588
102.68274464 75.37704710 14.94230276
102.46638703 75.25517854 15.11063965
102.25002943 75.13330998 15.27897653
102.04638051 75.01282363 15.46313213
101.84570566 74.89266075 15.65098958
101.64581470 74.77920676 15.84341219
101.44763804 74.68042418 16.04581820
101.25040742 74.58135667 16.24892712
101.07417975 74.47596342 16.46764135
100.89795208 74.37057018 16.68635557
100.72172440 74.26517693 16.90506979
100.56210775 74.18748555 17.14623358
100.40599842 74.11564324 17.39213747
100.24988908 74.04380093 17.63804135
100.11142543 73.96835113 17.89277880
99.98364973 73.89071629 18.15286671
99.85610955 73.82142375 18.41517859
99.72896177 73.76602990 18.68119569
99.60712825 73.71380703 18.95012295
99.49753882 73.66889011 19.22575520
99.38925887 73.63230527 19.50273174
99.28495496 73.62101947 19.78379000
99.18065104 73.60973367 20.06484826
99.08949417 73.59627801 20.35022594
99.00296312 73.58205889 20.63712341
98.91643206 73.56783976 20.92402088
98.83567843 73.56638620 21.21276596
98.75790264 73.57151238 21.50246334
98.69160102 73.56683186 21.79465912
98.63528999 73.55361263 22.08903026
98.57897895 73.54039340 22.38340140
98.53313020 73.53513965 22.67915585
98.51120228 73.54809807 22.97807308
98.48927436 73.56105649 23.27699030
98.45084027 73.60797403 23.57050882
98.41049558 73.65882234 23.86340244
98.37015090 73.70967065 24.15629605
98.33413046 73.75107854 24.45115785
98.29982301 73.78874674 24.74679931
98.27747833 73.83036682 25.04304552
98.25561347 73.87214540 25.33931598
98.23729212 73.91042777 25.63623497
98.22428021 73.94347159 25.93412568
98.21126831 73.97651540 26.23201639
98.18834639 74.02452421 26.52633490
98.14925741 74.09694673 26.81482576
98.10584919 74.17043771 27.10230149
98.04741634 74.24764540 27.38624604
97.98898348 74.32485308 27.67019059
97.93264381 74.39982001 27.95490128
97.90680396 74.44213681 28.25077552
97.88096412 74.48445361 28.54664975
97.85512428 74.52677042 28.84252399
97.83591419 74.51392230 29.14070400
97.81789257 74.49118513 29.43929735
97.79987095 74.46844795 29.73789070
97.79185242 74.38485035 30.02302285
97.78796743 74.27610364 30.30259248
97.78408245 74.16735694 30.58216211
97.76081692 73.99291004 30.81917372
97.72905063 73.78964552 31.03751839
97.69822727 73.58172674 31.25012252
97.67792225 73.32188935 31.39869064
97.65761723 73.06205196 31.54725875
97.63731220 72.80221458 31.69582686
97.64684599 72.51751404 31.78741572
97.65930729 72.23037414 31.87341428
97.67682062 71.94250971 31.95283296
97.73224707 71.64920793 31.98287266
97.77281474 71.36732412 32.07334638
97.81074559 71.08746654 32.17454466
97.84889607 70.82588447 32.30259316
97.88782161 70.62879838 32.52539866
97.92586963 70.43132619 32.74800605
97.96084568 70.23250236 32.96991989
97.99582174 70.03367854 33.19183373
98.04013799 69.86381315 33.42907376
98.10778218 69.76627392 33.70459226
98.17542637 69.66873469 33.98011076
98.24303848 69.57277395 34.25579354
98.30785898 69.61415326 34.54576973
98.37267949 69.65553257 34.83574591
98.43750000 69.69691188 35.12572210
98.51991087 69.79459906 35.39587766
98.60227060 69.91085349 35.65805900
98.65581774 70.10644990 35.87913563
98.70936488 70.30204631 36.10021227
98.77682763 70.50660515 36.30478428
98.88898424 70.73994939 36.45634707
99.00114084 70.97329362 36.60790986
99.11329745 71.20663786 36.75947265
99.25602877 71.45320092 36.85275581
99.39965904 71.70015264 36.94432544
99.56178096 71.93191712 37.04067335
99.74621789 72.14535426 37.14278748
99.93065482 72.35879140 37.24490162
100.11846501 72.56446261 37.35581085
100.30911772 72.76358972 37.47413143
100.49977044 72.96271683 37.59245201
100.70162406 73.14536282 37.71438916
100.93151642 73.28675237 37.84537949
101.16140878 73.42814192 37.97636982
101.38972712 73.56131661 38.11635661
101.61242521 73.66515909 38.28846646
101.83644518 73.76690567 38.46006891
102.06352876 73.86379471 38.63049539
102.28752581 73.95693719 38.80610234
102.49243585 74.02691099 39.01374532
102.69734589 74.09688479 39.22138830
102.87999939 74.14183368 39.45162824
103.04074008 74.16214412 39.70411614
103.20148077 74.18245456 39.95660404
103.35323901 74.21209053 40.21272789
103.48057374 74.26708281 40.47873796
103.60790847 74.32207510 40.74474803
