#spline3d 221
67.35800171 80.03839874 1.95568001
67.59523682 79.85562250 1.97335302
67.83247193 79.67284625 1.99102603
68.07453166 79.49649231 2.00240470
68.32478643 79.33104722 2.00309188
68.57490060 79.16540431 2.00318783
68.82318340 78.99718475 1.99558319
69.06845384 78.82451294 1.99322545
69.31258774 78.65016135 1.99284733
69.55851768 78.47841257 1.99338719
69.80784533 78.31158768 1.99566364
70.05717297 78.14476280 1.99794009
70.30468059 77.97544796 1.99376485
70.55022985 77.80345389 1.98264748
70.79500227 77.63022435 1.97420421
71.03921462 77.45610407 1.96768891
71.27418558 77.27012115 1.96490060
71.50060563 77.07353820 1.96868171
71.72136221 76.87147772 1.98961318
71.94211879 76.66941724 2.01054466
72.15919824 76.46360770 2.03303006
72.37463798 76.25612634 2.05620841
72.59365308 76.05315162 2.08438307
72.81512121 75.85326887 2.11598566
73.03678874 75.65355443 2.14724641
73.25888338 75.45420054 2.17777494
73.48193109 75.25856318 2.21965198
73.70645376 75.06867740 2.27909156
73.92849987 74.88114137 2.35074148
74.14450429 74.69933770 2.45217921
74.36050871 74.51753403 2.55361694
74.56251689 74.34546692 2.69282882
74.76284989 74.17456517 2.83656183
74.95536633 74.00486753 2.99134787
75.14020816 73.83635215 3.15698627
75.32504999 73.66783676 3.32262466
75.50839858 73.51209733 3.50085603
75.69007848 73.37063517 3.69316021
75.87175838 73.22917300 3.88546438
76.05345884 73.09276422 4.08092448
76.23525951 72.98097634 4.29176077
76.41706018 72.86918845 4.50259705
76.56899665 72.77466496 4.74335374
76.72105651 72.68103376 4.98440270
76.87634700 72.59412827 5.22592381
77.02132861 72.51616880 5.47644641
77.16086826 72.44293186 5.73172080
77.30040792 72.36969492 5.98699520
77.43557417 72.31626905 6.24877621
77.56740322 72.27796040 6.51552220
77.67318421 72.25457000 6.79496207
77.77463434 72.23365996 7.07651246
77.86623080 72.20395660 7.35970804
77.92845300 72.14803993 7.64780797
77.98449100 72.09038004 7.93633641
77.99783094 72.02068422 8.22782341
78.01117087 71.95098840 8.51931040
78.00749306 71.89593709 8.81325790
77.98543859 71.85669971 9.10986239
77.96338411 71.81746232 9.40646687
77.92967316 71.80978307 9.70334518
77.88908465 71.82072375 10.00038505
77.84991478 71.83461460 10.29740417
77.81766648 71.86289939 10.59432202
77.78541818 71.89118418 10.89123988
77.74222863 71.91933361 11.18651815
77.68536143 71.94731383 11.47974678
77.62849423 71.97529406 11.77297541
77.58030371 72.01876116 12.06581402
77.52876474 72.08559230 12.35207183
77.46972463 72.19050304 12.62685900
77.41227994 72.29799654 12.90082329
77.36915473 72.42867144 13.16740195
77.32602953 72.55934633 13.43398062
77.28736393 72.68867269 13.70151592
77.28899997 72.80581235 13.97769641
77.29063601 72.92295200 14.25387689
77.30058322 73.04115896 14.52877355
77.35216546 73.16471262 14.79723882
77.40374771 73.28826628 15.06570408
77.47359157 73.41188377 15.32886139
77.57315910 73.53560516 15.58337916
77.67272663 73.65932655 15.83789693
77.77397182 73.76188704 16.10018701
77.87664442 73.84644302 16.36909006
78.00476634 73.90956558 16.63143478
78.15005219 73.95823268 16.88935632
78.29533804 74.00689979 17.14727787
78.44891367 74.03410730 17.40304692
78.60647352 74.05100094 17.65778143
78.78969561 74.02832747 17.89268784
78.98011890 73.99455089 18.12203019
79.16985363 73.92443300 18.34335696
79.35953924 73.85172280 18.56411195
79.54396841 73.73771093 18.76523483
79.72210405 73.57424847 18.94285215
79.90023968 73.41078601 19.12046946
80.06437654 73.21089843 19.26537225
80.21713708 72.98140942 19.38368907
80.36749443 72.74632895 19.49157240
80.50976536 72.49243391 19.56434840
80.65203629 72.23853887 19.63712440
80.78419078 71.97622113 19.69275967
80.90271270 71.70255326 19.72529671
80.99338438 71.41874970 19.74216982
81.06051811 71.12637985 19.74580436
81.11244863 70.83154104 19.73729836
81.15247746 70.53476945 19.71928825
81.19250630 70.23799785 19.70127815
81.21329945 69.94027538 19.68422144
81.20108647 69.64092132 19.66880065
81.16002808 69.34846842 19.62327988
81.10745128 69.05877125 19.56573972
81.05487447 68.76907409 19.50819957
80.97576165 68.49124175 19.42913450
80.89058697 68.21611979 19.34515230
80.77085378 67.95517989 19.25917154
80.64663329 67.69608147 19.17293127
80.52241280 67.43698305 19.08669101
80.38514014 67.17909307 19.01859992
80.24754322 66.92123311 18.95095972
80.10994630 66.66337315 18.88331952
79.97834685 66.39851211 18.83423918
79.84844456 66.13166993 18.79041087
79.71854226 65.86482774 18.74658256
79.60035377 65.59109624 18.71973857
79.49162678 65.31180008 18.70661320
79.38289980 65.03250392 18.69348783
79.27840101 64.75254134 18.70202840
79.17934657 64.47172065 18.73846667
79.08029213 64.19089997 18.77490494
78.97374180 63.91732127 18.83340287
78.86240743 63.64836458 18.90597978
78.75090126 63.38027799 18.98093697
78.63732312 63.12268500 19.08460078
78.52374498 62.86509201 19.18826460
78.41016685 62.60749902 19.29192842
78.30856102 62.36873331 19.43985923
78.21077435 62.13597347 19.60191117
78.11298769 61.90321364 19.76396311
78.01708393 61.68756920 19.94677901
77.92345349 61.49258891 20.15466414
77.83455627 61.30051575 20.36612733
77.79864222 61.14098466 20.61764300
77.76272817 60.98145356 20.86915866
77.72681411 60.82192247 21.12067433
77.72805474 60.69711872 21.39304338
77.73221522 60.57504408 21.66705123
77.76701639 60.48324348 21.94683182
77.83563166 60.42485238 22.23298301
77.90424694 60.36646129 22.51913421
77.98387725 60.32837528 22.80201121
78.10780488 60.37194684 23.07172095
78.23173251 60.41551840 23.34143068
78.36135372 60.48430927 23.60013783
78.50205660 60.60218556 23.83743015
78.64275948 60.72006185 24.07472247
78.79667707 60.86160014 24.28296375
78.97497197 61.04678800 24.43761425
79.15347305 61.23315980 24.59032519
79.33524701 61.43832475 24.71224892
79.51702097 61.64348970 24.83417264
79.69879493 61.84865465 24.95609637
79.87286125 62.07672837 25.04039454
80.04470342 62.31141277 25.11383527
80.21654558 62.54609718 25.18727601
80.36923749 62.78575249 25.28174931
80.51445203 63.02734873 25.38443495
80.65455180 63.27210121 25.48568107
80.76548516 63.53485179 25.57871845
80.87641853 63.79760237 25.67175583
80.94304020 64.05031191 25.81662275
81.00300900 64.30151391 25.96927123
81.06297781 64.55271591 26.12191972
81.09255941 64.80114452 26.28659617
81.11395954 65.04882643 26.45451104
81.13535966 65.29650833 26.62242591
81.11527283 65.54680927 26.78078409
81.05258014 65.79979989 26.92932782
80.98988745 66.05279051 27.07787156
80.90672131 66.29477757 27.23016148
80.77430025 66.51029234 27.39146393
80.64187918 66.72580711 27.55276638
80.49891948 66.93744230 27.71005875
80.32905561 67.13909436 27.85149597
80.14629722 67.33595813 27.98507741
79.95994833 67.52907377 28.11864268
79.75483868 67.70260499 28.25212351
79.54972902 67.87613621 28.38560434
79.34815594 68.03318862 28.54212079
79.14747529 68.18608270 28.70445014
78.94679463 68.33897678 28.86677948
78.74084831 68.44270545 29.05744689
78.53413578 68.53928002 29.25223778
78.32742325 68.63585459 29.44702867
78.11701925 68.72180403 29.64271000
77.90511187 68.80342629 29.83875396
77.69320449 68.88504855 30.03479792
77.47319542 68.96506167 30.22217860
77.24851443 69.04414686 30.40456350
77.02383345 69.12323205 30.58694841
76.78512552 69.18296770 30.75304629
76.51519227 69.19962941 30.88288771
76.24498874 69.18480100 31.00867550
75.97453114 69.14037169 31.13065284
75.72764136 69.06344361 31.27919604
75.49155844 68.97161342 31.43992083
75.29303346 68.85900680 31.63135456
75.11150742 68.73699666 31.83668732
74.92998138 68.61498651 32.04202009
74.74684163 68.48129080 32.23800314
74.56245063 68.33853408 32.42673641
74.37805962 68.19577735 32.61546967
74.20107509 68.04229041 32.80265484
74.02752000 67.88383504 32.98912319
73.86031940 67.72362032 33.17964577
73.70126880 67.56114913 33.37536812
73.55826291 67.39765362 33.58202562
73.41999635 67.23385555 33.79191318
73.30163737 67.05404446 34.00031977
73.19015474 66.86870226 34.20821482
