#spline3d 214
127.68599701 104.48300171 7.03476000
127.75508375 104.37477845 7.30589603
127.82417050 104.26655519 7.57703206
127.88658597 104.15820272 7.84848109
127.84741250 104.04788283 8.12469650
127.80823903 103.93756294 8.40091191
127.78652028 103.82765106 8.67910109
127.76810689 103.71781644 8.95766403
127.74969350 103.60798183 9.23622698
127.70471849 103.50923234 9.51540878
127.65066405 103.41427204 9.79480213
127.57506687 103.33115545 10.07248199
127.48987081 103.25331611 10.34939836
127.40084028 103.17754087 10.62538829
127.28061776 103.11855639 10.89384195
127.16039523 103.05957192 11.16229560
127.03833556 102.96059993 11.41740891
126.91604560 102.85661519 11.67084990
126.78872336 102.74734212 11.91862223
126.63446131 102.60975849 12.13604793
126.47096475 102.45248078 12.33138251
126.30384638 102.28747896 12.51805284
126.13672800 102.12247714 12.70472318
125.94722880 101.96769380 12.87457642
125.72542238 101.82766106 13.02015379
125.50361595 101.68762831 13.16573116
125.29071202 101.52858690 13.30351233
125.08480585 101.35460384 13.43516535
124.87889968 101.18062078 13.56681837
124.66716130 101.01383352 13.69809550
124.44760995 100.85668595 13.82886908
124.22179091 100.70000398 13.94593020
123.97522626 100.54486312 14.01760396
123.72866161 100.38972227 14.08927772
123.48414953 100.22407964 14.13966923
123.24049511 100.05404891 14.18116811
122.99684068 99.88401819 14.22266698
122.75186502 99.71357813 14.24880042
122.50547816 99.54270089 14.25852212
122.25909130 99.37182364 14.26824382
122.01532198 99.19730127 14.27714073
121.77649625 99.01589459 14.28447990
121.53767051 98.83448792 14.29181907
121.29893084 98.65296920 14.29887745
121.06409129 98.46637277 14.29321075
120.82932657 98.27970815 14.28704766
120.59567852 98.09202608 14.27347777
120.36270916 97.90350121 14.26037856
120.13567646 97.70760447 14.25139639
119.90850993 97.51186594 14.24235796
119.68101237 97.31651883 14.23318038
119.44877033 97.12687944 14.22817742
119.21159137 96.94317928 14.22751844
118.97441241 96.75947913 14.22685945
118.74200572 96.57090065 14.24636455
118.51007255 96.38183813 14.26787040
118.27952577 96.19124467 14.28999938
118.05873435 95.98987864 14.31651304
117.83794293 95.78851261 14.34302669
117.61715151 95.58714658 14.36954034
117.40828872 95.37584274 14.41063388
117.20043073 95.16370181 14.45295553
116.99257273 94.95156089 14.49527718
116.81029894 94.72074481 14.55052092
116.63782679 94.48277407 14.61071526
116.46535463 94.24480332 14.67090961
116.29963445 94.00140651 14.72759429
116.14022907 93.75293497 14.78099655
115.98082369 93.50446343 14.83439880
115.81346693 93.26474810 14.89872292
115.63412732 93.03822846 14.97950640
115.45478772 92.81170882 15.06028989
115.29197272 92.59545561 15.18876146
115.13053374 92.38005730 15.32120407
114.96909476 92.16465899 15.45364668
114.78231159 91.97249668 15.58736476
114.58899245 91.78632667 15.72141177
114.40783993 91.59303284 15.86027048
114.25627537 91.38241468 16.01083074
114.10482322 91.17180137 16.16147658
114.01149902 90.96369782 16.35636997
113.91817483 90.75559426 16.55126336
113.82485063 90.54749070 16.74615674
113.72345260 90.38347887 16.97567871
113.62170703 90.22136503 17.20669132
113.51006486 90.06042881 17.43362893
113.38691331 89.90086213 17.65582747
113.26697422 89.73602620 17.87576931
113.15219819 89.56272153 18.09208420
113.03742216 89.38941686 18.30839910
112.92287107 89.22194923 18.52911908
112.80880522 89.06707341 18.75934180
112.70958623 88.92422826 19.00337883
112.61561913 88.78563882 19.25230249
112.52165203 88.64704937 19.50122615
112.43633534 88.52054876 19.75879498
112.36204192 88.40945302 20.02738039
112.28774849 88.29835728 20.29596580
112.21887483 88.20250839 20.57016913
112.16629102 88.15248614 20.86125788
112.11370721 88.10246389 21.15234663
112.07566278 88.04997627 21.44477267
112.05649951 87.99428707 21.73893533
112.04724040 87.93215395 22.03213085
112.04434440 87.86588082 22.32470502
112.04786463 87.81036559 22.61926586
112.05694994 87.76418117 22.91554983
112.06603525 87.71799676 23.21183380
112.07544012 87.67230023 23.50818148
112.08589332 87.62820422 23.80473819
112.09634652 87.58410820 24.10129489
112.10605887 87.56197663 24.39988218
112.11537342 87.55163897 24.69955979
112.11047679 87.53599617 24.99873190
112.09153855 87.51511153 25.29740454
112.05600767 87.48720404 25.59361453
112.00950330 87.45465203 25.88819586
111.96021097 87.39571598 26.17632453
111.90688402 87.29859777 26.45511511
111.85355706 87.20147957 26.73390568
111.78368823 87.09001307 27.00299990
111.70569907 86.97150307 27.26733424
111.63142205 86.83381976 27.52241412
111.56080134 86.67725136 27.76837869
111.48207692 86.46824156 27.96449720
111.40082243 86.24285894 28.14505320
111.31956794 86.01747633 28.32560919
111.25341519 85.75345788 28.44674376
111.19084136 85.48028322 28.55379621
111.12845909 85.20701886 28.66070563
111.08229887 84.92615777 28.75550292
111.03613865 84.64529668 28.85030020
110.98950418 84.36403307 28.94341400
110.93608975 84.07701504 29.01246051
110.88267532 83.78999700 29.08150701
110.82926090 83.50297897 29.15055352
110.77408516 83.21006343 29.17263158
110.71838474 82.91539109 29.18071829
110.67340996 82.61928607 29.18248138
110.64864023 82.32048215 29.17233196
110.66698020 82.02354248 29.14835387
110.70455250 81.72743451 29.11820644
110.76470501 81.43599844 29.08976938
110.85181452 81.15013983 29.06337418
110.93892403 80.86428123 29.03697899
111.04949518 80.58787352 29.02267329
111.19493665 80.32551240 29.02633585
111.34037813 80.06315127 29.02999841
111.49560208 79.80839545 29.05444984
111.65762256 79.55892353 29.09334466
111.81586686 79.30833022 29.13924414
111.97090637 79.05678521 29.19108839
112.12594587 78.80524020 29.24293264
112.26569447 78.54851961 29.30409577
112.36918006 78.27952490 29.38735900
112.47266565 78.01053019 29.47062222
112.56682016 77.75102685 29.58072044
112.64359416 77.50920258 29.74080276
112.72036817 77.26737830 29.90088509
112.77099508 77.06609730 30.11317247
112.81201484 76.87971300 30.34464142
112.85303460 76.69332871 30.57611036
112.82895601 76.54188087 30.83268652
112.79790647 76.39417413 31.09195125
112.73256113 76.30442222 31.36373585
112.63938258 76.26170429 31.64568111
112.54620403 76.21898636 31.92762637
112.45782138 76.25837201 32.20609358
112.37162823 76.33524070 32.48297294
112.28779263 76.44597909 32.74538458
112.20715709 76.60269063 32.98815840
112.12652155 76.75940218 33.23093223
112.04867727 76.92213556 33.47016272
111.98201249 77.10898740 33.69520157
111.91534770 77.29583925 33.92024042
111.85199728 77.49629836 34.13347052
111.79196352 77.71037416 34.33488367
111.73192976 77.92444995 34.53629683
111.67597434 78.16279343 34.70922964
111.62046608 78.40379765 34.87903981
111.57164915 78.65163779 35.04042059
111.52892924 78.90570668 35.19412067
111.49261482 79.16463424 35.34024345
111.47128786 79.43493003 35.46863698
111.45704005 79.71146799 35.58260809
111.45075333 79.99502580 35.68035998
111.44582247 80.28575204 35.74943188
111.44218693 80.58210358 35.79582010
111.45604241 80.88083972 35.81959031
111.46989789 81.17957586 35.84336051
111.48375337 81.47831200 35.86713071
111.52789630 81.77366983 35.89016879
111.58378350 82.06726674 35.91316352
111.69462031 82.34473147 35.94016536
111.80271659 82.62020272 35.97894734
111.89390099 82.88337214 36.09042487
111.98508540 83.14654157 36.20190240
112.12024865 83.38976092 36.31069091
112.26932846 83.62666731 36.41862850
112.41840827 83.86357370 36.52656610
112.59772195 84.07515565 36.63370448
112.80813770 84.26068592 36.74002070
113.04172356 84.39345055 36.87281335
113.27632837 84.52389471 37.00677035
113.51088912 84.60864293 37.16823280
113.74542310 84.66562655 37.34640739
113.98199137 84.71320181 37.52422706
114.22188863 84.74538078 37.70146592
114.46178590 84.77755975 37.87870478
114.70061061 84.80755407 38.05750472
114.92743617 84.81310768 38.25376912
115.15426172 84.81866129 38.45003353
115.37232702 84.78503855 38.65319473
115.59016480 84.75039833 38.85653506
