#spline3d 250
121.77600098 108.03500366 3.99330997
121.87083704 108.03885135 4.27764096
121.95649559 108.04533452 4.56507891
122.04215415 108.05181769 4.85251685
122.15134248 108.05300643 5.13134208
122.27247719 108.05150713 5.40579452
122.39361189 108.05000782 5.68024696
122.49979116 108.03663420 5.96050730
122.60592271 108.02322270 6.24078618
122.72938857 108.00781800 6.51267738
122.88032939 107.98925407 6.77127410
123.03127020 107.97069015 7.02987082
123.16396427 107.95295690 7.29826387
123.29483279 107.93530676 7.56763702
123.43767028 107.92369448 7.83090369
123.58896012 107.91634606 8.08985801
123.74024997 107.90899764 8.34881233
123.89520254 107.88761371 8.60450738
124.05268120 107.85654985 8.85795459
124.20583816 107.81693110 9.11237055
124.34754819 107.75465289 9.36935245
124.48925822 107.69237468 9.62633435
124.65550928 107.63179523 9.86737342
124.83863484 107.57238385 10.09745015
125.02176040 107.51297247 10.32752688
125.21249155 107.44165860 10.54778767
125.40376728 107.36949248 10.76734561
125.58271193 107.29600890 10.99572988
125.73932354 107.22013922 11.24009966
125.89593515 107.14426954 11.48446944
126.04935080 107.05174009 11.72502093
126.19958685 106.95776845 11.96695293
126.33353952 106.86727306 12.21967251
126.46335108 106.77053376 12.47176353
126.57554246 106.64722701 12.72118010
126.68774830 106.52529673 12.97125515
126.79998778 106.40656774 13.22286160
126.91078145 106.28460155 13.47339686
127.01301833 106.14347665 13.71759242
127.11525521 106.00235175 13.96178798
127.16072864 105.84451036 14.21163365
127.19663798 105.68385239 14.46243131
127.23254732 105.52319443 14.71322896
127.24533245 105.34572832 14.95361972
127.24426139 105.15819063 15.18777457
127.24575217 104.97901286 15.42830716
127.24805627 104.80248917 15.67086453
127.25036037 104.62596548 15.91342191
127.21596122 104.44286396 16.14736270
127.16747425 104.25723766 16.37799619
127.08288012 104.06367106 16.58907898
126.98136193 103.86638269 16.79099803
126.87984374 103.66909432 16.99291708
126.76486422 103.46907500 17.18402010
126.63880015 103.26680689 17.36621678
126.51273608 103.06453878 17.54841347
126.38069156 102.85947741 17.72254158
126.23799466 102.64944065 17.88229791
126.09529777 102.43940389 18.04205423
125.94836043 102.22822745 18.19580600
125.78807280 102.01346291 18.33065344
125.62727700 101.79879037 18.46493469
125.44162639 101.58861771 18.57152334
125.25522817 101.37872640 18.67691855
125.03510627 101.18152658 18.72847886
124.81498437 100.98432675 18.78003916
124.59486247 100.78712693 18.83159946
124.35524766 100.61474033 18.88330926
124.11183871 100.44718343 18.93504817
123.86549010 100.28382312 18.98503432
123.60637973 100.13868114 19.02741137
123.34726937 99.99353916 19.06978843
123.08986650 99.84209053 19.09691722
122.83290553 99.68900975 19.12009983
122.57594456 99.53592898 19.14328243
122.31484230 99.39393299 19.18388380
122.05528819 99.24785526 19.21782484
121.79890996 99.09339424 19.23812687
121.54037369 98.94370026 19.26111074
121.26794539 98.82469331 19.30135850
120.99617721 98.70253613 19.33470711
120.72563226 98.57454141 19.35527117
120.45508731 98.44654670 19.37583524
120.18671988 98.31373786 19.39268382
119.92132182 98.17436431 19.40446582
119.65592376 98.03499077 19.41624782
119.39302044 97.89131109 19.42867448
119.13839214 97.73334808 19.44323943
118.88188616 97.57961231 19.46420157
118.62144425 97.43473754 19.49857336
118.36100234 97.28986278 19.53294516
118.09687886 97.15438865 19.57579361
117.83569871 97.01633517 19.62557001
117.59004523 96.85780525 19.69281940
117.34271885 96.70204010 19.76023808
117.09196737 96.55193548 19.82800337
116.84121589 96.40183086 19.89576866
116.59004760 96.25614321 19.96907578
116.33626986 96.13810877 20.07707845
116.08249211 96.02007434 20.18508113
115.82960294 95.90784113 20.30002481
115.57927944 95.81235815 20.43500965
115.34220668 95.71351300 20.58725283
115.12831653 95.60878563 20.76969005
114.91442638 95.50405825 20.95212726
114.72325834 95.39327649 21.15388952
114.54372283 95.27939519 21.36554519
114.36418733 95.16551390 21.57720086
114.20382917 95.06363740 21.80725561
114.06560360 94.97561565 22.05854473
113.92809415 94.88623506 22.30969547
113.79838346 94.78205619 22.55933905
113.66867278 94.67787732 22.80898263
113.53896210 94.57369845 23.05862621
113.39551475 94.48111868 23.30525264
113.27203106 94.38494453 23.55918924
113.18962276 94.27989732 23.82784068
113.10721446 94.17485010 24.09649212
113.03012780 94.07034592 24.36652902
112.99072488 93.96968708 24.64637667
112.95888374 93.87269058 24.92811728
112.94738975 93.78554865 25.21495148
112.93589576 93.69840672 25.50178568
112.92655128 93.57933570 25.77680573
112.91738901 93.45755807 26.05082429
112.91978144 93.32918197 26.32044928
112.97019814 93.17338099 26.57181345
113.02061485 93.01758001 26.82317763
113.06918831 92.86427682 27.07627923
113.10638322 92.72639279 27.34010618
113.14357812 92.58850877 27.60393312
113.18194331 92.44989916 27.86715848
113.23484317 92.30227784 28.12291212
113.28774303 92.15465652 28.37866577
113.35338415 91.98731051 28.61801801
113.42519427 91.81041429 28.84942909
113.49170926 91.62654915 29.07663382
113.54994053 91.43178176 29.29725809
113.60817180 91.23701438 29.51788236
113.62440652 91.01447586 29.71435955
113.61896039 90.77760040 29.89837073
113.61351426 90.54072494 30.08238192
113.61048772 90.29915052 30.25987670
113.61186048 90.04903241 30.42552333
113.61323324 89.79891430 30.59116995
113.62034844 89.53891290 30.73872289
113.63469532 89.26646506 30.86348968
113.64904220 88.99401721 30.98825647
113.68047324 88.70989065 31.07863989
113.71312851 88.42492721 31.16655946
113.73768951 88.13786772 31.24978050
113.75627500 87.84926083 31.32953291
113.77486050 87.56065394 31.40928531
113.79660233 87.26926573 31.47620223
113.82080205 86.97571167 31.53312402
113.84500177 86.68215762 31.59004580
113.88955571 86.38927643 31.63484509
113.94238615 86.09666885 31.67471509
113.99521660 85.80406127 31.71458509
114.04019178 85.50896942 31.73149326
114.07708769 85.21132243 31.72478480
114.11398360 84.91367545 31.71807633
114.13454370 84.61749964 31.68638271
114.13950840 84.32272832 31.63083638
114.14447311 84.02795701 31.57529005
114.15166417 83.73313698 31.52036826
114.16433049 83.43819715 31.46698239
114.17699680 83.14325733 31.41359651
114.18149123 82.84911294 31.35547638
114.17862625 82.55568489 31.29309268
114.17576127 82.26225685 31.23070897
114.16365253 81.97119012 31.15948586
114.14821697 81.68097322 31.08508145
114.12868833 81.38962232 31.01850502
114.09363304 81.09396974 30.98162313
114.05857775 80.79831715 30.94474124
114.00002172 80.50608541 30.93072008
113.92038078 80.21692287 30.93720961
113.81367159 79.93945210 30.95917167
113.67911768 79.67400850 30.99705008
113.54456378 79.40856490 31.03492849
113.38696387 79.16405357 31.09440447
113.19984459 78.94635412 31.18154454
113.01272531 78.72865468 31.26868461
112.81986468 78.51877778 31.35870632
112.59043587 78.35872458 31.46708193
112.36100707 78.19867139 31.57545755
112.13140906 78.03924018 31.68429059
111.89593557 77.90140651 31.80900762
111.66046208 77.76357285 31.93372465
111.42574028 77.65362235 32.08102584
111.19167143 77.56789201 32.24794432
110.95760258 77.48216167 32.41486280
110.73292958 77.41377236 32.59814173
110.52619209 77.37848492 32.81265075
110.31945460 77.34319748 33.02715976
110.10800367 77.32540013 33.23880579
109.89406323 77.31684060 33.44893966
109.68030363 77.31470539 33.65859526
109.46805419 77.36621643 33.86425702
109.25580474 77.41772748 34.06991877
109.04276200 77.50059284 34.26307488
108.82941523 77.59547453 34.45143828
108.61636974 77.69059771 34.63996922
108.43636550 77.81220405 34.84687515
108.25699947 77.93468228 35.05373371
108.09736499 78.08411619 35.25912785
107.95418701 78.24964215 35.46115612
107.85012729 78.45342004 35.65518349
107.74606757 78.65719793 35.84921086
107.66987104 78.90565078 35.99625622
107.59839109 79.16166606 36.13534862
107.52691115 79.41768134 36.27444103
107.53411361 79.68724413 36.40486247
107.54465411 79.95738166 36.53491605
107.55519462 80.22751919 36.66496963
107.62221243 80.48046629 36.80463288
107.72111538 80.72370825 36.94972142
107.83105894 80.95410494 37.10518743
107.95945712 81.16303044 37.27799962
108.08785530 81.37195594 37.45081181
108.22172426 81.57447865 37.62568174
108.39082932 81.73576233 37.81380514
108.56139469 81.89838219 37.99938688
108.73491449 82.06370533 38.17982642
108.90991322 82.22328124 38.36320939
109.09438470 82.34604500 38.56544563
109.27885618 82.46880877 38.76768186
109.46623261 82.58858075 38.96818332
109.70260671 82.65789038 39.13942426
109.93898081 82.72720001 39.31066521
110.18181257 82.78926862 39.47322396
110.45339737 82.81909623 39.59712480
110.72498218 82.84892385 39.72102563
110.99749648 82.87672112 39.84285968
111.28198064 82.87837191 39.93807791
111.56646480 82.88002270 40.03329613
111.85005478 82.88243744 40.13094140
112.12912060 82.88871745 40.24086644
112.40818642 82.89499745 40.35079148
112.68356409 82.89960510 40.46753580
112.92861069 82.89045944 40.64036147
113.17365729 82.88131377 40.81318714
113.41870388 82.87216810 40.98601281
113.65021153 82.83188527 41.17227173
113.88081792 82.78952969 41.35942488
114.11120948 82.74578555 41.54613832
114.32734149 82.60987228 41.70366503
114.54347351 82.47395902 41.86119173
114.75960552 82.33804575 42.01871844
