#spline3d 423
0.00000000 0.00000000 0.00000000
0.19694483 0.20209552 0.10183388
0.39388966 0.40419103 0.20366776
0.59083429 0.60628671 0.30550174
0.78777877 0.80838252 0.40733580
0.98472325 1.01047833 0.50916986
1.18166813 1.21257381 0.61100379
1.37861445 1.41466810 0.71283721
1.57556077 1.61676238 0.81467063
1.77250709 1.81885667 0.91650405
1.96945219 2.02095245 1.01833695
2.16639713 2.22304843 1.12016978
2.36334207 2.42514442 1.22200260
2.56028594 2.62724093 1.32383633
2.75722892 2.82933788 1.42567080
2.95417191 3.03143484 1.52750526
3.15111521 3.23353145 1.62933989
3.34805960 3.43562685 1.73117508
3.54500400 3.63772224 1.83301027
3.74194840 3.83981763 1.93484547
3.93889487 4.04191237 2.03667772
4.13584161 4.24400702 2.13850957
4.33278835 4.44610166 2.24034142
4.52973372 4.64819671 2.34217506
4.72667795 4.85029207 2.44401017
4.92362219 5.05238744 2.54584528
5.12056660 5.25448297 2.64767985
5.31751168 5.45657906 2.74951247
5.51445676 5.65867515 2.85134508
5.71140183 5.86077125 2.95317770
5.90834505 6.06286807 3.05501187
6.10528802 6.26496500 3.15684625
6.30223098 6.46706193 3.25868063
6.49917562 6.66915724 3.36051511
6.69612164 6.87125121 3.46234966
6.89306765 7.07334518 3.56418421
7.09001343 7.27543960 3.66601831
7.28695832 7.47753564 3.76785075
7.48390321 7.67963168 3.86968320
7.68084810 7.88172773 3.97151565
7.87779249 8.08382313 4.07335055
8.07473682 8.28591846 4.17518578
8.27168114 8.48801378 4.27702101
8.46862678 8.69010868 4.37885434
8.66557350 8.89220323 4.48068611
8.86252023 9.09429778 4.58251787
9.05946611 9.29639284 4.68435023
9.25640893 9.49848977 4.78618476
9.45335176 9.70058670 4.88801928
9.65029458 9.90268362 4.98985381
9.84723422 10.10478253 5.09169060
10.04417344 10.30688171 5.19352770
10.24111265 10.50898089 5.29536480
10.43806043 10.71107233 5.39720047
10.63501527 10.91315740 5.49903496
10.83197012 11.11524247 5.60086944
11.02892197 11.31733093 5.70270303
11.22586291 11.51943178 5.80453333
11.42280386 11.72153263 5.90636364
11.61974480 11.92363347 6.00819394
11.81668641 12.12573475 6.11002206
12.01362810 12.32783608 6.21184990
12.21056980 12.52993742 6.31367773
12.40751844 12.73202942 6.41551064
12.60447282 12.93411372 6.51734774
12.80142720 13.13619801 6.61918484
12.99837506 13.33828876 6.72102194
13.19529911 13.54040310 6.82285904
13.39222316 13.74251744 6.92469614
13.58914721 13.94463178 7.02653325
13.78609840 14.14672032 7.12836804
13.98305324 14.34880539 7.23020253
14.18000809 14.55089046 7.33203701
14.37695552 14.75298424 7.43386939
14.57389684 14.95508518 7.53570003
14.77083815 15.15718613 7.63753067
14.96778238 15.35928367 7.73936214
15.16473722 15.56136874 7.84119662
15.36169206 15.76345381 7.94303111
15.55864690 15.96553888 8.04486560
15.75558975 16.16763786 8.14669639
15.95253098 16.36973871 8.24852670
16.14947221 16.57183956 8.35035700
16.34642069 16.77393139 8.45219114
16.54337516 16.97601579 8.55402843
16.74032962 17.17810019 8.65586573
16.93727766 17.38019118 8.75770245
17.13420217 17.58230629 8.85953708
17.33112669 17.78442140 8.96137171
17.52805120 17.98653651 9.06320634
17.72500212 18.18862455 9.16504332
17.92195659 18.39070895 9.26688061
18.11891105 18.59279335 9.36871791
18.31585863 18.79488698 9.47054991
18.51280052 18.99698821 9.57237754
18.70974241 19.19908944 9.67420518
18.90668724 19.40118743 9.77603373
19.10364284 19.60327356 9.87786560
19.30059843 19.80535969 9.97969747
19.49755402 20.00744581 10.08152934
19.69449405 20.20954170 10.18337157
19.89143199 20.41163889 10.28521520
20.08836993 20.61373608 10.38705882
20.28531857 20.81582827 10.48889168
20.48227605 21.01791632 10.59071565
20.67923352 21.22000437 10.69253962
20.87618303 21.42209733 10.79436929
21.07310341 21.62420820 10.89621981
21.27002379 21.82631907 10.99807033
21.46694418 22.02842994 11.09992084
21.66389725 22.23052020 11.20174771
21.86085472 22.43260768 11.30357140
22.05781219 22.63469516 11.40539508
22.25476257 22.83679166 11.50721509
22.45170709 23.03889559 11.60903207
22.64865161 23.24099952 11.71084905
22.84559762 23.44309860 11.81267326
23.04254908 23.64517991 11.91452388
23.23950054 23.84726123 12.01637450
23.43645200 24.04934254 12.11822511
23.63339750 24.25144447 12.22004642
23.83034220 24.45354918 12.32186379
24.02728690 24.65565388 12.42368116
24.22423490 24.85774566 12.52551670
24.42118561 25.05982677 12.62736721
24.61813632 25.26190789 12.72921773
24.81508197 25.46399676 12.83106249
25.01200911 25.66611400 12.93288617
25.20893626 25.86823124 13.03470986
25.40586340 26.07034847 13.13653354
25.60281132 26.27243387 13.23838088
25.79976203 26.47451499 13.34023140
25.99671274 26.67659610 13.44208191
26.19366006 26.87868972 13.54391405
26.39060458 27.08079366 13.64573103
26.58754910 27.28289759 13.74754801
26.78449511 27.48499666 13.84937221
26.98144657 27.68707798 13.95122283
27.17839803 27.88915929 14.05307345
27.37534949 28.09124061 14.15492407
27.57229499 28.29334254 14.25674538
27.76923969 28.49544724 14.35856275
27.96618439 28.69755194 14.46038012
28.16312318 28.89965101 14.56221933
28.36005708 29.10174543 14.66407655
28.55699099 29.30383985 14.76593378
28.75392721 29.50593648 14.86778243
28.95087191 29.70804119 14.96959980
29.14781661 29.91014589 15.07141717
29.34476131 30.11225059 15.17323454
29.54170005 30.31434918 15.27507531
29.73863799 30.51644694 15.37691922
29.93557593 30.71854471 15.47876313
30.13252489 30.92063684 15.58059596
30.32948293 31.12272432 15.68241965
30.52644098 31.32481180 15.78424333
30.72339615 31.52690298 15.88606566
30.92034085 31.72900769 15.98788303
31.11728555 31.93111239 16.08970040
31.31423025 32.13321709 16.19151777
31.51118025 32.33530050 16.29336435
31.70813096 32.53738105 16.39521487
31.90508167 32.73946159 16.49706538
32.10201937 32.94156245 16.59890098
32.29894633 33.14368006 16.70072428
32.49587330 33.34579767 16.80254758
32.69280540 33.54790749 16.90437680
32.88975629 33.74998880 17.00622771
33.08670718 33.95207012 17.10807861
33.28365807 34.15415143 17.20992952
33.48060401 34.35625286 17.31175061
33.67754928 34.55835699 17.41356769
33.87449455 34.76046112 17.51538478
34.07144290 34.96255274 17.61722040
34.26839379 35.16463406 17.71907130
34.46534468 35.36671537 17.82092221
34.66229420 35.56880167 17.92276576
34.85923872 35.77090617 18.02458246
35.05618324 35.97301068 18.12639915
35.25312776 36.17511518 18.22821585
35.45007790 36.37719925 18.33006269
35.64702879 36.57928056 18.43191360
35.84397968 36.78136188 18.53376450
36.04091818 36.98346288 18.63560080
36.23784647 37.18558012 18.73742506
36.43477476 37.38769735 18.83924932
36.63170774 37.58980696 18.94107909
36.82865788 37.79188864 19.04292904
37.02560801 37.99397033 19.14477898
37.22255815 38.19605202 19.24662893
37.41950400 38.39815349 19.34845041
37.61644927 38.60025762 19.45026806
37.81339455 38.80236175 19.55208572
38.01034290 39.00445338 19.65392128
38.20729379 39.20653469 19.75577162
38.40424467 39.40861601 19.85762195
38.60119420 39.61070230 19.95946518
38.79813872 39.81280681 20.06128245
38.99508324 40.01491131 20.16309971
39.19202776 40.21701582 20.26491698
39.38898385 40.41910600 20.36674025
39.58594150 40.62119425 20.46856432
39.78289915 40.82328250 20.57038839
39.97983700 41.02538284 20.67222696
40.17675853 41.22749314 20.77407748
40.37368006 41.42960344 20.87592800
40.57060919 41.63170908 20.97777275
40.76756609 41.83379771 21.07959643
40.96452299 42.03588633 21.18142012
41.16147989 42.23797496 21.28324381
41.35842057 42.44007114 21.38508532
41.55535908 42.64216833 21.48692924
41.75229760 42.84426552 21.58877315
41.94924618 43.04635739 21.69060597
42.14620308 43.24844488 21.79242966
42.34315998 43.45053236 21.89425335
42.54011261 43.65262184 21.99608121
42.73704962 43.85471864 22.09792435
42.93398663 44.05681543 22.19976748
43.13092364 44.25891223 22.30161062
43.32786387 44.46101304 22.40344277
43.52480454 44.66311440 22.50527345
43.72174520 44.86521576 22.60710413
43.91868469 45.06731484 22.70894206
44.11562320 45.26941203 22.81078598
44.31256171 45.47150922 22.91262989
44.50950417 45.67360433 23.01446958
44.70646107 45.87569181 23.11629384
44.90341797 46.07777929 23.21811809
45.10037487 46.27986678 23.31994235
45.29731556 46.48196383 23.42178343
45.49425407 46.68406216 23.52362677
45.69119258 46.88616050 23.62547011
45.88814117 47.08825289 23.72730299
46.08509807 47.29034037 23.82912725
46.28205497 47.49242785 23.93095151
46.47900921 47.69451875 24.03277414
46.67595373 47.89662211 24.13459084
46.87289825 48.09872547 24.23640753
47.06984277 48.30082883 24.33822422
47.26676536 48.50293863 24.44007039
47.46368499 48.70504930 24.54192052
47.66060462 48.90715997 24.64377064
47.85754530 49.10925794 24.74560628
48.05450335 49.31134542 24.84742997
48.25146139 49.51343290 24.94925365
48.44841499 49.71552247 25.05108168
48.64535236 49.91761966 25.15292559
48.84228973 50.11971685 25.25476951
49.03922709 50.32181405 25.35661342
49.23618268 50.52390369 25.45843950
49.43314073 50.72599232 25.56026319
49.63009877 50.92808094 25.66208688
49.82704548 51.13017426 25.76392165
50.02398285 51.33227146 25.86576556
50.22092022 51.53436865 25.96760947
50.41786202 51.73646376 26.06944904
50.61482006 51.93855124 26.17127273
50.81177811 52.14063872 26.27309642
51.00873615 52.34272620 26.37492010
51.20566034 52.54483413 26.47676709
51.40257997 52.74694480 26.57861722
51.59949961 52.94905547 26.68046735
51.79644029 53.15115343 26.78230330
51.99339833 53.35324091 26.88412756
52.19035638 53.55532840 26.98595181
52.38730998 53.75741796 27.08778017
52.58424735 53.95951516 27.18962351
52.78118471 54.16161235 27.29146685
52.97812208 54.36370954 27.39331019
53.17507767 54.56579818 27.49513671
53.37203571 54.76788566 27.59696097
53.56899376 54.96997314 27.69878523
53.76594047 55.17206657 27.80061995
53.96287784 55.37416491 27.90246329
54.15981520 55.57626325 28.00430663
54.35675700 55.77835925 28.10614587
54.55371505 55.98044674 28.20797013
54.75067309 56.18253422 28.30979439
54.94763114 56.38462170 28.41161865
55.14456195 56.58673541 28.51344240
55.34148909 56.78885265 28.61526608
55.53841624 56.99096988 28.71708977
55.73535620 57.19306721 28.81892795
55.93230673 57.39514813 28.92077808
56.12925726 57.59722905 29.02262821
56.32620658 57.79931512 29.12447132
56.52315146 58.00142002 29.22628879
56.72009634 58.20352492 29.32810626
56.91704122 58.40562982 29.42992373
57.11399240 58.60771393 29.53177067
57.31094443 58.80979525 29.63362158
57.50789647 59.01187656 29.73547248
57.70484376 59.21397059 29.83730464
57.90178713 59.41607509 29.93912133
58.09873051 59.61817960 30.04093803
58.29567574 59.82027912 30.14276206
58.49262778 60.02236044 30.24461297
58.68957981 60.22444175 30.34646387
58.88653184 60.42652307 30.44831478
59.08346194 60.62863604 30.55014220
59.28038909 60.83075328 30.65196646
59.47731623 61.03287052 30.75379071
59.67425702 61.23496806 30.85562927
59.87120905 61.43704938 30.95747960
60.06816108 61.63913069 31.05932993
60.26511126 61.84121699 31.16117316
60.46205463 62.04332149 31.26299043
60.65899801 62.24542600 31.36480769
60.85594139 62.44753050 31.46662496
61.05289239 62.64961457 31.56847137
61.24984443 62.85169588 31.67032170
61.44679646 63.05377720 31.77217204
61.64374375 63.25587122 31.87400425
61.84068713 63.45797573 31.97582151
62.03763050 63.66008023 32.07763878
62.23457574 63.86217976 32.17946327
62.43152777 64.06426107 32.28131417
62.62847981 64.26634239 32.38316508
62.82543184 64.46842370 32.48501598
63.02236194 64.67053668 32.58684239
63.21928908 64.87265391 32.68866551
63.41621622 65.07477115 32.79048862
63.61315309 65.27688163 32.89230895
63.81009797 65.47898653 32.99412700
64.00704285 65.68109143 33.09594504
64.20398926 65.88319127 33.19777014
64.40094130 66.08527258 33.29962104
64.59789333 66.28735390 33.40147195
64.79484536 66.48943521 33.50332285
64.99179078 66.69153798 33.60514411
65.18873530 66.89364362 33.70696138
65.38567982 67.09574927 33.80877864
65.58262845 67.29784159 33.91061434
65.77958049 67.49992290 34.01246525
65.97653252 67.70200422 34.11431615
66.17347929 67.90409357 34.21616126
66.37040679 68.10621235 34.31798515
66.56733429 68.30833113 34.41980904
66.76426180 68.51044991 34.52163293
66.96121092 68.71253567 34.62348063
67.15816296 68.91461698 34.72533154
67.35511499 69.11669830 34.82718244
67.55206290 69.31879170 34.92901491
67.74900743 69.52089506 35.03083217
67.94595195 69.72299842 35.13264944
68.14289808 69.92509704 35.23447393
68.33985011 70.12717836 35.33632484
68.53680215 70.32925967 35.43817574
68.73375418 70.53134099 35.54002665
68.93069890 70.73344309 35.64184758
69.12764263 70.93554799 35.74366448
69.32458637 71.13765290 35.84548138
69.52153383 71.33974528 35.94731648
69.71848436 71.54182734 36.04916661
69.91543489 71.74390940 36.15101674
70.11238064 71.94599902 36.25286131
70.30930893 72.14811626 36.35468557
70.50623722 72.35023349 36.45650983
70.70316551 72.55235073 36.55833409
70.90011473 72.75443630 36.66018184
71.09706676 72.95651762 36.76203274
71.29401880 73.15859893 36.86388365
71.49096628 73.36069318 36.96571591
71.68791002 73.56279808 37.06753281
71.88485375 73.76490298 37.16934971
72.08180056 73.96700414 37.27116819
72.27875860 74.16909162 37.37299244
72.47571665 74.37117911 37.47481670
72.67267469 74.57326659 37.57664096
72.86961552 74.77536263 37.67848254
73.06655403 74.97745982 37.78032646
73.26349254 75.17955701 37.88217037
73.46044093 75.38164929 37.98400308
73.65739747 75.58373752 38.08582656
73.85435401 75.78582575 38.18765005
74.05130270 75.98791889 38.28947942
74.24822269 76.19002996 38.39133032
74.44514268 76.39214103 38.49318123
74.64206267 76.59425210 38.59503213
74.83901621 76.79634237 38.69685854
75.03597425 76.99842986 38.79868165
75.23293230 77.20051734 38.90050477
75.42987963 77.40261014 39.00233928
75.62681814 77.60470734 39.10418320
75.82375665 77.80680453 39.20602711
76.02069936 78.00889964 39.30786680
76.21765740 78.21098712 39.40969106
76.41461545 78.41307460 39.51151531
76.61157349 78.61516208 39.61333957
76.80851230 78.81725812 39.71518116
77.00544852 79.01935532 39.81702507
77.20238474 79.22145251 39.91886898
77.39933292 79.42354438 40.02070149
77.59629097 79.62563186 40.12252461
77.79324901 79.82771934 40.22434772
77.99019905 80.02981205 40.32617664
78.18711983 80.23192387 40.42802677
78.38404060 80.43403569 40.52987689
78.58096138 80.63614750 40.63172702
78.77791501 80.83823787 40.73355435
78.97487305 81.04032535 40.83537860
79.17183110 81.24241283 40.93720286
79.36878130 81.44450987 41.03902371
79.56572503 81.64661477 41.14084176
79.76266876 81.84871967 41.24265980
79.95961428 82.05081950 41.34448490
80.15656632 82.25290082 41.44633581
80.35351835 82.45498213 41.54818671
80.55047038 82.65706345 41.65003762
80.74741579 82.85916420 41.75185786
80.94436031 83.06126756 41.85367398
81.14130484 83.26337092 41.95549010
81.33823634 83.46547766 42.05732487
81.53515712 83.66758718 42.15917499
81.73207789 83.86969671 42.26102512
81.92900618 84.07180200 42.36286969
82.12596194 84.27389177 42.46469395
82.32291769 84.47598154 42.56651821
82.51987345 84.67807131 42.66834247
82.71681400 84.88016762 42.77018405
82.91375251 85.08226481 42.87202796
83.11069102 85.28436201 42.97387188
