#spline3d 217
69.61219788 98.67140198 6.92713022
69.72963845 98.52569901 7.16160485
69.84707902 98.37999604 7.39607948
69.96748165 98.23736007 7.63074729
70.10238829 98.10974203 7.86636099
70.23729494 97.98212399 8.10197470
70.38403416 97.84180192 8.32083516
70.54860944 97.68233017 8.51444229
70.71418361 97.52208943 8.70631618
70.89987223 97.34636360 8.86328801
71.08556085 97.17063776 9.02025985
71.27124946 96.99491193 9.17723169
71.44992381 96.80756698 9.32874124
71.63289170 96.61792164 9.46928037
71.84591889 96.42171787 9.54753300
72.05894608 96.22551410 9.62578564
72.28262620 96.03644803 9.68650273
72.51837497 95.85546822 9.72735388
72.75412375 95.67448841 9.76820503
72.99146945 95.49584691 9.80950947
73.23817024 95.33090364 9.85346932
73.48487103 95.16596038 9.89742917
73.73157585 95.00100368 9.94129372
73.97912596 94.83322999 9.96518816
74.22667607 94.66545631 9.98908260
74.47857416 94.50395605 10.00975366
74.73285872 94.34589908 10.02865551
74.98714328 94.18784211 10.04755736
75.23706551 94.02401695 10.03781994
75.48396118 93.85618984 10.00821266
75.73085685 93.68836272 9.97860538
75.97828758 93.52810932 9.92751992
76.22622059 93.37496553 9.85627243
76.47415360 93.22182175 9.78502495
76.72192319 93.06855554 9.71347627
76.96908424 92.91483345 9.64080601
77.21624530 92.76111137 9.56813574
77.47066704 92.61658692 9.50387347
77.73390731 92.48323354 9.44982320
77.99777941 92.35110641 9.39604395
78.26859670 92.23245862 9.34524387
78.53374299 92.10294716 9.29428849
78.78651622 91.94973317 9.24299424
79.03928945 91.79651918 9.19169999
79.29435729 91.64413694 9.15068851
79.55020652 91.49203795 9.11317861
79.80605575 91.33993895 9.07566871
80.05073118 91.17189978 9.03340533
80.29232965 90.99947113 8.98983298
80.53392812 90.82704247 8.94626063
80.78710055 90.67097495 8.91028531
81.04663197 90.52389659 8.87848395
81.30616339 90.37681823 8.84668260
81.56573393 90.22931742 8.81749748
81.82538712 90.08092437 8.79383805
82.08302630 89.92898980 8.77141953
82.33674624 89.77016345 8.75141581
82.59046618 89.61133711 8.73141208
82.85411321 89.46893422 8.74316835
83.11828921 89.32740647 8.75661699
83.38936549 89.20167033 8.78011802
83.66314227 89.08211440 8.80755316
83.93902265 88.96825674 8.83625154
84.22052750 88.86963475 8.86832751
84.50203235 88.77101275 8.90040349
84.77706773 88.67366000 8.96997523
85.05193406 88.57634042 9.04052677
85.32332240 88.47615719 9.11844151
85.58345834 88.36670913 9.22017855
85.84359429 88.25726108 9.32191559
86.09769597 88.14456895 9.43317849
86.33630828 88.02354958 9.56889341
86.57492058 87.90253020 9.70460834
86.81349885 87.78336377 9.84175401
87.05163722 87.68815353 9.99739758
87.28977560 87.59294330 10.15304115
87.53188081 87.52234055 10.31531296
87.77439225 87.45425778 10.47826355
87.99905621 87.36400979 10.65507815
88.21771689 87.27241043 10.83834777
88.41601781 87.18734594 11.04677238
88.61431873 87.10228144 11.25519699
88.78169397 87.00236092 11.48315776
88.94837081 86.90210489 11.71155972
89.11161327 86.80204391 11.94219371
89.24471269 86.70369484 12.19241793
89.37781211 86.60534576 12.44264215
89.49089310 86.50424121 12.70008164
89.57286169 86.39885413 12.96873502
89.65483028 86.29346704 13.23738840
89.72132984 86.19374183 13.51162525
89.76600719 86.10200384 13.79373872
89.81068454 86.01026585 14.07585219
89.82700750 85.93067623 14.36311927
89.81791470 85.86197591 14.65500585
89.80882191 85.79327560 14.94689243
89.79924010 85.71553523 15.23626113
89.78893540 85.62443128 15.52190775
89.77863070 85.53332732 15.80755436
89.75944865 85.43781956 16.09123283
89.73706886 85.34072548 16.37420234
89.70538351 85.23886022 16.65442025
89.66594628 85.13302037 16.93234596
89.62650905 85.02718051 17.21027166
89.57842015 84.91618341 17.48437336
89.51278903 84.79472937 17.75072141
89.44715790 84.67327533 18.01706947
89.36548465 84.54435358 18.27475172
89.27106451 84.40949806 18.52554820
89.17664437 84.27464254 18.77634469
89.08784040 84.12730627 19.02078620
89.01517648 83.94410210 19.24696438
88.94251257 83.76089793 19.47314257
88.86923863 83.57120954 19.69365723
88.79577819 83.37953878 19.91244043
88.72231776 83.18786801 20.13122362
88.64138203 82.98090667 20.33267917
88.56003632 82.77310669 20.53318436
88.47869060 82.56530672 20.73368955
88.38287980 82.35754826 20.92760105
88.28393450 82.14979880 21.12008373
88.18966707 81.92413612 21.29360345
88.09593951 81.69640610 21.46493469
88.00221194 81.46867608 21.63626593
87.92054547 81.22735484 21.79385435
87.84492924 80.97921580 21.94454894
87.76931300 80.73107677 22.09524352
87.70395469 80.46882421 22.22404215
87.64334087 80.20004386 22.34271348
87.58272705 79.93126351 22.46138480
87.51668629 79.66343721 22.57925260
87.44802785 79.39607110 22.69673283
87.37936940 79.12870499 22.81421305
87.30013535 78.85557908 22.90920816
87.21851745 78.57577987 22.97491991
87.13611097 78.28992956 23.01362904
87.05579788 78.00333662 23.05042099
86.99014233 77.71154390 23.07378924
86.92448678 77.41975117 23.09715749
86.86491506 77.12688212 23.12089187
86.82366436 76.83077176 23.14572884
86.78241366 76.53466140 23.17056580
86.73694368 76.23951773 23.19864210
86.68650272 75.94551297 23.23053484
86.63606176 75.65150821 23.26242759
86.58004594 75.36079140 23.30801812
86.51752649 75.07391030 23.36958847
86.45500705 74.78702920 23.43115882
86.41950002 74.50103026 23.50605464
86.42369654 74.21632794 23.60053658
86.42789307 73.93162562 23.69501851
86.44216859 73.65469799 23.80117769
86.51850769 73.42564461 23.97924191
86.59484679 73.19659123 24.15730612
86.67118588 72.96753785 24.33537034
86.83574159 72.87725358 24.56730268
87.00317720 72.79149953 24.80099358
87.17061280 72.70574548 25.03468448
87.35331928 72.70573138 25.26591995
87.54236030 72.74128328 25.49613688
87.73140132 72.77683518 25.72635381
87.90963728 72.88475433 25.94006488
88.08611968 73.00441807 26.15109719
88.29546633 73.14825130 26.30172084
88.52212189 73.30481409 26.42052853
88.74877745 73.46137687 26.53933621
88.98367031 73.62102827 26.63139797
89.22751218 73.78403514 26.69440288
89.47135406 73.94704200 26.75740778
89.68213070 74.13945446 26.83932842
89.86664273 74.35522458 26.93627432
90.03993273 74.57011561 27.04948069
90.18519684 74.78281122 27.20329589
90.33046095 74.99550683 27.35711110
90.44823064 75.20601299 27.53094635
90.52815774 75.41350566 27.73233664
90.60808485 75.62099832 27.93372694
90.63333701 75.87445366 28.08912173
90.65120110 76.13411980 28.23830129
90.66606317 76.39390674 28.38742739
90.66382743 76.65438171 28.53624906
90.66159168 76.91485668 28.68507073
90.65935594 77.17533165 28.83389240
90.61480277 77.41178851 29.01239737
90.56713301 77.64647650 29.19308846
90.51946325 77.88116449 29.37377954
90.43497186 78.10140811 29.55774676
90.33854945 78.31697145 29.74277552
90.22498226 78.52912339 29.92155321
90.10479822 78.73995874 30.09791837
89.97852332 78.95898460 30.25924724
89.85122448 79.17938740 30.41804831
89.71137439 79.39339070 30.57253756
89.52655200 79.58446401 30.71157715
89.34172960 79.77553731 30.85061674
89.15690721 79.96661062 30.98965634
88.94305027 80.11743708 31.13546162
88.72621303 80.26413232 31.28196137
88.50757261 80.42100043 31.41437738
88.28860950 80.57968908 31.54427296
88.06964639 80.73837772 31.67416855
87.82110012 80.86368136 31.78332033
87.56510369 80.98057739 31.88724804
87.30910726 81.09747343 31.99117575
87.02386448 81.12005016 32.06191288
86.73020519 81.11548364 32.12309842
86.43654589 81.11091713 32.18428396
86.15676979 81.03981634 32.26584327
85.87704325 80.96847799 32.34747533
85.59731671 80.89713963 32.42910739
85.33105986 80.81643758 32.54042059
85.06719062 80.73407574 32.65699502
84.80332137 80.65171390 32.77356944
84.54474411 80.56479833 32.89825763
84.28786574 80.47642086 33.02555061
84.03740746 80.36314445 33.14233385
83.79361677 80.22400922 33.24820221
