#spline3d 257
53.54230118 88.85440063 2.94246006
53.47525513 88.75930414 3.21891057
53.41288120 88.65988096 3.49499847
53.35050728 88.56045777 3.77108637
53.30545422 88.42531324 4.03323250
53.27004377 88.27028249 4.28761718
53.23291757 88.08349906 4.51753281
53.19486161 87.87950903 4.73418880
53.15994589 87.67629223 4.95188279
53.15038655 87.47931890 5.17795825
53.14082722 87.28234557 5.40403371
53.13412281 87.08467410 5.62938873
53.15739415 86.87967242 5.84717936
53.18066548 86.67467074 6.06497000
53.24139943 86.48239661 6.28706424
53.30251568 86.29025237 6.50920240
53.36363194 86.09810813 6.73134056
53.49028857 85.91702863 6.92928473
53.64296585 85.74034202 7.11762346
53.79564314 85.56365542 7.30596219
53.96617956 85.41160881 7.49693805
54.16212332 85.29461631 7.69166563
54.35806708 85.17762382 7.88639320
54.58117068 85.06461853 8.05079834
54.81118260 84.95262742 8.20749072
55.04256825 84.83748128 8.35959065
55.27677669 84.71585207 8.50225380
55.51098513 84.59422286 8.64491696
55.73583520 84.45774327 8.78895883
55.95863938 84.31801714 8.93330212
56.18797495 84.18589163 9.07343184
56.43454078 84.07381708 9.20244591
56.68110662 83.96174253 9.33145998
56.94545830 83.86898608 9.43690417
57.21546637 83.78237332 9.53485248
57.48547444 83.69576056 9.63280080
57.76447792 83.59139246 9.61186502
58.04399284 83.48601488 9.58417004
58.32350777 83.38063730 9.55647505
58.60733474 83.28881184 9.52580980
58.89259123 83.20147915 9.49415985
59.17814589 83.11625909 9.46136351
59.46982301 83.07441775 9.40502832
59.76150013 83.03257641 9.34869313
60.05347370 82.98859214 9.29574871
60.34569817 82.94279429 9.24567395
60.63792264 82.89699643 9.19559918
60.91647365 82.81586821 9.12426869
61.18966613 82.72089427 9.04460823
61.46285860 82.62592033 8.96494777
61.74230336 82.53410848 8.90977075
62.02595869 82.44442612 8.87108202
62.30961402 82.35474376 8.83239330
62.59055649 82.25480340 8.80024891
62.87062548 82.15156020 8.77021164
63.15069446 82.04831700 8.74017437
63.42115712 81.92335246 8.70630378
63.69018453 81.79514261 8.67186046
63.95921194 81.66693276 8.63741714
64.22621793 81.53482961 8.60214387
64.49197607 81.40032308 8.56635825
64.75773420 81.26581656 8.53057263
65.02268014 81.12782604 8.50775195
65.28654144 80.98518289 8.50224510
65.55040274 80.84253973 8.49673825
65.81526747 80.70182625 8.49217651
66.08471865 80.56993295 8.49193464
66.35416984 80.43803966 8.49169277
66.62362102 80.30614636 8.49145091
66.89222017 80.17378820 8.50895569
67.16073988 80.04138670 8.52811493
67.42311427 79.89675427 8.53922000
67.68261484 79.74640214 8.54655860
67.94211542 79.59605000 8.55389719
68.20047969 79.44401473 8.54765292
68.45827692 79.29113954 8.53463043
68.71607414 79.13826435 8.52160793
68.97017071 78.97922228 8.52013890
69.22150306 78.81557385 8.52729973
69.47393399 78.65609043 8.54749214
69.72890740 78.50624619 8.59784379
69.98388081 78.35640196 8.64819544
70.22393809 78.20452274 8.74304390
70.46190677 78.05235858 8.84412293
70.69987546 77.90019443 8.94520195
70.93545426 77.76024332 9.06613149
71.16975957 77.62680019 9.19763880
71.39373356 77.50524641 9.35264532
71.60436734 77.39904465 9.53799500
71.81500112 77.29284288 9.72334469
72.02320163 77.18896096 9.91253457
72.22503441 77.09114990 10.11177404
72.42686719 76.99333885 10.31101351
72.62680078 76.89760220 10.51261206
72.79588027 76.83556604 10.75253620
72.96495976 76.77352989 10.99246033
73.12680547 76.70818899 11.23561522
73.24818426 76.62436080 11.49684341
73.36956306 76.54053261 11.75807161
73.49094185 76.45670443 12.01929981
73.59346023 76.35103550 12.28067362
73.68958074 76.25845932 12.54857213
73.77556423 76.18758022 12.82710941
73.86154773 76.11670113 13.10564670
73.93344600 76.05040189 13.38873296
73.98430524 75.99207249 13.67836260
74.01153696 75.94881821 13.97397668
74.03876867 75.90556393 14.26959077
74.06847399 75.87000187 14.56533061
74.11299031 75.88049814 14.86182345
74.15750664 75.89099440 15.15831629
74.20321434 75.90184802 15.45461237
74.24996618 75.91301481 15.75073599
74.31862081 75.89453887 16.04195895
74.38939825 75.87318998 16.33270694
74.46656059 75.86729649 16.62207533
74.55000493 75.87660935 16.91008635
74.63344928 75.88592222 17.19809737
74.71338545 75.90642958 17.48619782
74.78853486 75.94221134 17.77442030
74.86111251 75.97578561 18.06353929
74.93047288 76.00659828 18.35377982
75.01942001 76.03172185 18.63829000
75.13066730 76.05036818 18.91627599
75.24191458 76.06901450 19.19426198
75.35715146 76.08950767 19.47047555
75.47358006 76.11055250 19.74615969
75.59205190 76.12354719 20.02089304
75.71980417 76.09997819 20.29130791
75.84755645 76.07640919 20.56172279
75.97530873 76.05284018 20.83213767
76.14029650 75.99757742 21.07582369
76.30939099 75.93881914 21.31656178
76.47848549 75.88006086 21.55729987
76.65009010 75.80296071 21.79033693
76.82357497 75.71212115 22.01760536
76.99826745 75.61844835 22.24251328
77.18292104 75.50140503 22.44795009
77.36779495 75.37468228 22.64569866
77.55361849 75.20623841 22.81030872
77.73944202 75.03779454 22.97491878
77.92526555 74.86935066 23.13952883
78.08315086 74.66788052 23.29509807
78.23702391 74.46166742 23.44936895
78.39089696 74.25545432 23.60363982
78.52641179 74.01219984 23.71257944
78.65902414 73.76308905 23.81435211
78.78883368 73.50913437 23.90362001
78.90837572 73.23743515 23.94707956
79.02827492 72.96501138 23.97795045
79.14919797 72.69051057 23.97273397
79.27012103 72.41600976 23.96751749
79.38614093 72.14026526 23.95909008
79.44294054 71.84949940 23.91188100
79.49974015 71.55873353 23.86467192
79.55653975 71.26796767 23.81746285
79.59415999 70.98104307 23.73977326
79.62851799 70.69477183 23.65689921
79.66275387 70.40851743 23.57396896
79.63911117 70.13024329 23.46440344
79.61546848 69.85196916 23.35483791
79.57940937 69.57674047 23.24466184
79.48194406 69.31657327 23.13146631
79.38447876 69.05640606 23.01827078
79.28698041 68.79622334 22.90514097
79.18734578 68.53503759 22.79625991
79.08771116 68.27385184 22.68737886
78.98807654 68.01266609 22.57849780
78.87824243 67.73840577 22.53020799
78.76741105 67.46286707 22.48784259
78.65608520 67.18755041 22.44535825
78.54091038 66.91396211 22.40194794
78.42573555 66.64037382 22.35853764
78.30459531 66.36923176 22.32183034
78.15174347 66.11109360 22.32075560
77.99889163 65.85295545 22.31968086
77.83673835 65.60340201 22.34295564
77.66362192 65.36396697 22.39493002
77.49050549 65.12453192 22.44690439
77.31842261 64.88556740 22.50326466
77.15171703 64.64905087 22.58244357
76.98501144 64.41253434 22.66162247
76.81830585 64.17601781 22.74080137
76.67678368 63.94175401 22.86285163
76.53725125 63.70766819 22.98828915
76.39879835 63.47359818 23.11469567
76.29288868 63.24000456 23.27031338
76.20627777 63.04227025 23.47131188
76.13523617 62.87346549 23.70892140
76.06419457 62.70466073 23.94653092
76.01129250 62.56319013 24.20310915
75.97551005 62.44751684 24.47758958
75.93972761 62.33184355 24.75207001
75.93049879 62.22093938 25.02641004
76.00710570 62.12545160 25.30029626
76.08371261 62.02996382 25.57418248
76.16536433 61.94019484 25.84753487
76.29477005 61.90455979 26.11583414
76.42417576 61.86892473 26.38413340
76.55358148 61.83328968 26.65243267
76.70590507 61.83700730 26.90983915
76.86372086 61.85015567 27.16463522
77.02153664 61.86330405 27.41943129
77.18728236 61.90777447 27.66370169
77.35908802 61.97618079 27.89992850
77.53089367 62.04458710 28.13615532
77.69109221 62.16937626 28.34906485
77.84095937 62.34435117 28.54121993
77.99082652 62.51932607 28.73337501
78.15687036 62.68912975 28.91628936
78.32892004 62.85701352 29.09577296
78.49884940 63.02675643 29.27521160
78.63852818 63.22302354 29.45400900
78.77820696 63.41929066 29.63280641
78.91773450 63.61473447 29.81261934
79.05713958 63.80951174 29.99325446
79.17125423 64.04165373 30.14482143
79.28435752 64.27528993 30.29522596
79.39746081 64.50892613 30.44563049
79.49109104 64.73603756 30.61775925
79.58416598 64.96296294 30.79050748
79.67724092 65.18988831 30.96325572
79.76018992 65.42545672 31.12922359
79.83944831 65.66417527 31.29272022
79.92075542 65.91019814 31.44275097
80.00508765 66.16700639 31.57289832
80.07581989 66.42358442 31.70924649
80.11158757 66.67957059 31.86153652
80.14735524 66.93555676 32.01382655
80.17998326 67.18668295 32.17402601
80.20583429 67.42731881 32.35129809
80.23168532 67.66795467 32.52857017
80.25132770 67.89174446 32.72627433
80.26723122 68.10538949 32.93628275
80.28313474 68.31903453 33.14629117
80.28657976 68.53531381 33.35382531
80.27955274 68.75380733 33.55927969
80.27252571 68.97230085 33.76473407
80.26551483 69.18845067 33.97262339
80.25852117 69.40209931 34.18311125
80.23661064 69.60080853 34.40572570
80.20268853 69.78748803 34.63810490
80.16876643 69.97416753 34.87048410
80.09468687 70.11932505 35.11571333
79.98271656 70.22530434 35.37306725
79.87074626 70.33128363 35.63042117
79.74617520 70.41335512 35.89008109
79.61607570 70.48493733 36.15075275
79.48597620 70.55651954 36.41142441
79.32930346 70.62473844 36.65727920
79.16255282 70.69168180 36.89751468
78.99516011 70.75874495 37.13719362
78.79594161 70.83174570 37.34928547
78.59672311 70.90474645 37.56137733
78.39414209 70.96437556 37.77224250
78.17504211 70.95831426 37.97708139
77.95594214 70.95225297 38.18192028
