#spline3d 277
129.35499573 106.16899872 2.85138011
129.61057642 106.12269606 3.00149532
129.86615711 106.07639340 3.15161054
130.11091139 106.02489142 3.31697975
130.35291084 105.97206644 3.48623041
130.59491029 105.91924146 3.65548106
130.82101456 105.85383784 3.84094258
131.04232307 105.78463909 4.03129509
131.26363159 105.71544035 4.22164760
131.46857598 105.63078575 4.42251225
131.66066636 105.53399060 4.63163418
131.84453556 105.42425746 4.84132553
132.02210494 105.30461004 5.05145322
132.19967432 105.18496262 5.26158091
132.36094816 105.05683048 5.47841133
132.49846845 104.91633038 5.70501212
132.63598874 104.77583029 5.93161291
132.74170831 104.61498481 6.16053590
132.83528215 104.44636876 6.39034581
132.92885600 104.27775272 6.62015571
132.99727295 104.09500932 6.84555415
133.03262953 103.89370022 7.06515518
133.06641648 103.69217123 7.28460000
133.04541780 103.48296762 7.49859269
133.02441911 103.27376401 7.71258539
132.98723308 103.06380065 7.92282996
132.93075309 102.85293175 8.12860708
132.87427310 102.64206285 8.33438421
132.79162863 102.43552202 8.53405103
132.68623868 102.23274370 8.72840602
132.58084874 102.02996538 8.92276100
132.45849634 101.83516504 9.11507418
132.33144811 101.64257330 9.30682210
132.17674464 101.45535093 9.48217475
132.01511420 101.26947345 9.65342076
131.83973273 101.09122588 9.81725396
131.63576750 100.92881437 9.96563885
131.41516293 100.75306911 10.06785072
131.19455837 100.57732385 10.17006259
130.97395380 100.40157860 10.27227446
130.75442348 100.21720941 10.36013085
130.53525824 100.02990946 10.44310870
130.31551768 99.83400027 10.49631900
130.08482062 99.65024095 10.54271144
129.83453606 99.49709099 10.60518355
129.58425150 99.34394103 10.66765565
129.32999823 99.19740692 10.72881111
129.06647483 99.06632617 10.78689115
128.80295142 98.93524542 10.84497119
128.54024421 98.80149049 10.90009999
128.28027138 98.65877668 10.94534170
128.02029856 98.51606286 10.99058341
127.76081092 98.37132968 11.03117383
127.50264840 98.22108129 11.05906080
127.24385215 98.07174528 11.08344060
126.97901488 97.93110654 11.07438865
126.71417762 97.79046779 11.06533671
126.44934036 97.64982905 11.05628476
126.16428030 97.55725419 11.04722422
125.87856283 97.46624184 11.03816340
125.59512357 97.36944067 11.02638670
125.31924605 97.25342554 11.00559554
125.04336852 97.13741040 10.98480438
124.76558758 97.02700619 10.96203663
124.48144196 96.93536389 10.93265950
124.19729634 96.84372159 10.90328237
123.91317876 96.75195428 10.87417916
123.63182958 96.64784777 10.87211428
123.35048040 96.54374125 10.87004939
123.07157803 96.43345055 10.86503428
122.79379815 96.32032283 10.85866575
122.51601827 96.20719512 10.85229722
122.23605281 96.09995106 10.84325904
121.95437516 95.99731623 10.83212946
121.67202605 95.89672006 10.82194715
121.38287276 95.81678222 10.82136379
121.09371947 95.73684438 10.82078043
120.80461293 95.65676541 10.82019115
120.52488844 95.54836238 10.81841367
120.24516395 95.43995936 10.81663619
119.96558261 95.33121524 10.81480666
119.69196156 95.20826943 10.81080979
119.41834052 95.08532362 10.80681293
119.14471947 94.96237781 10.80281606
118.86989473 94.85286070 10.84508652
118.59471204 94.74733705 10.90111610
118.31952934 94.64181340 10.95714567
118.04600741 94.53209515 11.01315127
117.77338283 94.42011048 11.06914392
117.50075824 94.30812581 11.12513657
117.22860994 94.21328456 11.20470807
116.95680268 94.13071889 11.30116324
116.68499542 94.04815322 11.39761842
116.42404388 93.96332083 11.51679283
116.17167264 93.87669685 11.65392437
115.91930139 93.79007288 11.79105592
115.68559055 93.68854204 11.94739189
115.46439246 93.57701540 12.11660541
115.24328325 93.46545934 12.28590296
115.04638996 93.34589114 12.47809172
114.84949667 93.22632294 12.67028048
114.65118938 93.11353769 12.86495525
114.45143762 93.00768167 13.06216964
114.25428567 92.90189550 13.26193763
114.06359512 92.79628297 13.46805213
113.87290456 92.69067043 13.67416664
113.69508628 92.58969214 13.89342266
113.52123254 92.49014115 14.11672614
113.34737880 92.39059016 14.34002962
113.18760429 92.29074462 14.57348229
113.02794229 92.19089673 14.80701606
112.89195267 92.08746446 15.05352112
112.75736801 91.98381945 15.30079603
112.64253874 91.88382752 15.55870411
112.53915415 91.78595191 15.82277221
112.43576957 91.68807629 16.08684030
112.35299874 91.58681433 16.35612090
112.28725694 91.48275492 16.62970755
112.22076419 91.38400606 16.90495750
112.15272415 91.29619933 17.18363457
112.08750135 91.21852016 17.46583544
112.02399130 91.14699805 17.75017859
111.96286360 91.07652548 18.03523237
111.91524688 91.01200519 18.32431624
111.86763015 90.94748489 18.61340011
111.81984815 90.88270411 18.90238994
111.76424760 90.80560068 19.18693105
111.70864705 90.72849726 19.47147216
111.65978830 90.65102725 19.75708803
111.61591970 90.57328589 20.04349943
111.57764269 90.49496231 20.33045623
111.54915664 90.41561927 20.61836806
111.52067060 90.33627622 20.90627989
111.49872754 90.26050878 21.19546245
111.49408962 90.19419824 21.48800587
111.48834842 90.12964273 21.78086568
111.47434158 90.07823563 22.07609581
111.46033474 90.02682853 22.37132593
111.43161639 90.01612402 22.66967822
111.40253684 90.00641884 22.96810716
111.38041951 90.00163920 23.26709140
111.36747941 90.00335216 23.56680760
111.35453932 90.00506512 23.86652380
111.33048744 90.00431270 24.16550415
111.30371916 90.00295758 24.46430461
111.27695089 90.00160247 24.76310507
111.25447899 89.97058329 25.05975026
111.23454995 89.92200701 25.35511983
111.21510516 89.87105858 25.64998269
111.20215666 89.78828744 25.93804799
111.18920815 89.70551630 26.22611329
111.17625965 89.62274516 26.51417859
111.10950418 89.49040728 26.77476713
111.04165849 89.35706510 27.03479894
110.97381279 89.22372292 27.29483075
110.86519667 89.05727440 27.51869791
110.75276182 88.88772501 27.73917774
110.63275032 88.69861495 27.93768316
110.50920534 88.50038248 28.12594050
110.38566036 88.30215002 28.31419783
110.27557649 88.07336167 28.47043156
110.17259173 87.82845881 28.60977673
110.06960696 87.58355596 28.74912190
109.96386273 87.32174049 28.83264321
109.85545203 87.04358244 28.86222212
109.74704133 86.76542438 28.89180103
109.66225950 86.48014828 28.89075406
109.59929255 86.18830057 28.86143234
109.53407830 85.90114913 28.81091699
109.46537575 85.62128736 28.72750439
109.38966212 85.34663769 28.63469295
109.30453644 85.07898502 28.52926402
109.25205486 84.81668696 28.39349813
109.19977998 84.55442281 28.25754016
109.17476303 84.29775080 28.10739160
109.17626120 84.04651853 27.94343918
109.17775937 83.79528625 27.77948675
109.21384759 83.57064821 27.58533999
109.25660051 83.35113425 27.38537547
109.29935343 83.13162029 27.18541095
109.35868166 82.94844905 26.95688094
109.42283841 82.77586471 26.72002958
109.48635696 82.60118328 26.48469393
109.54368098 82.40614654 26.26407042
109.60100501 82.21110980 26.04344690
109.69532219 82.00189356 25.85271149
109.80395230 81.78719117 25.67354001
109.91258240 81.57248879 25.49436853
110.06580639 81.36137218 25.35327629
110.24545641 81.15238049 25.23474954
110.42510642 80.94338880 25.11622279
110.60629113 80.73121770 25.00677370
110.79033444 80.51312449 24.91423306
110.97437775 80.29503129 24.82169242
111.14862390 80.06394846 24.74741009
111.31105353 79.81719862 24.69514941
111.47348315 79.57044879 24.64288872
111.63543017 79.32166837 24.59969060
111.79729138 79.07252697 24.55810362
111.95915259 78.82338556 24.51651664
112.12763620 78.57618886 24.49449326
112.29645737 78.32909130 24.47346709
112.43937232 78.07750920 24.49990000
112.53315139 77.81742137 24.61634770
112.62693045 77.55733355 24.73279541
112.63297956 77.33145952 24.92560640
112.62847429 77.10970161 25.12760432
112.62396901 76.88794369 25.32960223
112.57501273 76.70054414 25.55643240
112.51389361 76.52254585 25.79005727
112.43458341 76.36453208 26.03097032
112.33896362 76.22443583 26.27841775
112.24083470 76.08684747 26.52564816
112.07962322 76.01231039 26.76742230
111.91841174 75.93777331 27.00919643
111.73695674 75.92870309 27.24512177
111.54980401 75.93805918 27.47940090
111.36265127 75.94741526 27.71368003
111.17140784 75.98028678 27.94220269
110.97933181 76.01794448 28.16955371
110.78867297 76.06228001 28.39521780
110.61976785 76.20911970 28.59498753
110.46484949 76.37703893 28.78641179
110.33277878 76.57939199 28.96420359
110.20070807 76.78174504 29.14199539
110.08669491 76.98976874 29.32536395
109.97747676 77.19929823 29.51021336
109.86825860 77.40882771 29.69506278
109.77352586 77.64048793 29.85939163
109.68337743 77.87915202 30.01722619
109.59125190 78.12923928 30.15443264
109.49862016 78.38225133 30.28635746
109.40598842 78.63526337 30.41828229
109.32056343 78.89967298 30.52832997
109.24255720 79.17581545 30.61585693
109.16455098 79.45195792 30.70338389
109.10704640 79.73961671 30.76613110
109.04968726 80.02735719 30.82870252
109.00216914 80.31234514 30.90837260
108.95903935 80.59610566 30.99566738
108.91590956 80.87986617 31.08296216
108.89599024 81.15418033 31.20104940
108.88211597 81.42603424 31.32715639
108.86824169 81.69788814 31.45326337
108.87578091 81.96825458 31.58157645
108.90083392 82.23740443 31.71169385
108.92899751 82.50422715 31.84515203
108.98101191 82.75320615 32.00422604
109.03302631 83.00218515 32.16330004
109.08724659 83.24674485 32.32777608
109.14965080 83.47490858 32.51229405
109.21205501 83.70307232 32.69681203
109.28940888 83.91830440 32.88978042
109.38146447 84.12081928 33.09105908
109.48986687 84.32134489 33.28564911
109.60720558 84.52078302 33.47658267
109.72454429 84.72022115 33.66751623
109.86923924 84.90366122 33.85557019
110.01526902 85.08632068 34.04348364
110.16238891 85.26225915 34.23538940
110.31955417 85.37626376 34.46408425
110.47671943 85.49026837 34.69277910
110.62196019 85.55085645 34.94389147
110.75978116 85.57820705 35.20895273
110.89760212 85.60555766 35.47401399
111.06518921 85.62212270 35.71703958
111.28437063 85.61999286 35.92187022
111.47863385 85.60826306 36.14831337
111.65499680 85.58963703 36.39028211
111.83135975 85.57101100 36.63225085
112.00621670 85.52289925 36.87113293
112.17978025 85.47199061 37.11018521
112.30135507 85.36641097 37.36331102
112.42292989 85.26083132 37.61643683
112.52151258 85.14254082 37.87155809
112.58027912 85.00223857 38.13013494
112.63904566 84.86193632 38.38871179
