#spline3d 257
123.24800110 85.94779968 2.96218991
123.03795488 85.82219454 3.13501857
122.81797603 85.69433680 3.29395784
122.59799718 85.56647906 3.45289711
122.37778455 85.43632918 3.60961120
122.15738752 85.30437145 3.76457026
121.93699049 85.17241372 3.91952932
121.71322764 85.02659915 4.05123900
121.48348833 84.85617988 4.14166626
121.25374901 84.68576062 4.23209351
121.02207395 84.51641138 4.31944933
120.78817790 84.34828985 4.40328112
120.54888772 84.18406216 4.47854516
120.30479388 84.02330206 4.54617932
120.06070005 83.86254196 4.61381348
119.81141218 83.71312638 4.68747898
119.55879935 83.57089364 4.76453985
119.29936726 83.44250365 4.84334953
119.03993517 83.31411367 4.92215921
118.78131155 83.17159781 4.97126386
118.52298050 83.02397029 5.00961927
118.26464944 82.87634276 5.04797469
117.99528832 82.74763433 5.06525467
117.71900059 82.63080660 5.06929982
117.44271287 82.51397887 5.07334498
117.16396008 82.40370358 5.06752239
116.88348316 82.29801123 5.05479805
116.60300625 82.19231888 5.04207372
116.32436581 82.08225158 5.02754685
116.04812933 81.96645747 5.01066044
115.77189285 81.85066336 4.99377403
115.50884386 81.71113867 4.96368155
115.25205234 81.56035380 4.92732277
114.99526083 81.40956892 4.89096400
114.74123646 81.25782270 4.84205042
114.48807909 81.10577527 4.78920319
114.23492171 80.95372785 4.73635597
113.98623343 80.79592112 4.67985604
113.74150455 80.63301191 4.62011998
113.49677568 80.47010271 4.56038393
113.24856732 80.30868562 4.51245824
112.99944804 80.14765917 4.46762449
112.75106663 79.98541457 4.42326345
112.50775169 79.81480570 4.38214821
112.26443675 79.64419683 4.34103298
112.02112182 79.47358796 4.29991774
111.77574886 79.30493506 4.26320169
111.53034914 79.13630760 4.22654286
111.27339306 78.98402710 4.20242467
111.01224230 78.83768016 4.18285843
110.75988511 78.67662977 4.16569281
110.50999640 78.51145191 4.14920107
110.26176203 78.34410790 4.13250211
110.03497840 78.14867665 4.11311614
109.80819476 77.95324539 4.09373017
109.57850606 77.76169853 4.07351643
109.33150531 77.59329977 4.04836974
109.08450457 77.42490102 4.02322305
108.83758151 77.25638579 3.99813969
108.59827996 77.07644524 3.97926906
108.35897841 76.89650468 3.96039843
108.10713948 76.73510065 3.93943344
107.85315407 76.57687020 3.91810988
107.59934092 76.41834282 3.89755292
107.35175706 76.24907758 3.90471931
107.10417319 76.07981234 3.91188570
106.87202429 75.89153323 3.92881920
106.64811607 75.69310269 3.95096732
106.40414416 75.52467318 3.98798539
106.15044317 75.37079146 4.03221404
105.89674219 75.21690973 4.07644269
105.65378930 75.05388833 4.13983578
105.41803288 74.88474738 4.21606059
105.18227646 74.71560644 4.29228539
104.96041063 74.54015942 4.39157867
104.74098873 74.36360291 4.49493066
104.52156683 74.18704640 4.59828264
104.30338628 74.01266144 4.70772270
104.08549583 73.83878396 4.81858547
103.86383207 73.67849351 4.94052982
103.63862683 73.53095535 5.07287491
103.41342158 73.38341718 5.20522001
103.21301360 73.22655634 5.36389310
103.01356908 73.06933328 5.52358913
102.81412457 72.91211022 5.68328515
102.63007446 72.75706913 5.86185440
102.45119205 72.60276050 6.04675913
102.27230964 72.44845188 6.23166387
102.10093819 72.31036080 6.43523779
101.93091987 72.17519137 6.64217503
101.77490713 72.04961771 6.86426399
101.63424968 71.93456454 7.10296482
101.49359224 71.81951137 7.34166566
101.36691919 71.72426328 7.59595003
101.24397264 71.63429277 7.85438703
101.13864381 71.53606539 8.11746494
101.03539268 71.43686425 8.38109017
100.93655726 71.34061882 8.64713599
100.86205942 71.26066402 8.92652313
100.78756159 71.18070923 9.20591027
100.71531403 71.10804002 9.48682045
100.66498075 71.10632135 9.78256270
100.61464748 71.10460268 10.07830494
100.56431420 71.10288400 10.37404718
100.52479444 71.15043097 10.66674556
100.48741440 71.20772633 10.95884164
100.45003436 71.26502170 11.25093772
100.41382935 71.34809085 11.53663869
100.37789669 71.43713374 11.82085743
100.34196402 71.52617663 12.10507617
100.32742954 71.61904251 12.38950167
100.32496920 71.71406556 12.67404384
100.32250887 71.80908861 12.95858601
100.31140115 71.92869354 13.23311643
100.29803067 72.05473082 13.50502706
100.27861233 72.19046236 13.77152710
100.25248782 72.33694335 14.03202761
100.22636331 72.48342434 14.29252812
100.20532601 72.63478847 14.55000908
100.21451383 72.81516525 14.78954969
100.22370166 72.99554202 15.02909030
100.23256608 73.17913655 15.26582394
100.23840485 73.39283537 15.47629650
100.24424361 73.60653420 15.68676905
100.25008238 73.82023302 15.89724160
100.28846509 74.05150919 16.08345048
100.33291182 74.28606060 16.26513823
100.37735855 74.52061201 16.44682599
100.42929883 74.75584399 16.62559572
100.48232922 74.99117498 16.80394096
100.53535961 75.22650596 16.98228621
100.56701321 75.44707575 17.18139059
100.58504480 75.65823920 17.39372341
100.60307640 75.86940265 17.60605622
100.62255323 76.05720296 17.83684755
100.64379851 76.21641509 18.09022555
100.66504380 76.37562722 18.34360355
100.68587416 76.51013453 18.60691799
100.70545285 76.57011653 18.90020702
100.72511003 76.62988279 19.19348151
100.79117118 76.56209861 19.47815857
100.85723233 76.49431443 19.76283562
100.92329348 76.42653024 20.04751268
101.01333258 76.26991925 20.28531013
101.10521163 76.10649215 20.51951029
101.19709068 75.94306505 20.75371045
101.29863153 75.73645965 20.94160757
101.40457218 75.51213740 21.11029706
101.51118750 75.28809621 21.27893452
101.61780282 75.06405503 21.44757198
101.71995481 74.83622097 21.61205530
101.77001921 74.56412385 21.72805945
101.82008361 74.29202673 21.84406360
101.86129709 74.01462366 21.94958405
101.89374033 73.73196298 22.04471636
101.92618356 73.44930231 22.13984868
101.91778016 73.16049834 22.20605732
101.87503450 72.86652932 22.24794807
101.83228884 72.57256030 22.28983881
101.77829053 72.28028087 22.31824097
101.69357016 71.99261436 22.30981651
101.61456599 71.70372510 22.29932629
101.56406708 71.40873827 22.27853465
101.51356817 71.11375144 22.25774302
101.48232590 70.81911169 22.21601986
101.46227902 70.52467372 22.16212757
101.44223214 70.23023575 22.10823527
101.43751515 69.94648258 22.01733125
101.44348372 69.67017713 21.90062857
101.44945228 69.39387168 21.78392590
101.47769435 69.13109161 21.64759568
101.53864454 68.88817324 21.48244287
101.59959474 68.64525487 21.31729006
101.67335740 68.40743269 21.15022981
101.75310615 68.17199149 20.98227840
101.83062111 67.93621716 20.81383222
101.89651227 67.69870932 20.64281150
101.96240342 67.46120148 20.47179077
102.04134671 67.23121354 20.29624810
102.12337450 67.00300272 20.11963679
102.19527214 66.75691888 19.96563183
102.26113445 66.50018667 19.82509528
102.32699676 66.24345445 19.68455872
102.39029200 65.97398514 19.57278357
102.45130388 65.69318643 19.48659113
102.53371697 65.41289195 19.44823242
102.64084388 65.13317975 19.46511140
102.74797078 64.85346755 19.48199038
102.84265427 64.57886352 19.52973355
102.90058255 64.31934794 19.66864296
102.95851084 64.05983237 19.80755236
102.99024963 63.82820476 19.99262116
103.01403871 63.60504243 20.19170146
103.01211767 63.39481055 20.40190573
102.96662852 63.20649046 20.63096057
102.89329129 63.03349043 20.86201034
102.78402445 62.88025634 21.09563396
102.64460685 62.79803471 21.34683108
102.50180672 62.72377977 21.59999971
102.35900659 62.64952482 21.85316835
102.19453144 62.64477759 22.09799681
102.01801171 62.67865505 22.33819072
101.84149198 62.71253251 22.57838463
101.67206482 62.79224308 22.80996258
101.50682125 62.89898859 23.03645834
101.34157769 63.00573410 23.26295411
101.19363250 63.14512992 23.48258160
101.05113496 63.29480808 23.70004611
100.90916476 63.44538265 23.91706143
100.79843079 63.64905687 24.10746847
100.68769682 63.85273109 24.29787551
100.57696285 64.05640531 24.48828255
100.46977423 64.29157960 24.64030961
100.36271727 64.52792362 24.79091145
100.25566030 64.76426765 24.94151330
100.16936989 65.01621070 25.07871087
100.08929374 65.27282166 25.21189730
100.02179401 65.51399614 25.37502206
99.96079882 65.74718685 25.55363096
99.90165102 65.97929911 25.73390866
99.87385017 66.19311183 25.94250290
99.84604933 66.40692455 26.15109714
99.81824848 66.62073727 26.35969138
99.80399463 66.82589532 26.57788285
99.79358501 67.02859743 26.79879773
99.78317539 67.23129954 27.01971261
99.79824606 67.41862751 27.25349149
99.81401443 67.60553450 27.48762262
99.84741732 67.78207527 27.72693879
99.89845833 67.94824772 27.97144107
99.96070456 68.11494535 28.21237042
100.04640631 68.28274231 28.44582069
100.13210805 68.45053927 28.67927095
100.21842716 68.61820224 28.91254725
100.33341903 68.77964172 29.13774405
100.44841091 68.94108120 29.36294084
100.56340279 69.10252068 29.58813763
100.70319006 69.22546997 29.82281669
100.84602684 69.34368549 30.05866195
101.02889445 69.41029374 30.28513011
101.21943572 69.46700921 30.50980075
101.41446836 69.51858711 30.73111295
101.63453977 69.54152376 30.93370228
101.85461118 69.56446040 31.13629162
102.08215603 69.58298403 31.33063855
102.31541815 69.59813164 31.51867997
102.54868026 69.61327926 31.70672139
102.78768570 69.63416485 31.88631381
103.03448784 69.66283989 32.05443650
103.26374890 69.69559840 32.24347992
103.47855092 69.73172291 32.44976820
103.69108508 69.75190887 32.65890378
103.89781515 69.73130345 32.87532642
104.10454522 69.71069804 33.09174906
104.30465706 69.68252057 33.31271994
104.48663635 69.63359728 33.54615201
104.66861564 69.58467399 33.77958408
