#spline3d 218
59.26789856 86.72930145 3.50935006
59.44166277 86.51033067 3.61824358
59.61739389 86.29523205 3.73140067
59.79560108 86.08500801 3.84992506
59.96841050 85.86737030 3.96253773
60.13717873 85.64418215 4.07072442
60.32440267 85.42477006 4.15252099
60.51364294 85.20577050 4.23143439
60.70404377 84.98784334 4.31012133
60.92343321 84.79670247 4.38315170
61.15146236 84.61218384 4.43842125
61.39742726 84.44141276 4.45681996
61.64339216 84.27064169 4.47521868
61.89196654 84.10358537 4.49148856
62.14451069 83.94218021 4.50451991
62.39705483 83.78077506 4.51755125
62.64776009 83.61756579 4.51268289
62.89573332 83.45167614 4.48122086
63.14370655 83.28578650 4.44975882
63.39120857 83.12062094 4.41172483
63.63853367 82.95572727 4.37122317
63.88585877 82.79083360 4.33072151
64.13554921 82.63068610 4.28607977
64.38600300 82.47207028 4.24010196
64.63827691 82.31664386 4.19341847
64.89330972 82.16605187 4.14566536
65.14882032 82.01901484 4.09184926
65.40624030 81.88618431 4.01380401
65.66366028 81.75335378 3.93575876
65.92029285 81.61386347 3.86742203
66.17780676 81.47495342 3.80145432
66.44341948 81.34598425 3.74838167
66.70860301 81.21556380 3.69726428
66.96991870 81.07206441 3.66376770
67.23123439 80.92856503 3.63027112
67.49269368 80.78641624 3.59297400
67.75452028 80.64772177 3.54595647
68.01634688 80.50902730 3.49893895
68.28047588 80.37591894 3.45020634
68.55295878 80.26307895 3.39525080
68.82286752 80.14507341 3.33919415
69.08669543 80.01486550 3.28053638
69.35441610 79.88426789 3.25317371
69.62417626 79.75346612 3.24220712
69.89393642 79.62266434 3.23124054
70.17598358 79.52377300 3.20841964
70.45942914 79.42851344 3.18424959
70.74287470 79.33325389 3.16007953
71.01690563 79.21298210 3.14590896
71.28815040 79.08530822 3.13469762
71.55951310 78.95820318 3.12775027
71.83188431 78.83596278 3.15726805
72.10425552 78.71372238 3.18678584
72.37914962 78.60179269 3.22404725
72.66159299 78.52071601 3.28448009
72.94403636 78.43963934 3.34491294
73.21448797 78.34690285 3.43530681
73.48407661 78.25332728 3.52785678
73.75366525 78.15975171 3.62040675
74.01605170 78.07640019 3.73938670
74.27488715 77.99338528 3.86553413
74.51867076 77.90912639 4.01873377
74.76245437 77.82486749 4.17193342
74.96635890 77.72769686 4.36931645
75.17004182 77.63045447 4.56694499
75.35203446 77.54341721 4.78790667
75.52474099 77.46074901 5.01885782
75.69744752 77.37808080 5.24980896
75.84590032 77.28782054 5.49266355
75.96859410 77.18949702 5.74816037
76.09081017 77.09180442 6.00412159
76.21124856 76.99645957 6.26181093
76.33168695 76.90111472 6.51950027
76.42722505 76.80389663 6.78634069
76.51511028 76.70610282 7.05599362
76.60299551 76.60830901 7.32564654
76.66237651 76.51371123 7.60353899
76.71212211 76.42019381 7.88421668
76.76186772 76.32667639 8.16489437
76.79223762 76.23326628 8.44769041
76.80329889 76.13996310 8.73259747
76.81436016 76.04665993 9.01750452
76.81781279 75.95267516 9.30217084
76.80563277 75.85728999 9.58634256
76.79359003 75.76279216 9.87077605
76.78515263 75.69159713 10.16208387
76.77671523 75.62040210 10.45339169
76.73097494 75.53158045 10.73588558
76.68071050 75.44062103 11.01731050
76.63044606 75.34966160 11.29873542
76.56206531 75.27713689 11.58108994
76.48447249 75.21398616 11.86391715
76.40687967 75.15083543 12.14674436
76.35230536 75.08204700 12.43270737
76.31847261 75.00817852 12.72149599
76.28463987 74.93431004 13.01028460
76.24534950 74.86764068 13.29988637
76.19661597 74.81342772 13.59089509
76.14788245 74.75921476 13.88190382
76.08873569 74.71295419 14.17159417
76.00309733 74.68692477 14.45793052
75.92003564 74.66705520 14.74543065
75.83976046 74.65384710 15.03418931
75.75948528 74.64063899 15.32294798
75.70255123 74.61806911 15.61600955
75.65866765 74.59026489 15.91147694
75.62444697 74.56995676 16.20807736
75.61870977 74.57174498 16.50801760
75.61297257 74.57353320 16.80795784
75.61229515 74.59087725 17.10734039
75.61291589 74.61221241 17.40657986
75.61353664 74.63354756 17.70581932
75.63631199 74.61822467 18.00227911
75.67541861 74.57587931 18.29668987
75.71452522 74.53353395 18.59110062
75.79824223 74.44220822 18.86100778
75.89806611 74.33319780 19.12206778
75.99788998 74.22418739 19.38312777
76.14418624 74.09187416 19.60744051
76.29936009 73.95510941 19.82473344
76.46124955 73.80394034 20.02554363
76.63101201 73.63588444 20.20703035
76.76750794 73.44691729 20.38995291
76.85668160 73.22820349 20.57491796
76.94585527 73.00948968 20.75988302
77.03365175 72.78603311 20.93893195
77.11448649 72.53860159 21.08807448
77.19532122 72.29117006 21.23721700
77.29040840 72.03638694 21.36141674
77.39551958 71.77643332 21.46807378
77.50063076 71.51647969 21.57473081
77.61772939 71.25707268 21.66336714
77.76396622 70.99899432 21.70820010
77.91020305 70.74091597 21.75303306
78.04080684 70.47440679 21.78767179
78.14473667 70.19351249 21.80491656
78.24866650 69.91261820 21.82216134
78.32983673 69.62494536 21.82330466
78.39291032 69.33188275 21.81164536
78.44715025 69.03742948 21.79961779
78.47817541 68.73932153 21.78662239
78.50920057 68.44121359 21.77362699
78.54022573 68.14310565 21.76063160
78.52250783 67.84511914 21.73271657
78.50270856 67.54713782 21.70416447
78.48049759 67.24948533 21.67638113
78.40725660 66.95879064 21.66486422
78.33401562 66.66809595 21.65334731
78.26077463 66.37740126 21.64183041
78.18627742 66.08712199 21.62820157
78.11133157 65.79699107 21.61381848
78.04954992 65.50518569 21.63139404
77.99572429 65.21236831 21.66828437
77.94189867 64.91955093 21.70517470
77.95367742 64.63586981 21.79300890
77.98115909 64.35437552 21.89303691
78.02718526 64.09514477 22.02706792
78.09845319 63.86621798 22.20738204
78.16972113 63.63729119 22.38769615
78.24529025 63.48922387 22.63432663
78.32146342 63.35251224 22.89027042
78.39763659 63.21580062 23.14621420
78.50867182 63.16408621 23.41258483
78.63619623 63.15257412 23.68388718
78.76372065 63.14106203 23.95518953
78.88134777 63.20436042 24.22058495
78.99599937 63.29014984 24.48420451
79.11065098 63.37593927 24.74782407
79.20107183 63.48331513 25.01100139
79.26774753 63.61184482 25.27374534
79.33442323 63.74037452 25.53648928
79.37818403 63.90475968 25.78347692
79.42127979 64.07018544 26.03000728
79.44869115 64.23853332 26.27587863
79.44811430 64.41209562 26.52057402
79.44753745 64.58565791 26.76526941
79.43374383 64.76436773 27.00516379
79.40091145 64.95049259 27.23814232
79.34965782 65.14878836 27.45545257
79.27760294 65.36082749 27.65507022
79.20088474 65.57524943 27.84885587
79.07980716 65.81233750 27.98716514
78.95872959 66.04942557 28.12547441
78.83765202 66.28651365 28.26378369
78.71397076 66.53734735 28.37211112
78.59016906 66.78881697 28.47905151
78.44869527 67.02663100 28.59414502
78.30150203 67.26002550 28.71187725
78.15183323 67.49255478 28.82776757
77.97840397 67.71677984 28.92597939
77.78721832 67.93420758 28.99939481
77.58178603 68.14618159 29.05291512
77.37317305 68.35479562 29.10666544
77.15393946 68.55219044 29.16118372
76.93470586 68.74958526 29.21570201
76.71547227 68.94698008 29.27022030
76.48445974 69.12141801 29.34863100
76.25290954 69.29480807 29.42813228
76.01196313 69.45726989 29.50234502
75.76926918 69.61769925 29.57557418
75.52634689 69.76763797 29.66718664
75.28396534 69.90855802 29.77247534
75.04310601 70.03338966 29.90055155
74.80224667 70.15822131 30.02862776
74.54439515 70.26290086 30.13747834
74.27527354 70.35421452 30.23357748
74.00615193 70.44552817 30.32967663
73.73401816 70.53123137 30.42203536
73.45814524 70.60997004 30.50975092
73.18227233 70.68870870 30.59746649
72.89579256 70.72765770 30.67682683
72.60862603 70.76403049 30.75564620
72.32145951 70.80040327 30.83446557
72.03364319 70.77292883 30.90689388
71.74564366 70.72745275 30.97752024
71.47663815 70.64084062 31.07534461
71.21147396 70.54590922 31.17866946
70.94630977 70.45097781 31.28199430
