#spline3d 222
76.88009644 108.66999817 5.03702021
76.88645368 108.58154313 5.32361275
76.89281092 108.49308810 5.61020530
76.89952022 108.40143829 5.89575271
76.90678355 108.30476115 6.17965549
76.91936800 108.19974780 6.46002982
76.94180056 108.07930615 6.73387388
76.97496397 107.95155547 7.00304374
77.01531382 107.81890993 7.26908328
77.06149005 107.66156693 7.51983631
77.10921887 107.49764266 7.76651587
77.15776489 107.33387015 8.01313659
77.20637920 107.17011033 8.25975241
77.25689479 107.00945048 8.50797081
77.31032517 106.85354311 8.75864611
77.36375555 106.69763574 9.00932140
77.42117477 106.53630634 9.25535212
77.48722596 106.36324356 9.49133186
77.56609716 106.18190183 9.71619660
77.65685015 105.99288704 9.93075977
77.74760314 105.80387225 10.14532295
77.83792743 105.58951059 10.33454384
77.92413126 105.37015870 10.51999089
78.00224113 105.14429594 10.70133262
78.08035100 104.91843317 10.88267434
78.16617077 104.68749495 11.05342367
78.25773505 104.45277508 11.21628081
78.34201895 104.21014166 11.36968302
78.40879836 103.94848140 11.50035240
78.47557777 103.68682114 11.63102178
78.54443671 103.42427970 11.75854289
78.62283314 103.15769687 11.87162491
78.70122956 102.89111403 11.98470693
78.78423153 102.62185850 12.08652771
78.87449430 102.34838935 12.17059476
78.96475707 102.07492020 12.25466181
79.07326172 101.80423303 12.32419547
79.18574044 101.53415192 12.39056297
79.29821915 101.26407082 12.45693046
79.44982148 101.00908116 12.49232214
79.61213969 100.75822502 12.51922961
79.77445790 100.50736888 12.54613708
79.90402116 100.24134736 12.59425666
80.03114749 99.97419756 12.64395440
80.18454261 99.72573374 12.70207108
80.37007478 99.50013024 12.77048744
80.55560696 99.27452674 12.83890380
80.73710001 99.04066953 12.88592489
80.91740046 98.80437527 12.92662870
81.09770090 98.56808102 12.96733250
81.27225892 98.32592041 12.99355479
81.44267048 98.07952387 13.00932035
81.60920830 97.83324185 13.04763069
81.77468908 97.58699107 13.09209282
81.94627465 97.34746084 13.14685494
82.12384350 97.11451740 13.21171206
82.30225314 96.88093665 13.27103038
82.48307383 96.64552830 13.31446547
82.66389453 96.41011995 13.35790056
82.85784150 96.18543277 13.39923984
83.06039385 95.96777420 13.43920514
83.26294619 95.75011563 13.47917044
83.46475158 95.53509614 13.53173096
83.66530521 95.32449923 13.60539870
83.86681014 95.12073513 13.69355251
84.06870205 94.91975050 13.78759902
84.27570849 94.73381382 13.89753482
84.48767481 94.56247007 14.02287948
84.67624057 94.38183194 14.17027319
84.86297009 94.20046449 14.31939709
85.04969961 94.01909703 14.46852099
85.22773119 93.85895132 14.64889953
85.40505790 93.70052543 14.83181096
85.58238460 93.54209954 15.01472239
85.75223451 93.40079231 15.21655692
85.91736518 93.27029013 15.43033545
86.07482926 93.14412369 15.65128667
86.20449525 93.03367811 15.89824518
86.33416124 92.92323253 16.14520369
86.46382723 92.81278695 16.39216221
86.56983652 92.71968714 16.65685878
86.67523286 92.62703676 16.92201495
86.78347975 92.55644571 17.19274383
86.89175580 92.48608030 17.46352972
87.00298748 92.42977261 17.73594815
87.11768599 92.38995402 18.01028150
87.22413298 92.34877832 18.28726492
87.30335888 92.30312564 18.57299076
87.32915435 92.24563066 18.86390730
87.33025782 92.18266296 19.15722263
87.33136128 92.11969526 19.45053796
87.31899323 92.04192534 19.73999338
87.30616136 91.96364580 20.02931590
87.29301329 91.89758449 20.32104205
87.27913393 91.85977995 20.61832698
87.26525457 91.82197541 20.91561191
87.25496118 91.78911118 21.21358404
87.24720869 91.75974752 21.51204309
87.23945620 91.73038385 21.81050215
87.23959465 91.70545351 22.10939691
87.24361414 91.68270363 22.40850595
87.24763362 91.65995375 22.70761500
87.23379431 91.65663055 23.00722610
87.21917061 91.65416061 23.30685925
87.20454691 91.65169066 23.60649240
87.18460553 91.62971380 23.90496223
87.16421144 91.60607631 24.20333303
87.14583361 91.55812570 24.49877408
87.12771307 91.50707234 24.79384125
87.13028519 91.44667501 25.08764025
87.13395463 91.38578218 25.38137201
87.13762407 91.32488934 25.67510377
87.16635901 91.23069132 25.95669807
87.20846795 91.11872291 26.23181628
87.25066212 90.99848004 26.50263969
87.29326440 90.83862087 26.75290046
87.33586668 90.67876170 27.00316123
87.36746584 90.50882432 27.24808760
87.39318726 90.33350327 27.49016438
87.42130423 90.15321547 27.72808809
87.45435311 89.96270234 27.95746164
87.49096662 89.76828055 28.18297733
87.52776724 89.57365360 28.40829053
87.57802381 89.36547088 28.61524216
87.65329727 89.13208565 28.78805649
87.72857074 88.89870042 28.96087082
87.79978177 88.63679416 29.08684337
87.87036820 88.37050283 29.20561407
87.94095464 88.10421149 29.32438477
88.02845879 87.82830312 29.40121805
88.11844855 87.55098178 29.47188972
88.20843832 87.27366043 29.54256139
88.30942135 86.99865289 29.60660318
88.41503260 86.72461946 29.66785376
88.52064384 86.45058604 29.72910434
88.63287864 86.17710375 29.77593280
88.75608658 85.90453451 29.79886837
88.87929452 85.63196528 29.82180394
88.98293924 85.35159348 29.81390767
89.07834635 85.06793621 29.79302884
89.16925045 84.78809194 29.73565168
89.25972242 84.50861359 29.67477195
89.35019438 84.22913525 29.61389221
89.41120653 83.94210346 29.55183620
89.47096154 83.65474935 29.48973000
89.51682772 83.36514003 29.42861744
89.54258977 83.07226626 29.36894320
89.56835181 82.77939250 29.30926896
89.61341812 82.49336429 29.23103301
89.65938804 82.20765652 29.15192821
89.70535796 81.92194875 29.07282341
89.77992164 81.63734818 29.01765293
89.86268126 81.35306498 28.96934285
89.94544089 81.06878177 28.92103277
90.04592786 80.78814507 28.89490119
90.15642274 80.50956699 28.88129040
90.27340009 80.23457151 28.87023642
90.45074372 79.99293799 28.88299201
90.62808735 79.75130446 28.89574760
90.80868365 79.51526678 28.92116895
91.00576067 79.30758239 29.01076565
91.20283768 79.09989800 29.10036236
91.39991470 78.89221361 29.18995906
91.54060762 78.72946872 29.39229345
91.67254690 78.57370069 29.61213039
91.80448617 78.41793267 29.83196733
91.89577176 78.30654894 30.09109438
91.97042311 78.21332589 30.36629772
92.03022060 78.14189249 30.65006839
92.06725002 78.10045391 30.94443536
92.08724335 78.07615441 31.24278011
92.10723667 78.05185491 31.54112486
92.12199688 78.02888496 31.83958362
92.10505483 78.01396950 32.13873306
92.08811279 77.99905404 32.43788249
92.07117074 77.98413857 32.73703193
92.01560965 78.00474683 33.03019173
91.95179103 78.03264195 33.32197886
91.87738606 78.06559614 33.61073059
91.80022565 78.10251141 33.89811678
91.71294261 78.15397845 34.18048640
91.62790321 78.21996383 34.45958400
91.54799913 78.31917926 34.73119250
91.46809505 78.41839469 35.00280100
91.36041145 78.55396848 35.24688759
91.24838780 78.69522262 35.48667438
91.13757692 78.83590635 35.72734938
91.02879305 78.97563673 35.96950889
90.92000917 79.11536711 36.21166841
90.82093271 79.27531101 36.44445491
90.72863040 79.44936052 36.67070063
90.63561089 79.62613138 36.89445531
90.54089919 79.80932328 37.11233238
90.44618748 79.99251517 37.33020945
90.35147577 80.17570707 37.54808652
90.24797284 80.35105812 37.76840023
90.14438796 80.52633610 37.98873666
90.02616492 80.69308415 38.20800590
89.90085674 80.85570357 38.42675861
89.77176307 81.02186756 38.64045466
89.63846260 81.19197061 38.84853127
89.48488920 81.34926125 39.05165488
89.31726756 81.49767346 39.25134628
89.15485479 81.65940037 39.44467807
88.99434592 81.82599390 39.63568535
88.83383704 81.99258744 39.82669263
88.63024750 82.14996052 39.98020571
88.42384455 82.30673146 40.13127021
88.21744161 82.46350240 40.28233471
87.98584962 82.56088790 40.44191141
87.74583131 82.63840758 40.60433565
87.50747731 82.70975587 40.77020606
87.28754234 82.71280515 40.97421530
87.06760736 82.71585443 41.17822454
86.83510854 82.72086342 41.36757885
86.60045425 82.72620862 41.55441893
86.36579996 82.73155382 41.74125901
86.11227427 82.70446217 41.89796299
85.85520429 82.67127846 42.04900701
85.59982245 82.64343337 42.20375358
85.34664224 82.62255074 42.36332890
85.09346203 82.60166811 42.52290422
