#spline3d 240
56.70009995 89.86380005 2.51993990
56.89223624 89.75728765 2.72424053
57.09266260 89.65763117 2.92392704
57.29448911 89.55913261 3.12283425
57.49631562 89.46063406 3.32174146
57.69227784 89.35517089 3.52290776
57.88529162 89.24806091 3.72592988
58.06420713 89.13517063 3.93863872
58.24312264 89.02228035 4.15134757
58.42444380 88.89931196 4.35621905
58.60617913 88.77460845 4.55974119
58.81255978 88.67456270 4.75155786
59.02995128 88.58553335 4.93814485
59.25136893 88.49660961 5.11935347
59.49331699 88.40822441 5.27313644
59.73526505 88.31983921 5.42691940
59.97988704 88.23027966 5.57569198
60.22498003 88.14051325 5.72358204
60.47615945 88.04117189 5.85239605
60.73286363 87.93313918 5.96389441
60.98956781 87.82510647 6.07539276
61.25057322 87.71396527 6.16977432
61.51982825 87.59686208 6.23132633
61.78977871 87.47886834 6.28733532
62.06119140 87.35900211 6.33168927
62.33260409 87.23913588 6.37604323
62.60981803 87.13072887 6.39452477
62.89439405 87.03686417 6.38017291
63.17897006 86.94299948 6.36582105
63.46191562 86.84916390 6.33537912
63.74355216 86.75535171 6.29201925
64.02794418 86.67278987 6.24545958
64.31494795 86.60089165 6.19586701
64.60195172 86.52899342 6.14627444
64.88289901 86.44433563 6.08966712
65.14686643 86.32390529 6.01339331
65.41083385 86.20347495 5.93711950
65.67117877 86.08234074 5.85126033
65.92550702 85.96003748 5.74948063
66.17983527 85.83773422 5.64770094
66.44685143 85.71321980 5.59434742
66.71564578 85.58839549 5.54778078
66.98331997 85.45615779 5.52518044
67.25036722 85.31977079 5.51599411
67.51741446 85.18338379 5.50680778
67.78395099 85.04591856 5.49939256
68.04974997 84.90689621 5.49453506
68.31554896 84.76787386 5.48967757
68.57525784 84.61885234 5.49425331
68.82626663 84.45554639 5.51230503
69.08459228 84.30457604 5.52334943
69.35307968 84.17073750 5.52466197
69.62156708 84.03689895 5.52597452
69.86475236 83.86572345 5.51837301
70.08995754 83.66801568 5.50443701
70.31516272 83.47030791 5.49050102
70.53854363 83.27099500 5.49004160
70.75827585 83.06847167 5.51653643
70.97800807 82.86594834 5.54303126
71.19909600 82.66493479 5.56848843
71.43728748 82.48296866 5.58085455
71.67547897 82.30100252 5.59322066
71.91429435 82.11980216 5.60475648
72.15335402 81.93890164 5.61596719
72.39451206 81.76095506 5.62355301
72.64528887 81.59654918 5.61452256
72.89565025 81.43168931 5.60739925
73.13675017 81.25670818 5.64279288
73.37836505 81.08372165 5.68227953
73.62338766 80.92393419 5.74885147
73.86841027 80.76414674 5.81542341
74.11042936 80.60252284 5.88651698
74.32956971 80.42691024 5.99205320
74.54871005 80.25129764 6.09758941
74.76822230 80.07606792 6.20295521
74.99617153 79.90952423 6.30445503
75.22412077 79.74298053 6.40595484
75.44792580 79.57726621 6.51592100
75.65518922 79.41486233 6.65968068
75.86245264 79.25245845 6.80344035
76.06954188 79.09085234 6.94818032
76.27151119 78.95269530 7.12173475
76.47348050 78.81453826 7.29528919
76.67589977 78.68024148 7.47112125
76.87996081 78.56002981 7.65526380
77.08115397 78.44070132 7.84268901
77.26001523 78.32825011 8.05567619
77.43868072 78.21621419 8.26900383
77.60652092 78.12714225 8.50115882
77.77436112 78.03807032 8.73331380
77.93520672 77.95241627 8.97130010
78.08461701 77.87235004 9.21881988
78.23402730 77.79228381 9.46633966
78.38117307 77.71227996 9.71507367
78.50125175 77.63302161 9.97832089
78.62133043 77.55376327 10.24156810
78.73637060 77.51620153 10.51601609
78.85132250 77.47937026 10.79066030
78.96627440 77.44253899 11.06530452
79.02361844 77.40971648 11.35637406
79.06637433 77.37790911 11.65160302
79.10913021 77.34610175 11.94683198
79.14251662 77.31994258 12.24379604
79.17489146 77.29439321 12.54094743
79.20193456 77.27958812 12.83896650
79.22035040 77.28216831 13.13838957
79.23802836 77.28559659 13.43781418
79.24368287 77.30284457 13.73726405
79.24933738 77.32009254 14.03671391
79.25762873 77.35065960 14.33484403
79.26617364 77.38719139 14.63242363
79.26728753 77.41135232 14.93144665
79.26840143 77.43551325 15.23046967
79.27026036 77.45789493 15.52961142
79.27403296 77.47570643 15.82905815
79.27780557 77.49351793 16.12850488
79.26686530 77.49177749 16.42821686
79.25471670 77.48795223 16.72793820
79.24350400 77.47170401 17.02728857
79.23229130 77.45545579 17.32663893
79.21701282 77.43676059 17.62545612
79.17933553 77.40458468 17.92133597
79.14165823 77.37240877 18.21721583
79.10398093 77.34023286 18.51309568
79.03990978 77.29407000 18.80237203
78.97348712 77.24666099 19.09106005
78.90762346 77.19938392 19.37989106
78.84791127 77.15355868 19.67029560
78.78819908 77.10773343 19.96070015
78.72848689 77.06190818 20.25110470
78.64159169 76.97291171 20.52341604
78.55121216 76.87838154 20.79340819
78.46083263 76.78385136 21.06340034
78.37543064 76.63305360 21.30762606
78.29044198 76.47758357 21.54971223
78.20545332 76.32211353 21.79179840
78.10696988 76.10841555 21.97751752
78.00820171 75.89348903 22.16204735
77.92325937 75.65972056 22.32804056
77.84737726 75.41360475 22.48188651
77.77149514 75.16748894 22.63573245
77.71706083 74.90383065 22.76303802
77.68177551 74.62451012 22.86664784
77.64709486 74.34087030 22.95652639
77.61319380 74.05166165 23.02870130
77.57929275 73.76245300 23.10087621
77.52288340 73.47706588 23.16408871
77.41497493 73.20042248 23.20679516
77.30706646 72.92377908 23.24950161
77.21384982 72.63994249 23.26781512
77.12764583 72.35267247 23.27448547
77.04873322 72.06452056 23.26407730
76.98316601 71.77475455 23.22241037
76.91759880 71.48498853 23.18074343
76.83393584 71.21026542 23.09414042
76.77691430 70.93605957 22.98916340
76.73381049 70.66203801 22.87490809
76.69322879 70.38748057 22.76110709
76.66029063 70.11129908 22.64868294
76.62633692 69.83534593 22.53603864
76.58471080 69.56111794 22.42173114
76.54308469 69.28688994 22.30742364
76.52434183 69.00907856 22.19599270
76.50782249 68.73091898 22.08484126
76.52144180 68.43748728 22.02535207
76.53643362 68.14336008 21.96821556
76.55142544 67.84923289 21.91107905
76.61097734 67.55757850 21.94766832
76.67074720 67.26593621 21.98471604
76.73795932 66.98578485 22.04275112
76.84819419 66.77206112 22.22211142
76.95842907 66.55833739 22.40147172
77.06371836 66.34480952 22.58395724
77.16628196 66.13138959 22.76816517
77.27746986 65.93758591 22.96616563
77.40025245 65.77015478 23.18270909
77.52566465 65.62413492 23.40954475
77.65796090 65.53416783 23.66332442
77.79212656 65.46021191 23.91870395
77.93563722 65.46629425 24.18208102
78.08375461 65.48479439 24.44174145
78.23906116 65.52267355 24.69560174
78.39436771 65.56055270 24.94946203
78.55580014 65.63960568 25.18215759
78.72718481 65.78555066 25.38046841
78.89858497 65.93216927 25.57817922
79.07065547 66.10794309 25.74992153
79.24272596 66.28371690 25.92166383
79.41479646 66.45949072 26.09340613
79.59909969 66.64338000 26.24238590
79.78487221 66.82186961 26.39564197
79.97339137 66.98641431 26.56112716
80.11048440 67.18255562 26.73479596
80.21190802 67.40061248 26.91414095
80.31333164 67.61866935 27.09348593
80.39203835 67.85096854 27.26230812
80.43401199 68.10629743 27.41411506
80.47598564 68.36162633 27.56592199
80.51680751 68.61634299 27.71905157
80.55613314 68.87026432 27.87389937
80.59545877 69.12418564 28.02874717
80.65830296 69.35444741 28.21044503
80.72135441 69.58450068 28.39237952
80.78440586 69.81455396 28.57431400
80.84091516 70.00721810 28.79420008
80.89438707 70.18252326 29.03170629
80.94785899 70.35782842 29.26921251
80.99720447 70.50602920 29.52494380
81.04577659 70.64915012 29.78409081
81.08384557 70.79273851 30.04411671
81.09175565 70.93766921 30.30666627
81.09966574 71.08259991 30.56921582
81.07956946 71.21945531 30.83337009
81.02368750 71.34599232 31.09957481
80.96780554 71.47252934 31.36577953
80.88505782 71.60432863 31.62176843
80.79440511 71.73767628 31.87475143
80.70375240 71.87102394 32.12773444
80.57816780 71.98567350 32.37344169
80.43725206 72.09211673 32.61595572
80.29633632 72.19855996 32.85846975
80.14062528 72.29274911 33.09612968
79.96982989 72.37444476 33.32884068
79.79903449 72.45614041 33.56155167
79.59777684 72.53952565 33.76341422
79.36749296 72.62452084 33.93588253
79.13720908 72.70951602 34.10835084
78.90103903 72.79890559 34.27015908
78.66308305 72.88962846 34.42873291
78.42300789 72.98384648 34.58119966
78.17350627 73.09361143 34.70650111
77.92654231 73.20665433 34.83355495
77.69051309 73.33382181 34.96815981
77.45448387 73.46098930 35.10276466
77.22518587 73.58620571 35.24861087
77.01400152 73.70617179 35.42470742
76.80281717 73.82613786 35.60080397
76.59163282 73.94610394 35.77690053
76.36856861 74.02704280 35.96039128
76.14535424 74.10748837 36.14397549
