#spline3d 222
59.75379944 90.03849792 4.92244005
59.84833016 89.89490954 5.16829837
59.94286088 89.75132116 5.41415668
60.03647974 89.61435307 5.66349435
60.12518365 89.51306900 5.93158608
60.23274378 89.39773753 6.18526464
60.35955760 89.26806257 6.42422622
60.50713649 89.15733135 6.65909096
60.67524294 89.06532720 6.88990571
60.84334940 88.97332305 7.12072046
61.02504133 88.87674246 7.33778910
61.22538012 88.77388042 7.53599041
61.42571892 88.67101839 7.73419171
61.63060798 88.55377171 7.91682884
61.84438087 88.40844080 8.06907892
62.05815375 88.26310990 8.22132899
62.28555746 88.11620627 8.34911090
62.51952021 87.96854586 8.46511895
62.76671423 87.82227320 8.55084544
63.01471882 87.67517124 8.63352217
63.25681886 87.52209683 8.72271767
63.49891890 87.36902241 8.81191317
63.74421500 87.21302152 8.88318696
63.99339966 87.05346006 8.93265575
64.24258433 86.89389859 8.98212454
64.49270247 86.73453208 9.02547996
64.74680844 86.57599839 9.04271872
65.00091441 86.41746470 9.05995748
65.25513105 86.25915232 9.07729528
65.52561640 86.13337355 9.10919109
65.79610174 86.00759479 9.14108691
66.06703400 85.88217172 9.16953289
66.33999714 85.75836496 9.18230231
66.61296028 85.63455820 9.19507174
66.87914079 85.50098929 9.22526784
67.13929335 85.35874442 9.27095163
67.39944591 85.21649955 9.31663543
67.65926479 85.07383697 9.36290392
67.91869211 84.93068423 9.40985854
68.17811943 84.78753150 9.45681315
68.43639073 84.64129457 9.49820772
68.68920498 84.48049856 9.51335589
68.94553162 84.32582429 9.52806088
69.21282699 84.19026735 9.54138192
69.48012236 84.05471042 9.55470297
69.74958187 83.92391469 9.57000366
70.02249250 83.80071162 9.58846128
70.29473690 83.67755907 9.61260445
70.56426814 83.55461222 9.65990143
70.83379938 83.43166536 9.70719840
71.09934839 83.30070567 9.75544328
71.36461411 83.16917597 9.80375559
71.62987983 83.03764627 9.85206790
71.90051411 82.91675186 9.89755251
72.17376029 82.80103169 9.94166139
72.44152588 82.67880504 9.99721564
72.70185168 82.54774595 10.06830678
72.96217748 82.41668687 10.13939792
73.22645698 82.29476133 10.21189783
73.49207716 82.17593293 10.28487546
73.75814108 82.05792296 10.35754275
74.02563820 81.94255637 10.42920770
74.29313533 81.82718978 10.50087266
74.56025280 81.71585033 10.57835328
74.82548964 81.62445930 10.68464174
75.09072648 81.53306827 10.79093020
75.35596333 81.44167723 10.89721866
75.60982197 81.34768334 11.02613773
75.86191450 81.25328543 11.15856953
76.11291786 81.16587383 11.29718640
76.36217108 81.08968826 11.44574179
76.61142431 81.01350270 11.59429718
76.84626331 80.94807287 11.76851118
77.07788572 80.88504323 11.94845100
77.30950812 80.82201360 12.12839083
77.52411790 80.76672504 12.32998183
77.73359434 80.71377225 12.53810580
77.94307077 80.66081947 12.74622978
78.14666032 80.61522745 12.96172767
78.34689403 80.58164179 13.18202424
78.54300602 80.56944841 13.40872107
78.73911800 80.55725503 13.63541790
78.90994497 80.53452222 13.88070248
79.07761225 80.51047237 14.12830983
79.23793644 80.48754334 14.38055357
79.38451520 80.46671234 14.64147612
79.53340021 80.46543913 14.90066852
79.68612561 80.49673396 15.15697984
79.83885102 80.52802879 15.41329117
79.98542894 80.56434017 15.67211928
80.11387682 80.61544626 15.93836989
80.24232470 80.66655235 16.20462050
80.35341114 80.74342854 16.47194891
80.45937283 80.82791155 16.73959547
80.56533452 80.91239455 17.00724202
80.69811634 80.98503223 17.26620722
80.83175192 81.05729284 17.52489606
80.96538751 81.12955345 17.78358490
81.08459624 81.20989164 18.04667000
81.19783504 81.29357238 18.31157430
81.31024253 81.37409134 18.57774410
81.42029804 81.44566478 18.84749430
81.53035355 81.51723823 19.11724450
81.64331676 81.59989643 19.38233707
81.75880425 81.69217771 19.64338619
81.87240221 81.78650236 19.90443895
81.97389085 81.89392227 20.16551508
82.07537948 82.00134219 20.42659121
82.17686812 82.10876210 20.68766735
82.24866250 82.17184559 20.97181648
82.31935600 82.23328533 21.25682102
82.37210365 82.24599467 21.55086650
82.42101659 82.24829119 21.84684385
82.48302563 82.18663495 22.13162140
82.54878255 82.10667646 22.41319373
82.59113051 81.97289075 22.67453869
82.62129070 81.81108015 22.92535236
82.65145089 81.64926955 23.17616604
82.66479302 81.45204278 23.39843109
82.66725285 81.23189958 23.60222346
82.66597420 81.00567736 23.79817911
82.65059824 80.75653187 23.96458348
82.63427743 80.50671542 24.12964583
82.59389462 80.23981166 24.26053133
82.54673812 79.97239534 24.38605569
82.45363735 79.70150241 24.47521678
82.36053658 79.43060948 24.56437787
82.29557985 79.14199319 24.60929675
82.23488311 78.85069422 24.64751898
82.17418636 78.55939526 24.68574121
82.12477692 78.26865685 24.73897242
82.08164389 77.97823014 24.80054952
81.99924563 77.69675981 24.85803996
81.90056445 77.41900359 24.91383572
81.80188328 77.14124738 24.96963148
81.70007406 76.86278509 25.01290421
81.59412898 76.58338925 25.03961915
81.48818390 76.30399341 25.06633409
81.39587487 76.02025134 25.09079487
81.32768629 75.72882134 25.11126830
81.25949771 75.43739134 25.13174173
81.19695622 75.14516032 25.15680465
81.14091853 74.85200678 25.18715332
81.08064031 74.55952311 25.20883184
81.00450153 74.26954495 25.19808205
80.92836275 73.97956678 25.18733226
80.87243487 73.68544767 25.18979029
80.82863865 73.38884294 25.20017638
80.78471488 73.09228904 25.21081346
80.71946562 72.80423333 25.26341218
80.65421636 72.51617763 25.31601090
80.59427233 72.23242441 25.38961870
80.53947049 71.95284146 25.48358997
80.48928566 71.68285535 25.59205896
80.47939025 71.49661436 25.82703983
80.46949485 71.31037336 26.06202071
80.46348561 71.12920104 26.30012122
80.49195480 70.99299846 26.56589948
80.52042399 70.85679587 26.83167774
80.54889318 70.72059329 27.09745600
80.65482769 70.68197584 27.36688952
80.78415479 70.67282665 27.63742685
80.91348189 70.66367747 27.90796418
81.05113080 70.71473538 28.16582133
81.16714632 70.83534581 28.41213916
81.26775595 70.97920620 28.65541298
81.36836557 71.12306659 28.89868680
81.43671468 71.30135953 29.12681186
81.48537072 71.50067144 29.34568951
81.53402676 71.69998334 29.56456717
81.57711637 71.90475556 29.77937295
81.61514507 72.11449222 29.99047664
81.64438311 72.33877733 30.18547608
81.66052292 72.58473988 30.35647992
81.64389721 72.83936687 30.51153109
81.60746759 73.09923077 30.65694024
81.57103798 73.35909467 30.80234940
81.52555976 73.62878176 30.92396621
81.47509675 73.90388036 31.03247603
81.42463373 74.17897896 31.14098586
81.36286532 74.45594297 31.23717536
81.29219060 74.73437652 31.32365901
81.21737879 75.02064210 31.36935921
81.14169604 75.30855648 31.40647362
81.06601328 75.59647087 31.44358804
80.99411750 75.88537656 31.48034050
80.92564186 76.17517755 31.51676606
80.85716622 76.46497853 31.55319163
80.74797017 76.74312682 31.57163294
80.62752655 77.01646863 31.59102249
80.46708044 77.26305078 31.64979390
80.29549373 77.49785981 31.71794700
80.09920110 77.70656024 31.80690537
79.90290848 77.91526067 31.89586374
79.65961656 78.06082328 31.99222253
79.41379913 78.20299317 32.08897898
79.16798170 78.34516306 32.18573543
78.91766036 78.46195922 32.30114212
78.66565204 78.56925141 32.42353442
78.41364372 78.67654360 32.54592672
78.17613041 78.73189957 32.71668350
77.94238939 78.77373929 32.90002700
77.70864838 78.81557902 33.08337050
77.46856716 78.83151528 33.26118651
77.22430768 78.83038082 33.43535983
76.98004820 78.82924636 33.60953316
76.73613968 78.82778972 33.78419242
76.49290918 78.82571065 33.95979047
76.25191936 78.78332001 34.12873271
76.01305149 78.70275355 34.29137177
75.77418363 78.62218709 34.45401083
75.53443400 78.52581521 34.60216595
75.29222715 78.38539816 34.70995848
75.05651131 78.23559839 34.81705355
74.84707209 78.04781586 34.92132515
74.63763288 77.86003333 35.02559675
74.44488457 77.67119553 35.15547759
74.25782480 77.48199809 35.29408649
74.07076503 77.29280064 35.43269538
73.89615451 77.09591250 35.57595945
73.73322779 76.89180652 35.72359248
73.57030107 76.68770055 35.87122550
