#spline3d 293
130.50500488 113.63500214 4.13885021
130.62747682 113.62294697 4.41244718
130.74994876 113.61089181 4.68604414
130.86123547 113.59474067 4.96414748
130.97162928 113.57826255 5.24261054
131.08202309 113.56178444 5.52107361
131.18996126 113.54381787 5.80040395
131.29760076 113.52567027 6.07983977
131.40524025 113.50752267 6.35927560
131.50528194 113.49925815 6.64185484
131.60199909 113.49531815 6.92580954
131.70027710 113.48679482 7.20906639
131.80079493 113.47169447 7.49132183
131.89791081 113.44210445 7.77266315
131.98676522 113.37732702 8.05178457
132.07534486 113.31231238 8.33090473
132.12499097 113.21368676 8.60984594
132.17463708 113.11506113 8.88878715
132.22428319 113.01643551 9.16772837
132.31076119 112.91940667 9.43807224
132.39778344 112.82240142 9.70828908
132.48480569 112.72539617 9.97850592
132.52481988 112.59157315 10.24207565
132.55153343 112.44733277 10.50376462
132.57322489 112.30024999 10.76397244
132.56831128 112.13810931 11.01633376
132.56339766 111.97596864 11.26869508
132.56100464 111.81013507 11.51863292
132.56100464 111.64079550 11.76626993
132.55880757 111.47146500 12.01379095
132.53133918 111.30223876 12.25997779
132.50097973 111.13256719 12.50505440
132.40348793 110.95255458 12.72435065
132.30599614 110.77254197 12.94364689
132.21048860 110.58553025 13.15789540
132.11504411 110.39829613 13.37198351
131.98587930 110.21426046 13.56958360
131.84717330 110.03112979 13.76251839
131.69903623 109.85058410 13.95032272
131.53634218 109.67402836 14.13020811
131.36790077 109.49836475 14.30505378
131.18016986 109.32569532 14.46298492
130.99421589 109.14659222 14.61534878
130.81128084 108.95655874 14.75825422
130.61610093 108.77181584 14.88982012
130.40233646 108.59510268 15.00417544
130.18857198 108.41838952 15.11853076
129.97099785 108.24753385 15.23390593
129.74132570 108.09527934 15.35251974
129.51165356 107.94302484 15.47113355
129.28307445 107.77068572 15.54942565
129.05552953 107.57934319 15.58956661
128.82798460 107.38800065 15.62970757
128.60662102 107.18889149 15.65473464
128.39900837 106.97250478 15.64613953
128.19139572 106.75611808 15.63754442
127.98388404 106.53965159 15.62882845
127.79348749 106.30965969 15.59962568
127.60309094 106.07966778 15.57042291
127.41269439 105.84967588 15.54122015
127.21260003 105.62999229 15.50007581
127.01226037 105.41056945 15.45862940
126.80352367 105.20120388 15.41909785
126.54534007 105.05106175 15.39084211
126.29293271 104.89454169 15.35266603
126.05172621 104.72565399 15.29525310
125.81051972 104.55676629 15.23784018
125.55510517 104.40743023 15.18927336
125.29502239 104.26462559 15.14571805
125.02973184 104.12921536 15.10987197
124.76444128 103.99380514 15.07402590
124.51055269 103.83844871 15.03849790
124.25974544 103.67770186 15.00305586
124.00893819 103.51695500 14.96761382
123.75502788 103.35964823 14.94033107
123.49971855 103.20389243 14.91672698
123.25911749 103.02562722 14.90463595
123.02172458 102.84245229 14.89505614
122.80362705 102.63896389 14.86469840
122.58718194 102.43373587 14.83256128
122.37073683 102.22850786 14.80042415
122.16362006 102.01300946 14.77525538
121.95765229 101.79624602 14.75094494
121.74546931 101.58622000 14.72276357
121.52868211 101.38118502 14.69171463
121.31189492 101.17615004 14.66066570
121.09282045 100.97311408 14.63355479
120.86932268 100.77394398 14.61405956
120.64582491 100.57477388 14.59456432
120.42008294 100.37815410 14.57596855
120.18788880 100.18886660 14.55995878
119.95569467 99.99957910 14.54394900
119.72219700 99.81176348 14.53954502
119.48696087 99.62591085 14.55061931
119.25172473 99.44005822 14.56169361
119.02387872 99.24911853 14.59490740
118.80283250 99.05349816 14.64849214
118.58178627 98.85787779 14.70207687
118.35416801 98.66864229 14.74926423
118.11848612 98.48724079 14.78860224
117.88280423 98.30583928 14.82794026
117.65141953 98.12170911 14.87745518
117.42353550 97.93535605 14.93526060
117.19565148 97.74900298 14.99306602
116.97549728 97.55280093 15.04601050
116.76536430 97.34383032 15.09265308
116.55523132 97.13485971 15.13929567
116.35079140 96.92847751 15.20736018
116.15753100 96.72717819 15.31749109
115.96427061 96.52587888 15.42762201
115.77046465 96.32574207 15.53865074
115.56400674 96.15256410 15.67050031
115.35754883 95.97938613 15.80234987
115.16089471 95.80507336 15.94564207
114.98182332 95.62872536 16.10945621
114.80275192 95.45237736 16.27327034
114.63489727 95.28466268 16.45651060
114.46936796 95.11873777 16.64377809
114.31891723 94.96940640 16.85550265
114.17171839 94.82365366 17.07250171
114.02451956 94.67790091 17.28950077
113.92855748 94.51934572 17.52421522
113.84185031 94.35847801 17.76212961
113.75615376 94.19968014 18.00166510
113.67833721 94.05702108 18.25384063
113.60038735 93.91302077 18.50518989
113.52185429 93.76315231 18.75292413
113.44618066 93.61712288 19.00356984
113.38197052 93.48648402 19.26588757
113.31776037 93.35584517 19.52820531
113.25893996 93.22640352 19.79215779
113.21868377 93.10108547 20.06174092
113.17842758 92.97576741 20.33132405
113.14142675 92.84974977 20.60094672
113.12037110 92.72030546 20.87076303
113.09931544 92.59086115 21.14057934
113.07825979 92.46141683 21.41039565
113.04279368 92.33178189 21.67855981
113.00559195 92.20212398 21.94652497
112.97227643 92.10984391 22.22903291
112.94031061 92.03054530 22.51659159
112.90001955 91.96622767 22.80565178
112.84048895 91.93653088 23.09818191
112.78095836 91.90683409 23.39071204
112.70236849 91.86935593 23.67579885
112.57826377 91.81329530 23.94311048
112.45415905 91.75723467 24.21042211
112.33005432 91.70117404 24.47773374
112.18057894 91.60994856 24.72127865
112.03088666 91.51842247 24.96462039
111.88274410 91.42610177 25.20852135
111.75452363 91.32356591 25.45961119
111.62630316 91.22103006 25.71070104
111.52116608 91.05936507 25.93519036
111.42780020 90.86754767 26.14611495
111.33443431 90.67573027 26.35703955
111.24661607 90.46781211 26.55299796
111.16590521 90.23926641 26.72978239
111.08915066 89.98993009 26.87283702
111.01607813 89.72124453 26.98450027
110.92602912 89.45930953 27.09901363
110.82763541 89.20069275 27.21492794
110.72924170 88.94207597 27.33084226
110.62285057 88.67848801 27.41403040
110.49165469 88.40968588 27.42723850
110.33624644 88.15308242 27.42554450
110.18083818 87.89647896 27.42385050
110.03244874 87.63697164 27.41339861
109.91159249 87.36607314 27.36859154
109.79073625 87.09517464 27.32378448
109.73444233 86.82109544 27.23397398
109.71608917 86.54514706 27.11771672
109.69773602 86.26919867 27.00145946
109.71166004 86.00422529 26.87050537
109.78287067 85.75873068 26.71346689
109.85408130 85.51323608 26.55642840
109.93545466 85.27404369 26.39654363
110.05731292 85.05995720 26.22532019
110.17917118 84.84587071 26.05409674
110.32397605 84.64144963 25.89032181
110.48310177 84.44306068 25.73119545
110.64222749 84.24467173 25.57206908
110.81285268 84.03621386 25.44251729
110.99021195 83.82185964 25.33028436
111.16757121 83.60750542 25.21805142
111.34179590 83.38754264 25.11249533
111.51163494 83.15973280 25.01628095
111.68467143 82.93460920 24.92050539
111.89481215 82.74065757 24.82982196
112.10086200 82.54321529 24.73834905
112.28024501 82.32301876 24.64172982
112.45962802 82.10282224 24.54511059
112.63760556 81.88084089 24.45065031
112.79761207 81.63603802 24.38379534
112.95761859 81.39123514 24.31694038
113.10636033 81.13404742 24.28904389
113.23217756 80.86307399 24.30093325
113.34356294 80.58594893 24.32912808
113.45494831 80.30882387 24.35732291
113.56048732 80.03026790 24.39028678
113.64804737 79.74731155 24.43791661
113.73560743 79.46435520 24.48554645
113.81519987 79.18181412 24.54056326
113.84030868 78.90211273 24.64609322
113.86541750 78.62241134 24.75162319
113.87801171 78.36212542 24.89191129
113.87327676 78.12872443 25.08032958
113.86854180 77.89532343 25.26874786
113.83176004 77.67833380 25.46851585
113.75775207 77.48040794 25.68146788
113.68374410 77.28248208 25.89441992
113.56291702 77.13239710 26.12137379
113.42839973 76.99630110 26.35242190
113.29388244 76.86020510 26.58347001
113.11810308 76.77950730 26.81108466
112.93558651 76.70785481 27.03813870
112.75306995 76.63620233 27.26519275
112.53830158 76.64395519 27.47080145
112.31717147 76.66737096 27.67218000
112.09604135 76.69078672 27.87355855
111.85083938 76.71451693 28.04014556
111.58463145 76.73852156 28.17637223
111.31691434 76.75459864 28.31031943
111.04645857 76.75628982 28.44013014
110.77600280 76.75798099 28.56994085
110.51142537 76.79450283 28.70501509
110.24878384 76.84249549 28.84182277
110.01700643 76.93165847 29.00976424
109.78629722 77.02224636 29.17878325
109.57237697 77.12933588 29.35929401
109.36301904 77.24090964 29.54292760
109.16944824 77.36192341 29.73567688
109.00338432 77.49938507 29.94430897
108.83732041 77.63684672 30.15294106
108.67748793 77.77877669 30.36319224
108.52818347 77.92825587 30.57617890
108.38104260 78.08141100 30.78762563
108.25310528 78.26719325 30.98540410
108.12516797 78.45297550 31.18318258
108.04033110 78.64812037 31.39270395
107.97248295 78.84695566 31.60685396
107.93732292 79.03675572 31.83452040
107.92441925 79.22040396 32.07138978
107.91151558 79.40405221 32.30825916
107.92532625 79.59971418 32.53473485
107.94561700 79.79829032 32.75868936
107.96590775 79.99686645 32.98264386
107.99374286 80.20816782 33.19377108
108.02161370 80.41952946 33.40483753
108.04948455 80.63089111 33.61590398
108.13396471 80.85662765 33.79379802
108.22170562 81.08319220 33.96978130
108.30944652 81.30975675 34.14576457
108.38957021 81.52512592 34.33821859
108.46705837 81.73662156 34.53637138
108.55713981 81.94565530 34.73030405
108.68724596 82.14686449 34.91082405
108.81735210 82.34807367 35.09134405
108.95316252 82.54440689 35.27296924
109.10992706 82.73453448 35.44275168
109.28288294 82.92090245 35.60197641
109.45583882 83.10727043 35.76120114
109.63932810 83.29228623 35.90836973
109.84084251 83.47498815 36.03490741
110.04235692 83.65769006 36.16144509
110.26345897 83.80828760 36.29607969
110.48862798 83.95221934 36.43239545
110.71379700 84.09615109 36.56871120
110.95208361 84.18883714 36.71718780
111.20187363 84.23658360 36.87632879
111.45166364 84.28433005 37.03546977
111.69755234 84.30809613 37.20292570
111.93792262 84.29794192 37.38214313
112.19009539 84.27905533 37.54269008
112.44805441 84.25588765 37.69408373
112.70601342 84.23271997 37.84547737
112.96600167 84.21546371 37.99399090
113.22821752 84.20469677 38.13934276
113.47905633 84.19992250 38.30232022
113.71804433 84.20139046 38.48365724
113.95703234 84.20285843 38.66499426
114.17680061 84.19563671 38.86810598
114.38828735 84.18467073 39.08060011
114.60820555 84.15974020 39.28303250
114.82894208 84.13345431 39.48448831
115.03700859 84.09451995 39.69653867
115.23841458 84.04893642 39.91415846
115.43982058 84.00335290 40.13177825
115.62659197 83.96171701 40.36241193
115.80636168 83.92196982 40.59927188
115.97993260 83.88595002 40.84043357
116.11705957 83.87184440 41.10688612
116.25418653 83.85773878 41.37333867
