#spline3d 290
73.33029938 113.44999695 4.42990017
73.21819701 113.52249260 4.69855876
73.10609464 113.59498825 4.96721735
72.99007763 113.66519532 5.23474441
72.86683977 113.73118094 5.50018427
72.74360191 113.79716657 5.76562413
72.61738979 113.85938298 6.03041393
72.48028514 113.90779557 6.29282305
72.34318050 113.95620817 6.55523216
72.20775647 114.00182351 6.81862661
72.10168441 113.99858495 7.09922992
71.99561234 113.99534639 7.37983322
71.88954027 113.99210784 7.66043653
71.77792256 113.99916245 7.93880075
71.66610789 114.00658262 8.21708545
71.55492859 114.00977714 8.49549503
71.44781762 113.98591434 8.77470430
71.34070666 113.96205154 9.05391357
71.23726138 113.93816881 9.33447216
71.13755827 113.91426574 9.61640821
71.03785516 113.89036266 9.89834427
70.93692358 113.86318635 10.17944785
70.83075625 113.82205955 10.45700344
70.72458893 113.78093276 10.73455904
70.61842160 113.73980596 11.01211463
70.49335359 113.70918447 11.28297992
70.36635811 113.67963428 11.55316294
70.23936264 113.65008410 11.82334596
70.13568184 113.56940119 12.09152545
70.03804939 113.47545330 12.35918519
69.94041695 113.38150540 12.62684492
69.85270123 113.26579505 12.88836202
69.77353940 113.13131304 13.14458067
69.69437756 112.99683104 13.40079931
69.62530403 112.84571458 13.64925797
69.57142946 112.66953678 13.88602548
69.51755489 112.49335899 14.12279299
69.48724625 112.30429237 14.35177602
69.48411415 112.10036219 14.57178187
69.48098205 111.89643202 14.79178772
69.48704185 111.68013217 14.99940853
69.49477669 111.46157817 15.20477240
69.50251153 111.24302418 15.41013627
69.54375525 111.03375907 15.62002224
69.59739742 110.82793089 15.83158141
69.65015238 110.62164903 16.04289188
69.69230798 110.40994706 16.25123112
69.73446358 110.19824509 16.45957036
69.77661918 109.98654312 16.66790959
69.87922486 109.78101850 16.85925020
69.99125089 109.57645654 17.04794178
70.10327691 109.37189458 17.23663337
70.23997239 109.16537931 17.40327573
70.39678942 108.95727083 17.55193371
70.55360645 108.74916234 17.70059169
70.71327703 108.52587239 17.81880346
70.87459487 108.29381870 17.91943971
71.04861269 108.06717659 18.00908027
71.23550459 107.84602025 18.08757440
71.43106055 107.62643812 18.14313725
71.63705320 107.41314818 18.18397173
71.87633008 107.24332782 18.24648234
72.11560697 107.07350746 18.30899296
72.35631001 106.90556165 18.37060831
72.61043510 106.75525798 18.42379797
72.86456019 106.60495430 18.47698763
73.11866054 106.45459325 18.53012656
73.37003267 106.29790373 18.57766966
73.62140480 106.14121422 18.62521277
73.85673241 105.96012093 18.66457753
74.08723771 105.77169289 18.70148423
74.31774300 105.58326484 18.73839093
74.53494653 105.37916338 18.76599911
74.74161814 105.16265220 18.78624501
74.94828976 104.94614102 18.80649092
75.17160184 104.74749879 18.82034919
75.40747775 104.56234792 18.82938468
75.64335367 104.37719704 18.83842018
75.88491488 104.19983139 18.84153591
76.13447011 104.03341244 18.83632794
76.38402535 103.86699348 18.83111998
76.64657843 103.72277250 18.81878818
76.91121509 103.58210991 18.80531441
77.16419539 103.42144648 18.79644486
77.41488392 103.25685066 18.78848055
77.66312522 103.08882801 18.77998866
77.90151258 102.90700699 18.76937246
78.13989994 102.72518597 18.75875626
78.36848308 102.53134983 18.75121708
78.59233456 102.33171501 18.74516291
78.81079788 102.12622791 18.74107609
79.02667663 101.91793361 18.73793296
79.24590659 101.71353186 18.73069282
79.47335043 101.51867081 18.71341086
79.70064797 101.32373724 18.69553372
79.92129341 101.12550551 18.65059315
80.14193884 100.92727378 18.60565259
80.36425503 100.73209644 18.55639630
80.58956776 100.54239723 18.49939963
80.81520150 100.35277818 18.44357886
81.04477313 100.16414249 18.40218259
81.27486332 99.97661488 18.35901241
81.50812733 99.79586931 18.30498509
81.74139134 99.61512374 18.25095777
81.97499718 99.43421529 18.19993138
82.21221703 99.25158486 18.18063168
82.44943687 99.06895442 18.16133198
82.68432271 98.88318757 18.14508082
82.91399525 98.69041511 18.13563894
83.14366779 98.49764265 18.12619706
83.37916371 98.31218226 18.13271713
83.61642506 98.12893862 18.14407624
83.85368640 97.94569497 18.15543534
84.06787572 97.73693721 18.14299918
84.27694193 97.52251409 18.12527931
84.48600815 97.30809097 18.10755945
84.69538832 97.09426759 18.08660708
84.90478064 96.88046741 18.06552963
85.10591117 96.65961541 18.07374146
85.30108539 96.43367941 18.10306934
85.48562295 96.21073376 18.16573515
85.65020540 95.99339822 18.29094518
85.81478785 95.77606268 18.41615520
85.97605561 95.56807668 18.55795584
86.13176318 95.37577390 18.72758613
86.28747075 95.18347113 18.89721643
86.43479966 94.99173842 19.07457534
86.57720536 94.80034068 19.25647550
86.72191928 94.61973469 19.44620533
86.87220593 94.46518304 19.65483815
87.00071637 94.30711207 19.87282995
87.09213024 94.14304580 20.10676513
87.18354410 93.97897953 20.34070031
87.25236051 93.84592352 20.60061772
87.32113818 93.71292068 20.86057967
87.38346318 93.58114913 21.12273645
87.44229400 93.45004435 21.38608176
87.50112481 93.31893957 21.64942707
87.55152209 93.18416682 21.91254783
87.59552414 93.04661263 22.17549831
87.62448598 92.91541893 22.44369286
87.65235564 92.78468711 22.71226820
87.68022530 92.65395530 22.98084355
87.68883423 92.49731226 23.23510684
87.68602566 92.32530941 23.48088612
87.68321708 92.15330655 23.72666541
87.63244693 91.98727694 23.97110996
87.57955015 91.82151219 24.21549533
87.52665336 91.65574744 24.45988070
87.46703936 91.54034090 24.72932734
87.40632418 91.43318971 25.00288234
87.35492924 91.33755613 25.28232059
87.30818925 91.24767496 25.56469720
87.26144926 91.15779378 25.84707381
87.22216044 91.05800525 26.12684527
87.19338068 90.94424350 26.40294247
87.16460091 90.83048176 26.67903967
87.13280777 90.70506779 26.94950809
87.09917785 90.57255121 27.21654550
87.01543619 90.39309597 27.44073922
86.92771308 90.20991141 27.66152897
86.83998998 90.02672685 27.88231872
86.70667561 89.80353339 28.03182795
86.57305319 89.58006961 28.18085557
86.43943077 89.35660583 28.32988319
86.29511580 89.10322761 28.37458767
86.14812651 88.84236748 28.39319985
86.00113722 88.58150735 28.41181203
85.84032751 88.33050761 28.39187547
85.67373978 88.08363029 28.35582254
85.49061149 87.85376791 28.30738612
85.27790748 87.65432950 28.23680713
85.06520346 87.45489108 28.16622814
84.86143992 87.26779442 28.05279443
84.66030330 87.08432406 27.92676904
84.45916668 86.90085369 27.80074365
84.27790371 86.70739853 27.66217329
84.11240301 86.50602419 27.51365321
83.94690230 86.30464985 27.36513314
83.79672957 86.09738122 27.21040608
83.67379116 85.87963981 27.04465064
83.55085274 85.66189839 26.87889520
83.44784286 85.43167177 26.71753195
83.35325527 85.19836398 26.55503019
83.24237423 84.98509470 26.37552737
83.13149318 84.77182542 26.19602455
83.04203063 84.54537175 26.02351194
82.98256466 84.30045336 25.86078908
82.92732565 84.05431985 25.69879348
82.89851862 83.80058798 25.54134557
82.86971159 83.54685611 25.38389765
82.85867903 83.27454260 25.25872552
82.84822909 83.00162000 25.13461134
82.88233374 82.71048882 25.08986453
82.92718061 82.41496750 25.06425338
82.97545634 82.12268951 25.02757298
83.04498569 81.85051516 24.92228026
83.11451504 81.57834082 24.81698754
83.20079432 81.30586979 24.73480336
83.31916999 81.03283026 24.69690001
83.44284487 80.76297141 24.67552998
83.59074355 80.50765214 24.72973723
83.73864223 80.25233286 24.78394448
83.90809552 80.03423447 24.88609167
84.09461664 79.84560911 25.02619969
84.28113775 79.65698374 25.16630770
84.46625125 79.49509103 25.33467822
84.65027322 79.35392771 25.52496444
84.83429519 79.21276440 25.71525066
85.02129744 79.09172332 25.91367038
85.21456520 79.01298565 26.12918933
85.40934929 78.94092942 26.34506967
85.61260838 78.90621698 26.56296993
85.81586747 78.87150455 26.78087019
86.00947021 78.84861902 27.00856237
86.19865208 78.83114807 27.24073748
86.38295180 78.81750926 27.47682492
86.55722141 78.81174337 27.72095000
86.74630184 78.82178993 27.95097036
86.96282285 78.86113287 28.15485834
87.17934386 78.90047580 28.35874631
87.39885709 78.93670952 28.55991152
87.62221491 78.96894833 28.75757832
87.84557273 79.00118715 28.95524513
88.06810651 79.04196728 29.15167647
88.28811361 79.10893664 29.34431963
88.50812072 79.17590601 29.53696279
88.71956424 79.26233571 29.73128969
88.92989596 79.35129189 29.92583518
89.13586459 79.44566547 30.12214951
89.33070156 79.55386054 30.32297673
89.52553853 79.66205562 30.52380395
89.71538266 79.76679318 30.73098548
89.90104000 79.86863141 30.94349547
90.08658156 79.97058070 31.15605122
90.26839809 80.07610289 31.37007902
90.45021462 80.18162508 31.58410682
90.63203115 80.28714727 31.79813462
90.74058655 80.41464422 32.04626978
90.84507139 80.54336215 32.29630004
90.89739634 80.67869216 32.55832426
90.94448778 80.81468561 32.82155191
90.97443721 80.95197445 33.08580021
90.97966263 81.09113164 33.35152061
90.98488805 81.23028883 33.61724101
90.98404793 81.35872259 33.88809721
90.97840250 81.47866088 34.16302216
90.97275707 81.59859917 34.43794711
90.93007390 81.72673788 34.70518230
90.87888347 81.85676016 34.97065122
90.81585146 81.98061202 35.23582297
90.72815818 82.09161341 35.50037583
90.64005231 82.20270357 35.76471923
90.51748353 82.32120922 36.01156690
90.39491475 82.43971487 36.25841456
90.25484370 82.54564697 36.49996418
90.08589908 82.63083645 36.73277357
89.91503437 82.71673077 36.96370907
89.72022598 82.81141449 37.17127704
89.52541759 82.90609822 37.37884500
89.32748365 82.99671472 37.58459082
89.10009259 83.04899934 37.77316353
88.87270153 83.10128395 37.96173624
88.64598781 83.14015801 38.15350870
88.42038788 83.15697982 38.35054280
88.19478795 83.17380164 38.54757690
87.97770850 83.18520561 38.75422188
87.76255483 83.19538503 38.96303911
87.52710430 83.20929392 39.14779903
87.28693934 83.22406906 39.32697109
87.04677439 83.23884420 39.50614314
86.79309098 83.25943676 39.66397641
86.53318835 83.28270566 39.81199267
86.27328571 83.30597455 39.96000893
86.02140150 83.24398280 40.11057876
85.76956038 83.18153284 40.26116231
85.51771926 83.11908287 40.41174587
85.27029218 83.01456924 40.54357752
85.02384935 82.90067613 40.67122781
84.77929656 82.78528504 40.80091613
84.54612652 82.66087244 40.94287845
84.31295647 82.53645985 41.08484076
84.07978643 82.41204725 41.22680308
83.86580807 82.27272385 41.38408823
83.65329927 82.13225869 41.54254670
83.44462027 81.98199742 41.69616603
83.24380354 81.81162551 41.83985100
83.04298680 81.64125361 41.98353597
82.85847249 81.45668887 42.12993883
82.68964715 81.25846536 42.27895731
