#spline3d 274
117.08999634 79.95310211 0.51705903
116.82476729 79.81494245 0.49327970
116.56054502 79.67450771 0.47782807
116.29933377 79.52726884 0.48728237
116.03812252 79.38002997 0.49673667
115.77787835 79.23450601 0.47385028
115.51816106 79.08991637 0.43334386
115.25844378 78.94532674 0.39283744
114.99327508 78.81054190 0.35395119
114.72783208 78.67625038 0.31514645
114.46584904 78.53132572 0.30394550
114.20478764 78.38356863 0.30009761
113.94372625 78.23581154 0.29624972
113.68018859 78.09250181 0.29644350
113.41605370 77.95026471 0.29761207
113.15026032 77.81122906 0.29618843
112.88270521 77.67559421 0.29201118
112.61515009 77.53995935 0.28783393
112.34718808 77.40519231 0.28231812
112.07865577 77.27164163 0.27492611
111.81012346 77.13809096 0.26753410
111.54604209 76.99725187 0.28298766
111.28335693 76.85412649 0.30560760
111.02067177 76.71100111 0.32822754
110.75875918 76.56503151 0.33615272
110.49695633 76.41865790 0.34199055
110.23515347 76.27228428 0.34782838
109.97265438 76.12763905 0.33953357
109.70980186 75.98387119 0.32406470
109.44694933 75.84010333 0.30859583
109.18838370 75.68991191 0.28445445
108.92993443 75.53954612 0.26007764
108.66922069 75.39158393 0.25655997
108.40788152 75.24428560 0.25880350
108.14196672 75.10673256 0.24323287
107.87472114 74.97201385 0.22248117
107.60959293 74.83229421 0.22059104
107.34546458 74.69021305 0.22760768
107.08143699 74.54795951 0.23469548
106.82457445 74.39344738 0.24684429
106.56771191 74.23893526 0.25899309
106.29994534 74.10606337 0.27877283
106.02787354 73.98173570 0.30156550
105.76037320 73.84701116 0.31698638
105.49424690 73.70916165 0.33019153
105.23386630 73.56309717 0.35022504
104.99167710 73.39102338 0.39187769
104.75508769 73.21578297 0.44570672
104.53085936 73.03355248 0.52641414
104.30795140 72.85102077 0.60942118
104.10432865 72.66408941 0.72601645
103.90070590 72.47715805 0.84261173
103.69818162 72.29311691 0.96382244
103.51063258 72.14847783 1.14795520
103.32308354 72.00383875 1.33208795
103.14445009 71.86283727 1.52665895
102.98132286 71.72816237 1.73938441
102.81819564 71.59348747 1.95210987
102.66796780 71.45031084 2.16814737
102.53116591 71.29828543 2.38763209
102.39436402 71.14626002 2.60711681
102.28090292 70.99703814 2.83982637
102.19008321 70.85053577 3.08536450
102.09926350 70.70403341 3.33090263
102.01745240 70.55916681 3.58011822
101.95528095 70.41786631 3.83735101
101.89310950 70.27656582 4.09458381
101.85439035 70.14433717 4.35991715
101.83632197 70.02009667 4.63238337
101.84203861 69.90831208 4.90894772
101.87947424 69.81313833 5.19097722
101.91690987 69.71796459 5.47300672
101.96686299 69.63512690 5.75619552
102.03484120 69.57005306 6.04105370
102.10281942 69.50497923 6.32591188
102.18161161 69.45344991 6.61051768
102.26529838 69.40805107 6.89500924
102.35555630 69.39649246 7.18053756
102.44688245 69.39043502 7.46623442
102.53820860 69.38437757 7.75193128
102.64258509 69.40823714 8.03089430
102.75537138 69.45137559 8.30551796
102.86769740 69.49834353 8.57950756
102.97681795 69.57198141 8.84908129
103.08593851 69.64561929 9.11865503
103.19977857 69.72478215 9.38429877
103.32793088 69.82069988 9.63802455
103.45608319 69.91661761 9.89175034
103.58875181 70.02812589 10.13577670
103.72667514 70.15777367 10.36851786
103.86213162 70.28808308 10.60230199
103.99242615 70.41977698 10.83826861
104.12272067 70.55147087 11.07423523
104.24178053 70.70333857 11.30282894
104.35116836 70.87257413 11.52507524
104.44567600 71.05300915 11.74486934
104.53166283 71.23985730 11.96325925
104.62468660 71.44186292 12.16151225
104.73041406 71.67123214 12.32341232
104.83614152 71.90060136 12.48531239
104.93415726 72.14221007 12.63318321
105.02927813 72.38841332 12.77578764
105.12108048 72.63608913 12.91762146
105.18585116 72.89576012 13.05317807
105.25062183 73.15543111 13.18873468
105.31539251 73.41510210 13.32429129
105.36782165 73.68043911 13.45396023
105.41835998 73.94664420 13.58272714
105.43533351 74.20029902 13.74080646
105.44632698 74.45171781 13.90410822
105.45732044 74.70313661 14.06740998
105.46164644 74.94468550 14.24496153
105.46382450 75.18305479 14.42710367
105.44263079 75.41881502 14.60965220
105.39421845 75.65153677 14.79267400
105.34580611 75.88425851 14.97569580
105.27877584 76.11290192 15.15701042
105.19373095 76.33759915 15.33667318
105.09533357 76.55503031 15.51762590
104.97985909 76.76316858 15.70022842
104.86341849 76.97066468 15.88278890
104.70523602 77.15041540 16.06353295
104.54705354 77.33016611 16.24427701
104.37052387 77.45199344 16.44977012
104.18645852 77.55003010 16.66542832
104.00239317 77.64806675 16.88108652
103.81070091 77.70999248 17.09863102
103.60731769 77.71656529 17.31906696
103.40008867 77.70216983 17.53429111
103.18864724 77.66480718 17.74380665
102.97413110 77.61307279 17.94485307
102.75013746 77.51703906 18.11979435
102.52614382 77.42100532 18.29473562
102.28841748 77.31411388 18.43888865
102.03667474 77.19614044 18.55161740
101.78493200 77.07816700 18.66434616
101.53055912 76.95622707 18.76336473
101.26844009 76.82260531 18.82200493
101.00632106 76.68898354 18.88064512
100.74882108 76.54335950 18.93015776
100.49199381 76.39598748 18.97834109
100.24060590 76.23562840 19.00531922
99.99225362 76.06802140 19.02046300
99.74390135 75.90041440 19.03560679
99.51422334 75.71186007 19.04327352
99.32078694 75.48265272 19.03642937
99.12863268 75.25242114 19.02995741
98.94949212 75.01179370 19.02726311
98.77035155 74.77116625 19.02456880
98.59121099 74.53053880 19.02187450
98.43238369 74.27633900 19.01020178
98.30855717 74.00423084 19.00367614
98.19789436 73.72542241 18.99921811
98.09781677 73.44407485 18.99154579
98.06095585 73.14756322 18.96467724
98.02409494 72.85105160 18.93780869
97.99197941 72.55675525 18.89563433
97.97037002 72.26736345 18.81957338
97.94876063 71.97797165 18.74351243
97.94550598 71.69097209 18.66099399
97.98099878 71.40902263 18.56484358
98.01649159 71.12707317 18.46869317
98.08514376 70.85176183 18.37530139
98.17593325 70.58088213 18.28375128
98.26672274 70.31000244 18.19220117
98.37180506 70.04682052 18.09694004
98.50875234 69.80080032 17.99340540
98.64569962 69.55478011 17.88987077
98.79831471 69.31653751 17.79187697
98.97237593 69.09070212 17.69975663
99.17025335 68.88453415 17.60843841
99.36813077 68.67836617 17.51712019
99.56999472 68.47352596 17.43217944
99.77706544 68.27041991 17.35556824
99.98413617 68.06731387 17.27895703
100.19388675 67.86831013 17.19925192
100.40754760 67.67529223 17.11503238
100.62120845 67.48227434 17.03081284
100.84115607 67.29849325 16.94229846
101.06167474 67.11555118 16.85339397
101.28219341 66.93260911 16.76448948
101.49010978 66.73718258 16.67242028
101.69405822 66.53782522 16.57935464
101.90376616 66.33496785 16.50966579
102.11361704 66.13202362 16.44055713
102.31401318 65.91605392 16.39255879
102.50240640 65.68354819 16.37136029
102.69079961 65.45104246 16.35016180
102.87583835 65.21594776 16.35697411
103.05901691 64.97941738 16.37931934
103.24219547 64.74288701 16.40166457
103.41019020 64.49699589 16.42762803
103.54877799 64.23297556 16.46059900
103.68736578 63.96895523 16.49356998
103.78212901 63.69538806 16.57009470
103.87325071 63.42102760 16.65023845
103.96437241 63.14666715 16.73038219
103.99099731 62.88864552 16.86980298
103.99099731 62.63736872 17.03369390
103.99099731 62.38609192 17.19758483
103.95871098 62.15797762 17.38536599
103.90149180 61.94775037 17.59159618
103.84362315 61.73816204 17.79812271
103.73539855 61.57811091 18.02762560
103.62717395 61.41805978 18.25712849
103.46109958 61.27727819 18.46350926
103.28349599 61.15259943 18.66578764
103.04962405 61.10700107 18.84806451
102.81575211 61.06140270 19.03034139
102.57008044 61.06831900 19.19397985
102.31415276 61.12087962 19.34141831
102.05822508 61.17344025 19.48885677
101.80791511 61.27160841 19.61924325
101.55925959 61.38320838 19.74460778
101.31178621 61.49712238 19.86987175
101.08002521 61.64179326 19.99379914
100.84826421 61.78646413 20.11772654
100.63786090 61.93859383 20.26025508
100.48405433 62.11048899 20.45207562
100.33024777 62.28238416 20.64389616
100.17637821 62.45668655 20.83294285
100.02155768 62.66732751 20.98011656
99.86673715 62.87796847 21.12729027
99.72550216 63.11798974 21.23542396
99.58822600 63.36657246 21.33218136
99.44936981 63.61482248 21.42734442
99.29980301 63.86081730 21.51169981
99.15023622 64.10681211 21.59605519
99.00264383 64.35347330 21.68177198
98.86361149 64.60302358 21.77339115
98.72343670 64.85051362 21.86845603
98.57919947 65.09067771 21.97577331
98.43496224 65.33084181 22.08309059
98.29567568 65.57379583 22.18894899
98.20913849 65.84647649 22.27926302
98.12260131 66.11915714 22.36957706
98.03921307 66.39275603 22.45950104
97.98577802 66.67508923 22.54571472
97.93234296 66.95742243 22.63192841
97.90409240 67.24318712 22.70953624
97.92892047 67.53618398 22.76900645
97.95374854 67.82918084 22.82847665
98.00788786 68.11552294 22.89337561
98.08922473 68.39569016 22.96331185
98.17056160 68.67585738 23.03324809
98.25842953 68.95359882 23.10351427
98.37338929 69.22127772 23.17514910
98.49298479 69.48774909 23.24253384
98.62939185 69.74984138 23.29450561
98.76917837 70.00934844 23.34909975
98.92732940 70.25480700 23.41794414
99.10214990 70.49316521 23.46300176
99.28802858 70.72681319 23.49227976
99.48038206 70.95584839 23.51278378
99.67836737 71.18087135 23.52565616
99.89148131 71.38983834 23.53404994
100.12980582 71.57204944 23.53498051
100.36813032 71.75426054 23.53591107
100.60858548 71.93323114 23.53990663
100.86083902 72.09425757 23.56087449
101.11309257 72.25528400 23.58184236
101.36691321 72.41335126 23.60612265
101.62074578 72.57139600 23.63042815
101.87921218 72.71551348 23.67327574
102.14256269 72.84495146 23.73566692
102.40584554 72.96127443 23.81400434
102.66896735 73.04638135 23.93029663
102.93208916 73.13148827 24.04658892
103.19422773 73.21502439 24.16609198
103.45463234 73.29579037 24.29125732
103.71503695 73.37655635 24.41642265
103.97913487 73.45483125 24.53506645
104.24610708 73.53116747 24.64863492
104.51307929 73.60750369 24.76220338
