#spline3d 304
133.77600098 104.68299866 4.87358999
133.87755786 104.47772901 5.06641263
133.94858782 104.26244066 5.26289585
134.01961779 104.04715232 5.45937907
134.06398633 103.81293715 5.63832338
134.08601329 103.56286179 5.80257055
134.08448203 103.32104664 5.97656005
134.04192018 103.09361803 6.16751744
133.99935833 102.86618941 6.35847482
133.92942245 102.65038203 6.55067770
133.81022831 102.45548651 6.74512181
133.69103418 102.26059099 6.93956591
133.52216192 102.09084839 7.11897970
133.34611645 101.92473772 7.29622320
133.17007098 101.75862705 7.47346670
132.96279399 101.62453170 7.64061271
132.73892508 101.50744467 7.80239438
132.52038071 101.37747907 7.96100437
132.30679293 101.23552487 8.11666187
132.09473774 101.09389350 8.27460859
131.88632881 100.95311801 8.43787921
131.66098343 100.80974733 8.57449651
131.43563805 100.66637665 8.71111382
131.21042707 100.51806837 8.84134574
130.98588484 100.34519062 8.93980406
130.76134262 100.17231287 9.03826237
130.53409689 100.00127861 9.13293123
130.29127383 99.84086641 9.20576560
130.04845077 99.68045421 9.27859997
129.79469400 99.53458290 9.33829708
129.52431993 99.41081121 9.37802786
129.25394585 99.28703952 9.41775864
128.99093768 99.14887788 9.45741062
128.73260220 99.00158771 9.49701262
128.47405097 98.85477823 9.53685374
128.20850312 98.72355707 9.58444931
127.94295527 98.59233591 9.63204487
127.67740742 98.46111475 9.67964044
127.39367001 98.36633199 9.68406949
127.10740389 98.27661490 9.68249752
126.82113776 98.18689782 9.68092555
126.54864122 98.06583749 9.71145881
126.27713106 97.94253190 9.74429192
126.00566491 97.81915338 9.77713426
125.76594451 97.64316037 9.81663801
125.52622412 97.46716736 9.85614176
125.28650372 97.29117435 9.89564551
125.04272321 97.11813210 9.91942318
124.79801702 96.94576259 9.93961545
124.55331084 96.77339308 9.95980772
124.30633440 96.60348336 9.96056658
124.05858235 96.43441402 9.95468612
123.81083029 96.26534467 9.94880566
123.56873456 96.09021051 9.92231940
123.32682341 95.91487844 9.89516075
123.10037851 95.72413565 9.85180459
122.88356286 95.52379820 9.79836391
122.66674721 95.32346075 9.74492324
122.43818066 95.14039059 9.68130857
122.20534827 94.96358888 9.61400051
121.97251587 94.78678717 9.54669244
121.74399987 94.61428362 9.45923234
121.51912381 94.44540465 9.35477832
121.29424774 94.27652568 9.25032430
121.06407001 94.11470713 9.14649105
120.83040374 93.95753440 9.04306627
120.59673746 93.80036167 8.93964150
120.36745944 93.62919489 8.85065754
120.14041171 93.45091578 8.76901297
119.91336398 93.27263668 8.68736840
119.68620889 93.09980885 8.59562453
119.45896083 92.93170129 8.49513562
119.23141513 92.76428054 8.39420448
119.00149268 92.60234413 8.28974193
118.77157022 92.44040771 8.18527938
118.54548519 92.26986398 8.08810321
118.32906309 92.07764634 8.00927475
118.11264100 91.88542869 7.93044628
117.89616180 91.69353755 7.85104068
117.67847587 91.50854545 7.75943996
117.46078995 91.32355334 7.66783923
117.24054556 91.13731670 7.58613157
117.01711160 90.94952852 7.51675739
116.79367763 90.76174033 7.44738320
116.56244307 90.57689025 7.39947248
116.33098437 90.39082304 7.35800288
116.10324093 90.19686139 7.33537595
115.88094152 89.99687378 7.32636668
115.66962011 89.78473474 7.34481761
115.45828384 89.57260615 7.36320267
115.24511592 89.36176514 7.37346753
115.03194800 89.15092414 7.38373238
114.81878008 88.94008313 7.39399723
114.59101874 88.74504226 7.38685793
114.36263031 88.55068032 7.37897076
114.13424189 88.35631838 7.37108360
113.92374966 88.14361349 7.39066511
113.72309713 87.92175184 7.40915562
113.53252150 87.69060149 7.42498056
113.34552605 87.46042506 7.46188290
113.16392170 87.23171517 7.53052387
112.98231734 87.00300527 7.59916484
112.81804930 86.77565672 7.70029588
112.66783804 86.54941198 7.82777080
112.51762678 86.32316724 7.95524571
112.38633707 86.10122461 8.10686063
112.26525276 85.88160234 8.27149551
112.14416844 85.66198007 8.43613039
112.02931268 85.46836725 8.63220290
111.91766591 85.28815468 8.84447231
111.80601915 85.10794212 9.05674173
111.72967469 84.93988435 9.29132040
111.67265945 84.77241526 9.53333801
111.62320540 84.58930011 9.76576615
111.57494422 84.40661488 9.99863306
111.57285095 84.24056856 10.24848153
111.57075767 84.07452224 10.49832999
111.59905869 83.94844292 10.76607976
111.64461293 83.84505074 11.04399115
111.69042758 83.74188778 11.32193660
111.74617138 83.64746487 11.60118035
111.80191518 83.55304196 11.88042409
111.86001596 83.46503297 12.16065189
111.93548438 83.42428558 12.44813078
112.01095281 83.38353819 12.73560966
112.08642124 83.34279081 13.02308854
112.17457524 83.32468710 13.30923016
112.26317748 83.30738351 13.59532452
112.35177972 83.29007991 13.88141888
112.42167721 83.31972082 14.17087699
112.48829493 83.35759315 14.46092492
112.55605061 83.41010096 14.74775923
112.62571112 83.48710738 15.02921419
112.70062974 83.56794895 15.30815266
112.78133810 83.65310798 15.58413572
112.89411791 83.76475907 15.83872258
113.00689771 83.87641017 16.09330943
113.11934820 83.98865032 16.34771976
113.21003741 84.13981454 16.59046496
113.30072662 84.29097876 16.83321015
113.40106780 84.46572311 17.05515110
113.52331866 84.65473455 17.25213265
113.65594095 84.84939174 17.43792746
113.78856324 85.04404894 17.62372227
113.91153681 85.24543526 17.80858004
114.02422189 85.45399689 17.99243866
114.14957270 85.65771604 18.17271424
114.29334993 85.85439023 18.34777716
114.43883668 86.05185389 18.52037037
114.59372246 86.25365813 18.67938506
114.74860824 86.45546236 18.83839974
114.90407901 86.66467992 18.98667768
115.05979230 86.87697060 19.13050477
115.21550558 87.08926129 19.27433186
115.36129167 87.31553185 19.40669566
115.50643327 87.54271000 19.53831524
115.63796224 87.78119671 19.66356131
115.76421113 88.02406979 19.78633521
115.88403470 88.26957404 19.91017088
115.99938901 88.51690845 20.03474509
116.09100545 88.77626964 20.15240496
116.16709875 89.04349563 20.26554327
116.24518509 89.30018314 20.39852661
116.32456148 89.55004935 20.54435513
116.40393787 89.79991556 20.69018365
116.43965230 90.03524708 20.87173207
116.47042896 90.26893487 21.05732009
116.50120562 90.50262265 21.24290810
116.48472406 90.74588057 21.41639704
116.45952928 90.99090297 21.58765523
116.43433449 91.23592538 21.75891341
116.35681249 91.45424261 21.94937716
116.27858239 91.67219846 22.14010081
116.20035229 91.89015431 22.33082446
116.09379373 92.05406585 22.55787648
115.98596634 92.21555676 22.78655564
115.87813896 92.37704766 23.01523480
115.73456954 92.48800011 23.25190594
115.58123633 92.58514676 23.49076028
115.42790311 92.68229340 23.72961462
115.25877704 92.72187682 23.97365287
115.08844200 92.75705367 24.21808796
114.92378844 92.73902762 24.46791518
114.75943108 92.71822791 24.71802352
114.59942199 92.64593280 24.95983132
114.43673569 92.54871804 25.19072000
114.26133643 92.41199871 25.39207339
114.08593717 92.27527939 25.59342677
113.93179924 92.11265583 25.78894307
113.80648173 91.91491827 25.97654700
113.68140407 91.71692860 26.16398614
113.59208448 91.48135530 26.32685792
113.50276490 91.24578199 26.48972970
113.41344531 91.01020868 26.65260148
113.31966187 90.76495418 26.79708250
113.22410023 90.51584313 26.93423747
113.13343074 90.25100740 27.03990990
113.04459967 89.98026248 27.13375149
112.95545566 89.70838820 27.22242053
112.86324613 89.42545089 27.26042015
112.77103660 89.14251358 27.29841976
112.66224845 88.86375271 27.31144715
112.54825424 88.58630333 27.31663269
112.43931458 88.30772737 27.29899052
112.33236952 88.02870684 27.27234018
112.22542446 87.74968631 27.24568984
112.12266814 87.47258930 27.19546568
112.02090053 87.19594632 27.13967719
111.91913292 86.91930334 27.08388870
111.82309659 86.65186121 26.99353462
111.73181250 86.39204821 26.87451961
111.64052841 86.13223521 26.75550459
111.55941760 85.87483746 26.62592464
111.49564456 85.62155588 26.47833946
111.43187151 85.36827431 26.33075428
111.37808087 85.11500815 26.17959010
111.33426229 84.86175741 26.02485063
111.29044371 84.60850666 25.87011116
111.25112710 84.35732671 25.71107989
111.21935528 84.10961717 25.54485604
111.18758347 83.86190764 25.37863219
111.18096325 83.60728322 25.22116763
111.18520410 83.34967280 25.06748554
111.18944494 83.09206237 24.91380344
111.21951286 82.87120129 24.71456327
111.25348989 82.65590247 24.50842757
111.28746692 82.44060365 24.30229187
111.34644732 82.21606713 24.11365844
111.41828206 81.98678147 23.93402301
111.49352397 81.75746042 23.75588099
111.57274947 81.52809800 23.57948503
111.65197497 81.29873557 23.40308907
111.74705829 81.06785532 23.23888398
111.86931368 80.83437430 23.09556771
111.99156906 80.60089329 22.95225143
112.11296839 80.36396886 22.81614123
112.22637479 80.09489364 22.74731337
112.33978118 79.82581842 22.67848552
112.39653054 79.53441236 22.66004643
112.43947519 79.23756531 22.65388477
112.48241984 78.94071826 22.64772311
112.50067133 78.64726520 22.68803290
112.50180797 78.35616452 22.76055211
112.50294461 78.06506384 22.83307132
112.44173965 77.79530286 22.94787036
112.37744077 77.52660093 23.06476767
112.31281260 77.25839574 23.18235855
112.22392503 77.02678496 23.35104441
112.13503747 76.79517418 23.51973028
112.04446983 76.56710124 23.69055134
111.90325066 76.44568831 23.92574497
111.76203148 76.32427537 24.16093860
111.61744552 76.20701886 24.39517325
111.41814124 76.15731401 24.61382212
111.21883697 76.10760917 24.83247099
111.01470899 76.07091718 25.04670389
110.78579565 76.10108843 25.23824644
110.55688230 76.13125969 25.42978900
110.32186688 76.14586742 25.61529363
110.08987307 76.22138895 25.78609246
109.85944649 76.31538843 25.95362607
109.62901991 76.40938791 26.12115968
109.43837251 76.55729316 26.29687843
109.26368929 76.74221428 26.45383244
109.09351830 76.94181414 26.59943884
108.92334730 77.14141400 26.74504524
108.80448930 77.33065017 26.94508624
108.68604170 77.51980345 27.14556260
108.56759410 77.70895673 27.34603897
108.48959663 77.90147178 27.56086667
108.42695358 78.09526293 27.78114197
108.37293403 78.29701648 27.99483509
108.35286555 78.53011836 28.18261382
108.33279707 78.76322024 28.37039255
108.32851352 79.00358773 28.54960568
108.32698108 79.24374008 28.72923581
108.32030433 79.47332629 28.92222665
108.31362758 79.70291251 29.11521749
108.30695083 79.93249872 29.30820833
108.34558811 80.16153526 29.49716858
108.40886796 80.38703908 29.68433623
108.47844297 80.61127714 29.87109080
108.54801798 80.83551520 30.05784537
108.63735595 81.03551686 30.26166320
108.73410953 81.22642436 30.47188363
108.83267701 81.41264679 30.68483150
108.94542391 81.56677968 30.91552225
109.05688048 81.76038397 31.11575715
109.16833705 81.95398826 31.31599205
109.28492524 82.14267092 31.51787471
109.40627832 82.32678370 31.72128739
109.52763140 82.51089647 31.92470006
109.68884671 82.66200428 32.12577452
109.86112861 82.80394921 32.32619985
110.03341052 82.94589414 32.52662518
110.20932551 83.05789360 32.73934106
110.38956124 83.13427961 32.96667381
110.56979697 83.21066562 33.19400657
110.75618439 83.28732656 33.41615324
110.94573456 83.36412885 33.63563362
111.13648689 83.45297636 33.84907422
111.32830936 83.55254638 34.05713830
111.51931360 83.65864716 34.26240384
111.70828932 83.78093843 34.46073151
