#spline3d 242
121.34700012 84.15950012 10.51640034
121.48832028 84.01263350 10.73653395
121.62964044 83.86576688 10.95666757
121.77043542 83.71865467 11.17686135
121.83476290 83.53578369 11.40581588
121.89909038 83.35291271 11.63477041
121.95945207 83.16893381 11.86341205
121.96603930 82.96993196 12.08781094
121.97262654 82.77093012 12.31220983
121.97859041 82.57163823 12.53633277
121.96629795 82.36385210 12.75237403
121.95400549 82.15606597 12.96841529
121.93876595 81.96511145 13.19893967
121.92257115 81.77961268 13.43415858
121.90637635 81.59411392 13.66937749
121.87346817 81.42892130 13.91585702
121.82266562 81.28546970 14.17439287
121.77186307 81.14201809 14.43292872
121.65141853 80.95539317 14.63249077
121.50655551 80.76196346 14.80659511
121.33101440 80.56319821 14.94687237
121.15547328 80.36443297 15.08714963
120.95833606 80.15621314 15.17053384
120.75648101 79.94592788 15.24148936
120.53361230 79.75406598 15.29059400
120.29225410 79.57841441 15.32047248
120.04667129 79.41026329 15.34231863
119.77253221 79.29281158 15.30987016
119.49839313 79.17535986 15.27742170
119.22392851 79.05853916 15.24580917
118.94329662 78.95367294 15.23003326
118.66266473 78.84880671 15.21425735
118.38203285 78.74394048 15.19848145
118.09912776 78.64825557 15.17066996
117.81587711 78.55396639 15.14102884
117.55350077 78.42591450 15.07669956
117.29580475 78.29029255 15.00459271
117.03810873 78.15467060 14.93248585
116.77503140 78.02556068 14.86944859
116.50679702 77.90269144 14.81510297
116.23856264 77.77982220 14.76075735
115.97173556 77.65353443 14.70746366
115.70628348 77.52390663 14.65519774
115.44083139 77.39427882 14.60293182
115.17474975 77.26962740 14.54316594
114.90796736 77.15051508 14.47505199
114.63961354 77.03459379 14.40776233
114.36883151 76.92360331 14.34174637
114.09327479 76.81757874 14.29163416
113.81269462 76.71677881 14.25825421
113.53211446 76.61597887 14.22487426
113.25112318 76.51558618 14.19405002
112.96922417 76.41609268 14.16886878
112.68732517 76.31659918 14.14368755
112.40542616 76.21710569 14.11850631
112.12728498 76.10877977 14.08847664
111.85289710 75.99076140 14.06350569
111.58299650 75.86114221 14.04473032
111.31541067 75.72902125 14.01551158
111.04951733 75.59507106 13.97865689
110.78362400 75.46112087 13.94180221
110.51229203 75.33834314 13.90970518
110.23253005 75.23288298 13.88498263
109.95276808 75.12742281 13.86026008
109.67427387 75.01830115 13.83885233
109.39943813 74.89861325 13.82701030
109.12460240 74.77892536 13.81516828
108.84975099 74.65970188 13.80786407
108.57475699 74.54470099 13.84181909
108.29976299 74.42970010 13.87577410
108.02477710 74.31468383 13.90973651
107.75937464 74.18150393 13.95245090
107.49397218 74.04832404 13.99516529
107.22856972 73.91514414 14.03787968
106.95844939 73.79606153 14.09090550
106.68820769 73.67751870 14.14465049
106.42405066 73.54298140 14.19070103
106.15989364 73.40844409 14.23675156
105.89995110 73.27967180 14.30663219
105.64657502 73.15988185 14.41364195
105.39319894 73.04009190 14.52065171
105.14168996 72.92716145 14.63710171
104.89592201 72.83532291 14.78257894
104.65015406 72.74348436 14.92805618
104.43258605 72.64922314 15.11136182
104.21726671 72.55476873 15.29768391
104.00194736 72.46031433 15.48400600
103.80881054 72.33238471 15.67349009
103.62152577 72.19562388 15.86380836
103.43873834 72.05927735 16.05784495
103.30172290 71.92714746 16.28972500
103.16470746 71.79501756 16.52160505
103.02769202 71.66288767 16.75348510
102.93038188 71.53606935 17.00707360
102.83576211 71.40961094 17.26213303
102.76562350 71.28929254 17.52747761
102.70193216 71.17061693 17.79554180
102.62146484 71.07680282 18.06889842
102.54099751 70.98298872 18.34225504
102.46436592 70.89269761 18.61780919
102.39311947 70.80735256 18.89644857
102.33287854 70.72215935 19.17735339
102.29053809 70.63721309 19.46194296
102.24819763 70.55226684 19.74653254
102.23893119 70.45809470 20.03047228
102.24155747 70.36060515 20.31417835
102.23720409 70.30096459 20.60498509
102.22439452 70.28718005 20.90439464
102.21158494 70.27339551 21.20380419
102.19886453 70.26968265 21.50270170
102.18656918 70.31398566 21.79915809
102.17427382 70.35828867 22.09561449
102.14244660 70.41840834 22.38614347
102.08232518 70.50144029 22.66808591
102.02220376 70.58447224 22.95002835
101.94980796 70.65804356 23.23164496
101.87547261 70.73011994 23.51321008
101.80113726 70.80219633 23.79477521
101.71818946 70.87945684 24.07243435
101.63110055 70.95921002 24.34821538
101.53961274 71.03673757 24.62288389
101.41766093 71.09885182 24.88984773
101.29570913 71.16096607 25.15681158
101.17435485 71.21156951 25.42627381
101.05344038 71.25370021 25.69757504
100.93252592 71.29583090 25.96887626
100.76931495 71.25896381 26.21622669
100.60206964 71.21456171 26.46129264
100.43482432 71.17015962 26.70635858
100.27081436 71.03629623 26.91542783
100.10731565 70.88829621 27.11880889
99.94662607 70.70316186 27.28930731
99.78688633 70.50547148 27.44868729
99.62714659 70.30778111 27.60806727
99.47617960 70.08080497 27.72873726
99.32928539 69.84023287 27.83143608
99.18239117 69.59966077 27.93413490
99.06118388 69.33188615 27.99172885
98.94213646 69.06182422 28.04553017
98.82308905 68.79176229 28.09933149
98.73633270 68.50622219 28.07168110
98.65029332 68.22033843 28.04222222
98.56425394 67.93445467 28.01276334
98.50119228 67.65185351 27.94024879
98.44679068 67.37048954 27.85150705
98.42917021 67.09211952 27.74805491
98.44645069 66.81659042 27.63064435
98.47043515 66.55074906 27.49475059
98.49841515 66.29068153 27.34784098
98.57129091 66.05598286 27.18028816
98.66645693 65.83387956 27.00248621
98.76162295 65.61177625 26.82468427
98.86781710 65.38571931 26.65950810
98.98657418 65.15515850 26.50871485
99.10533125 64.92459768 26.35792160
99.23791374 64.69431996 26.22080118
99.39214354 64.46448548 26.10508918
99.54637335 64.23465100 25.98937717
99.69831425 64.00149657 25.87873743
99.83326024 63.74369170 25.80575878
99.96820623 63.48588684 25.73278013
100.10346587 63.22304953 25.69662497
100.23902389 62.95542466 25.69550138
100.37458192 62.68779980 25.69437778
100.53662328 62.44065238 25.74326429
100.70064258 62.19503435 25.79588589
100.86675411 61.95233460 25.85405149
101.03863291 61.71767911 25.92749916
101.21051170 61.48302361 26.00094684
101.37228681 61.24504025 26.08011088
101.46991772 60.98592958 26.19556581
101.56754862 60.72681891 26.31102075
101.64728661 60.46948735 26.43632938
101.65381826 60.21943474 26.60195299
101.66034990 59.96938213 26.76757661
101.66688155 59.71932952 26.93320023
101.63421517 59.50477745 27.14012251
101.60082595 59.29088005 27.34780639
101.54440282 59.09383323 27.56556101
101.47360806 58.90730004 27.78959912
101.36915214 58.73992234 28.01016201
101.21070393 58.60326995 28.22515068
101.05225571 58.46661755 28.44013935
100.88098092 58.35592176 28.65646137
100.68502897 58.29516413 28.87534861
100.48907703 58.23440651 29.09423586
100.27182164 58.23994791 29.29899242
100.05100303 58.25657847 29.50138548
99.83050218 58.28369868 29.70096442
99.61218808 58.38300835 29.88117659
99.39387398 58.48231802 30.06138877
99.17725454 58.61620454 30.21919172
98.96668231 58.77729126 30.35202894
98.76815632 58.98436548 30.43982034
98.56963032 59.19143970 30.52761175
98.37046496 59.40777806 30.58480682
98.17113712 59.62647061 30.63422682
97.97271151 59.84579365 30.68425237
97.78712012 60.07408553 30.74289182
97.60152872 60.30237741 30.80153128
97.41593732 60.53066929 30.86017073
97.24997179 60.77291033 30.91998723
97.09064940 61.01987302 30.98020216
96.93273646 61.26711845 31.04267570
96.78078323 61.51555939 31.11469952
96.62882999 61.76400034 31.18672334
96.50348075 62.01470492 31.29295771
96.38023444 62.26558842 31.40189628
96.25698813 62.51647192 31.51083484
96.15093524 62.74600092 31.67164283
96.04593139 62.97422700 31.83561559
95.95532364 63.20961238 31.99662925
95.88940925 63.45727798 32.15256724
95.82444574 63.70521058 32.30835186
95.79748760 63.96381477 32.45800645
95.77052946 64.22241896 32.60766103
95.75877685 64.48985323 32.74182387
95.75646891 64.76277218 32.86636424
95.76367544 65.03528903 32.99141441
95.77564334 65.30760464 33.11671970
95.78761123 65.57992026 33.24202499
95.82553043 65.84873196 33.36453467
95.91186082 66.11100725 33.48182923
95.99819120 66.37328253 33.59912380
96.10017407 66.63618899 33.70107505
96.20493399 66.89920744 33.80030410
96.30969392 67.16222588 33.89953314
96.42026003 67.42266093 33.99919463
96.53305977 67.68210213 34.09902249
96.65985392 67.93914638 34.18632576
96.79561234 68.19465522 34.26560626
96.94234066 68.44129024 34.35031793
97.11144024 68.66982862 34.44610551
97.28053981 68.89836701 34.54189309
97.44984228 69.12565407 34.63980494
97.62213766 69.33448244 34.76905266
97.79515221 69.54247755 34.89848701
97.99741721 69.71658238 35.03551206
98.19968220 69.89068721 35.17253712
98.40194720 70.06479203 35.30956217
98.59394149 70.22566222 35.47396767
98.78363965 70.38357366 35.64449440
