#spline3d 298
61.38040161 104.55000305 7.38320017
61.28841273 104.33431783 7.57033093
61.19642385 104.11863261 7.75746169
61.12161775 103.89681361 7.94449424
61.05812621 103.67095562 8.13146212
60.99463467 103.44509763 8.31843000
60.96874436 103.21737861 8.51056016
60.95742978 102.98893817 8.70469143
60.94611520 102.76049773 8.89882270
60.97613667 102.53639359 9.09055998
61.05654912 102.31757565 9.27937886
61.13696157 102.09875770 9.46819773
61.25751243 101.87799073 9.63029208
61.38590272 101.65684310 9.78716687
61.51529191 101.43900672 9.94775569
61.64533933 101.22335234 10.11079190
61.78261215 101.01883602 10.28184133
61.92202899 100.81762474 10.45526855
62.07088415 100.61146439 10.61266546
62.23416328 100.39774070 10.74556426
62.39744240 100.18401701 10.87846307
62.56974034 99.97007699 10.99496901
62.76701050 99.75553795 11.06608466
62.96428066 99.54099891 11.13720031
63.17250589 99.33837410 11.21102422
63.38624155 99.14174219 11.28621039
63.59997721 98.94511027 11.36139656
63.82336487 98.76057283 11.43799858
64.05378976 98.58485341 11.51563290
64.28370643 98.40863467 11.59354033
64.49987350 98.21890755 11.67883653
64.71604058 98.02918043 11.76413274
64.93054195 97.84066951 11.85587492
65.14372599 97.65312040 11.95271485
65.36122650 97.46760414 12.04224647
65.59353744 97.28906293 12.10670222
65.82236676 97.10454366 12.16542733
66.04511107 96.90957626 12.21413674
66.26808351 96.71444231 12.25929634
66.49405256 96.51712048 12.25782583
66.72002161 96.31979865 12.25635531
66.95969040 96.13965068 12.25439136
67.19772211 95.95786126 12.26474028
67.43159020 95.77123082 12.28652833
67.66596389 95.58513545 12.30322126
67.90336643 95.40224548 12.28939122
68.14076898 95.21935551 12.27556119
68.38460681 95.04512293 12.26315781
68.63019779 94.87324887 12.25114308
68.87578877 94.70137481 12.23912835
69.12848687 94.53993306 12.23137837
69.38199449 94.37967958 12.22411416
69.63550211 94.21942610 12.21684995
69.89271941 94.06589782 12.20074833
70.15018157 93.91281345 12.18406338
70.40714078 93.76048739 12.16136811
70.66064815 93.61336561 12.09742312
70.91415551 93.46624384 12.03347814
71.17157313 93.32369488 11.97514284
71.42973962 93.18202169 11.91788189
71.68790611 93.04034850 11.86062095
71.94042433 92.89104696 11.79806732
72.19147314 92.73976088 11.73413678
72.44252195 92.58847480 11.67020625
72.69885443 92.44888255 11.60190881
72.95930590 92.31840643 11.53020706
73.21975736 92.18793032 11.45850532
73.47686650 92.05052926 11.38801811
73.73135601 91.90770056 11.31848283
73.98584551 91.76487186 11.24894755
74.25329263 91.64331660 11.18945798
74.52356512 91.52639994 11.13215885
74.78343510 91.38284945 11.10200853
75.03693644 91.22299316 11.08847930
75.29043778 91.06313687 11.07495007
75.54867138 90.91534812 11.10131674
75.80899904 90.77289933 11.14533754
76.06932669 90.63045053 11.18935833
76.33561047 90.51288590 11.26089231
76.60254593 90.39804398 11.33543664
76.86948140 90.28320205 11.40998097
77.13728227 90.16089125 11.46731444
77.40517027 90.03782850 11.52291514
77.67305827 89.91476575 11.57851584
77.90644030 89.75600110 11.67180592
78.12540603 89.58232051 11.78084231
78.34437175 89.40863992 11.88987869
78.53834541 89.22849676 12.02706664
78.71344023 89.04347184 12.18552008
78.88853505 88.85844691 12.34397353
79.04979191 88.69279456 12.53143125
79.19714088 88.54661268 12.74803981
79.34448985 88.40043080 12.96464837
79.46532982 88.24613299 13.19117796
79.57778466 88.08926801 13.42084569
79.69023950 87.93240302 13.65051341
79.82579375 87.76197542 13.85616679
79.96645545 87.58854902 14.05651043
80.10711714 87.41512262 14.25685406
80.25793757 87.23974997 14.44776257
80.41109147 87.06448515 14.63696069
80.55476030 86.90613450 14.84739900
80.69842913 86.74778385 15.05783731
80.80658574 86.62068933 15.30388849
80.89845712 86.50792827 15.56627106
80.96757174 86.40942205 15.84019304
81.02372164 86.31903693 16.12068913
81.07987154 86.22865181 16.40118522
81.10727215 86.16665685 16.69312391
81.13178358 86.10751500 16.98621254
81.17534481 86.05666094 17.27833496
81.22685458 86.00926498 17.57005423
81.27770108 85.97059165 17.86286425
81.32700142 85.95225215 18.15821701
81.38498030 85.93397253 18.45173611
81.45959174 85.91580769 18.74174098
81.53420319 85.89764285 19.03174585
81.58657121 85.91250860 19.32601106
81.63277182 85.93653269 19.62145752
81.67828608 85.96244751 19.91682054
81.72078654 85.99666458 20.21181714
81.75407134 86.03755324 20.50646049
81.75850363 86.09932938 20.79999787
81.76293592 86.16110553 21.09353525
81.76808708 86.22300542 21.38703054
81.77667543 86.28549694 21.68032461
81.78561053 86.34855939 21.97347219
81.80058783 86.42157038 22.26406723
81.81556513 86.49458137 22.55466228
81.85150721 86.55535862 22.84515297
81.90985886 86.60305906 23.13553212
81.96821052 86.65075949 23.42591127
82.02658346 86.69811365 23.71634238
82.08499327 86.74486806 24.00686348
82.14340308 86.79162247 24.29738459
82.20740996 86.84171472 24.58615494
82.27206891 86.89219584 24.87472132
82.34130176 86.96953260 25.15585520
82.41162330 87.05326152 25.43521999
82.48194483 87.13699044 25.71458479
82.58080916 87.24753894 25.97514708
82.68137493 87.35968617 26.23458855
82.79066864 87.47102147 26.49032101
82.92506623 87.58002148 26.73538533
83.05946382 87.68902149 26.98044965
83.20054199 87.79347646 27.22342816
83.35579139 87.88829023 27.46198213
83.51104078 87.98310400 27.70053610
83.68192297 88.03337689 27.93946682
83.86111017 88.05998715 28.17859769
84.04029738 88.08659741 28.41772856
84.24389086 88.10301018 28.63522808
84.46784908 88.11091409 28.83467827
84.69195465 88.11651649 29.03354200
84.92122965 88.04137884 29.21183185
85.15050465 87.96624119 29.39012169
85.38114859 87.86321343 29.54923326
85.61283268 87.73899422 29.69377278
85.84451678 87.61477500 29.83831230
86.06940464 87.45669472 29.95496279
86.29143465 87.28437565 30.05988577
86.51346467 87.11205659 30.16480875
86.72396527 86.91336607 30.24150064
86.93212749 86.70932691 30.31246673
87.14028971 86.50528775 30.38343282
87.30992718 86.27111501 30.45035080
87.44904721 86.01307189 30.51406207
87.58816725 85.75502877 30.57777334
87.65424049 85.46637309 30.59064518
87.70261318 85.17029943 30.59119772
87.75098588 84.87422578 30.59175025
87.75174181 84.58382731 30.52151297
87.74771437 84.29399894 30.44416444
87.68879582 84.02679230 30.32244265
87.62550994 83.76192106 30.19697833
87.53318080 83.52151936 30.04308647
87.44085166 83.28111765 29.88919462
87.33327490 83.05635226 29.72525120
87.19851161 82.85946646 29.54338583
87.05370725 82.67638512 29.35692193
86.88498850 82.52618131 29.15950591
86.71626974 82.37597749 28.96208989
86.54470645 82.23241349 28.76250372
86.36709200 82.10297430 28.55830100
86.18947756 81.97353510 28.35409827
85.98422883 81.83750171 28.18321333
85.77658304 81.70089633 28.01521845
85.56893726 81.56429094 27.84722356
85.36417866 81.42569264 27.67734386
85.16033194 81.28646490 27.50686886
84.95753622 81.15314881 27.33079342
84.75626727 81.02842053 27.14658226
84.55499832 80.90369225 26.96237110
84.34786141 80.77784564 26.78688359
84.11651641 80.64738538 26.64738526
83.88517141 80.51692512 26.50788693
83.65382640 80.38646487 26.36838860
83.42390299 80.22633591 26.26163040
83.19405006 80.06473603 26.15649539
82.96703588 79.88593974 26.08554874
82.74284199 79.69005881 26.04856825
82.51864811 79.49417788 26.01158776
82.29634426 79.29516952 25.99127841
82.07770085 79.09010428 26.00325612
81.85905745 78.88503904 26.01523384
81.64514734 78.67690472 26.03692364
81.44820518 78.45776834 26.09342940
81.25126302 78.23863195 26.14993515
81.08437601 78.01489131 26.25738083
80.92213416 77.79043906 26.37269952
80.75989231 77.56598681 26.48801821
80.68989147 77.37241603 26.70413578
80.62423071 77.18029826 26.92499609
80.58650705 77.00453453 27.15974178
80.60683500 76.86275353 27.42334049
80.62716296 76.72097253 27.68693919
80.64856235 76.57967922 27.95057986
80.72494532 76.46341303 28.21637446
80.80132828 76.34714684 28.48216906
80.92341876 76.30753155 28.75303468
81.04640912 76.26942533 29.02400014
81.21250201 76.29566936 29.26610143
81.39822875 76.35122587 29.49505466
81.58395548 76.40678237 29.72400790
81.76510119 76.47947130 29.95085465
81.93987517 76.57598962 30.17477150
82.11464915 76.67250793 30.39868836
82.29492322 76.76990811 30.61758090
82.48507144 76.86889148 30.82745344
82.67521966 76.96787484 31.03732598
82.87063564 77.06938446 31.24067360
83.07694749 77.17611936 31.43052501
83.28805360 77.27103225 31.62110323
83.50226804 77.35828039 31.81215269
83.71648248 77.44552853 32.00320214
83.94809014 77.52942925 32.17349977
84.18711158 77.61190314 32.33495203
84.42613303 77.69437703 32.49640429
84.65934888 77.77825287 32.66518311
84.88679213 77.86352268 32.84124687
85.11423537 77.94879250 33.01731063
85.32829464 78.05535692 33.19608834
85.52434933 78.19056756 33.37851692
85.70571061 78.34371227 33.55937490
85.86136416 78.52823457 33.73748494
86.01701772 78.71275687 33.91559499
86.15638097 78.93269177 34.05673929
86.28284597 79.18066551 34.16861500
86.40931096 79.42863926 34.28049072
86.53657516 79.67854100 34.38672634
86.66532296 79.93202177 34.48249200
86.79407076 80.18550255 34.57825766
86.91574041 80.44082966 34.67597889
86.98127873 80.71079868 34.78920822
87.04681704 80.98076771 34.90243755
87.11235535 81.25073673 35.01566689
87.11797856 81.53466397 35.10712317
87.10969388 81.82183129 35.19352533
87.06597322 82.10609281 35.27761050
87.01627231 82.38986395 35.36130465
86.94501224 82.66951467 35.43856041
86.84285863 82.94326099 35.50659019
86.74070502 83.21700731 35.57461996
86.62886994 83.48589291 35.64632578
86.51317768 83.75284194 35.71949617
86.39748541 84.01979098 35.79266656
86.24635155 84.27286800 35.84791157
86.09338914 84.52513600 35.90194203
85.91003260 84.76122250 35.92729827
85.72667606 84.99730901 35.95265451
85.53652394 85.22794175 35.95726116
85.33793117 85.45180046 35.93609514
85.13933839 85.67565917 35.91492911
84.91919681 85.87602730 35.90518641
84.67471244 86.04985908 35.90834816
84.40622150 86.17462907 35.90153313
84.11983476 86.26282574 35.88728087
83.82809385 86.31733635 35.88633624
83.52870732 86.32374400 35.90439462
83.22932079 86.33015164 35.92245301
82.93057912 86.32972668 35.94781297
82.63254489 86.32180608 35.98118306
82.33451066 86.31388548 36.01455316
82.03609438 86.31082294 36.04342767
81.73676218 86.31940746 36.06152420
81.43742997 86.32799198 36.07962072
81.13800276 86.33848929 36.09486335
80.83856834 86.34913190 36.10988919
80.53895999 86.35165593 36.12031203
80.23911180 86.34298464 36.12438743
79.93982495 86.32877024 36.13390013
79.64178983 86.30219488 36.15553784
79.34375472 86.27561953 36.17717555
79.05307282 86.21517853 36.21446871
78.76473134 86.14395853 36.25674480
78.47638986 86.07273854 36.29902088
78.20011105 85.97603967 36.36259758
77.92651036 85.87368404 36.43090339
