#spline3d 258
61.66320038 90.21839905 1.31777000
61.84005958 89.99306018 1.40689479
62.02013540 89.76990827 1.49411581
62.22909912 89.56639697 1.56423942
62.43806284 89.36288568 1.63436303
62.64702656 89.15937438 1.70448664
62.88083625 88.97539904 1.73922409
63.11773009 88.79384872 1.76956901
63.35687351 88.61557739 1.79766445
63.62192951 88.47507631 1.79984833
63.88698551 88.33457524 1.80203221
64.15346267 88.20037826 1.77314731
64.42014695 88.06710001 1.73973460
64.68683122 87.93382176 1.70632189
64.94805626 87.80271062 1.64109067
65.20763212 87.67225414 1.56624741
65.46720797 87.54179766 1.49140414
65.71385512 87.37770305 1.44594527
65.95947600 87.21093827 1.40281892
66.20713620 87.04335011 1.38248432
66.45543864 86.87550263 1.36932752
66.70374108 86.70765516 1.35617071
66.94928998 86.53578455 1.36094832
67.19369529 86.36224308 1.37317435
67.44104209 86.19260994 1.37947746
67.68861024 86.02327091 1.38533485
67.93544848 85.85283337 1.38590417
68.18175628 85.68159756 1.38263069
68.42339713 85.50401888 1.38491103
68.66150360 85.32163664 1.39139736
68.89969056 85.13938648 1.39824455
69.14049315 84.96142849 1.41681839
69.38130436 84.78414692 1.43949147
69.62214904 84.60949319 1.47808976
69.86376980 84.43751356 1.52151303
70.10931106 84.27904295 1.58931099
70.35485233 84.12057235 1.65710895
70.58968514 83.95830212 1.74703337
70.81697892 83.79335685 1.85253539
71.04427271 83.62841158 1.95803742
71.27064592 83.46812952 2.07178837
71.49574335 83.31431007 2.19697129
71.71929242 83.15970491 2.32368658
71.92369115 82.99538202 2.46935426
72.12808988 82.83105914 2.61502195
72.33244850 82.66921440 2.76291353
72.53618543 82.54577445 2.94526978
72.73992235 82.42233449 3.12762603
72.93475105 82.30719489 3.32327264
73.11567630 82.20501000 3.53966206
73.29585695 82.10174309 3.75611254
73.46736049 81.98586721 3.97327448
73.63886403 81.86999133 4.19043642
73.81036758 81.75411545 4.40759836
73.96021583 81.64489708 4.64326649
74.10810432 81.53628120 4.88060939
74.25599282 81.42766532 5.11795229
74.40818187 81.33552761 5.35941686
74.56098978 81.24576116 5.60147455
74.70323469 81.12441438 5.83486020
74.84037102 80.98779442 6.06405180
74.97750734 80.85117446 6.29324341
75.07839712 80.73956684 6.55262251
75.17817249 80.62872825 6.81292973
75.27794785 80.51788965 7.07323696
75.34614809 80.40695141 7.34296072
75.40590269 80.29598650 7.61520319
75.46701093 80.20183214 7.89272459
75.52977692 80.12826473 8.17671082
75.59254291 80.05469732 8.46069704
75.68657935 79.98959618 8.73770999
75.78565174 79.92607588 9.01364993
75.86662119 79.88075504 9.29893946
75.94759064 79.83543420 9.58422898
76.02856010 79.79011336 9.86951851
76.06459702 79.74014054 10.16161076
76.08155188 79.68819210 10.45659201
76.09691419 79.64093290 10.75213542
76.10043654 79.62853617 11.05185835
76.10395888 79.61613944 11.35158128
76.11296706 79.61163278 11.65101327
76.13615630 79.62752223 11.94969316
76.15934555 79.64341168 12.24837305
76.18308699 79.65942834 12.54698609
76.22372285 79.67933707 12.84355363
76.26435872 79.69924581 13.14012117
76.30499458 79.71915454 13.43668872
76.36816782 79.73552442 13.72935808
76.43494760 79.75132799 14.02140363
76.50199390 79.75692817 14.31344870
76.56950833 79.74460630 14.60549292
76.63702276 79.73228444 14.89753714
76.70255510 79.72827238 15.18988262
76.76202769 79.74966543 15.48314913
76.82150028 79.77105849 15.77641564
76.87219999 79.79848934 16.07040537
76.90388317 79.83900800 16.36596276
76.94058590 79.88639816 16.65951235
76.99275455 79.95496040 16.94687563
77.04492321 80.02352264 17.23423891
77.12623432 80.08275856 17.51490016
77.24048095 80.13145429 17.78798708
77.35472757 80.18015002 18.06107400
77.49981149 80.17451046 18.32327838
77.64618066 80.16660627 18.58502918
77.79254984 80.15870208 18.84677999
77.95046689 80.10718759 19.09556332
78.11108517 80.04547199 19.34131336
78.27304459 79.97502811 19.58297361
78.44077175 79.86704722 19.80704518
78.60849890 79.75906633 20.03111675
78.77849507 79.64334026 20.24768386
78.96358177 79.47610321 20.41434095
79.14866848 79.30886615 20.58099804
79.33425354 79.14097940 20.74619209
79.53456747 78.95389059 20.86814547
79.72822423 78.74290467 20.95626744
79.92106234 78.52898003 21.04022903
80.11390045 78.31505539 21.12419062
80.27181214 78.06786555 21.17822742
80.41843538 77.80992417 21.22259232
80.56505862 77.55198280 21.26695722
80.67843537 77.27684127 21.27983126
80.75893840 76.98846436 21.27402212
80.81968822 76.69479523 21.26577208
80.88043803 76.40112610 21.25752203
80.93256478 76.10776893 21.24305301
80.90731222 75.81721110 21.17277787
80.87581977 75.52952594 21.09505367
80.83190465 75.24755984 21.00249950
80.78798954 74.96559374 20.90994533
80.73317005 74.68698272 20.81508491
80.64840966 74.41758397 20.71389204
80.56364928 74.14818522 20.61269917
80.47167044 73.88349431 20.50787756
80.33914871 73.64524527 20.38267496
80.20662697 73.40699623 20.25747236
80.07410523 73.16874719 20.13226976
79.90853720 72.96667486 19.98554698
79.74035770 72.76746139 19.83712358
79.57285478 72.56841670 19.68777941
79.41558984 72.37192602 19.52450230
79.25832490 72.17543534 19.36122518
79.10105996 71.97894467 19.19794806
78.95261743 71.77830914 19.03148803
78.80430922 71.57761050 18.86497954
78.65600101 71.37691187 18.69847105
78.50906481 71.17225248 18.53563712
78.36253669 70.96641503 18.37389612
78.21600856 70.76057757 18.21215513
78.05209060 70.54150885 18.08919022
77.88800379 70.32231166 17.96660179
77.72391699 70.10311447 17.84401335
77.54660186 69.88642219 17.73639338
77.36858035 69.66986368 17.62957270
77.16721109 69.47070196 17.53763770
76.93673587 69.29322756 17.46425959
76.70626066 69.11575315 17.39088148
76.47424653 68.93906956 17.32127816
76.23258772 68.76734223 17.27533230
75.99092891 68.59561490 17.22938645
75.74927010 68.42388756 17.18344059
75.50428696 68.25152970 17.19073234
75.25904312 68.07912239 17.20219902
75.01379929 67.90671509 17.21366571
74.85688837 67.65647235 17.26304879
74.70181683 67.40460882 17.31322142
74.54674529 67.15274530 17.36339404
74.44690993 66.89250543 17.46238764
74.37224676 66.62844829 17.58362989
74.33902801 66.36811342 17.72118200
74.35149152 66.11188142 17.87671169
74.36395503 65.85564942 18.03224138
74.40386730 65.61631165 18.20812130
74.44738546 65.37919325 18.38667459
74.49090361 65.14207485 18.56522788
74.52754137 64.94221274 18.78578610
74.56403468 64.74313274 19.00722613
74.60052800 64.54405275 19.22866615
74.66343371 64.39229328 19.47817406
74.73171269 64.25016059 19.73339204
74.80721183 64.12213395 19.99135718
74.92075602 64.06843622 20.26379794
75.03629286 64.02015725 20.53548136
75.18169737 64.05309963 20.79581309
75.32710188 64.08604201 21.05614483
75.47250638 64.11898440 21.31647656
75.62933335 64.18670246 21.56237691
75.78876382 64.26234691 21.80498794
75.94823240 64.33801893 22.04755893
76.13862864 64.43605544 22.25764921
76.32902487 64.53409196 22.46773948
76.52121919 64.63454955 22.67493431
76.71750609 64.74051767 22.87553891
76.91379298 64.84648580 23.07614352
77.11481485 64.94846063 23.27379025
77.32861120 65.03966197 23.46345693
77.54240755 65.13086331 23.65312362
77.76716537 65.22693915 23.82575284
78.00334342 65.32809351 23.98063153
78.23952148 65.42924787 24.13551022
78.48156030 65.54687405 24.26641620
78.72656056 65.67282345 24.38520876
78.95834186 65.83058977 24.48936448
79.18504048 66.00058969 24.58789235
79.41173910 66.17058960 24.68642021
79.61567541 66.37100836 24.77178827
79.80617104 66.58938882 24.84938573
79.99666666 66.80776929 24.92698319
80.17532979 67.03459059 25.00567150
80.32950692 67.27887922 25.08661719
80.48368405 67.52316786 25.16756289
80.64039708 67.76656077 25.24620310
80.80040444 68.00879007 25.32184829
80.96041181 68.25101937 25.39749348
81.12128034 68.49138489 25.47682820
81.28463878 68.72636166 25.56683047
81.44799722 68.96133842 25.65683273
81.59664521 69.19917105 25.76166546
81.73369999 69.43925436 25.87818597
81.84057338 69.68062665 26.01875824
81.93615990 69.92248098 26.16832510
82.03174641 70.16433531 26.31789196
82.12768155 70.38959496 26.49118312
82.22362704 70.61436236 26.66517801
82.31882712 70.83833580 26.84047235
82.40238965 71.04991374 27.03605434
82.48595218 71.26149168 27.23163633
82.55897449 71.48043817 27.42235915
82.61218446 71.71323526 27.60394823
82.65808701 71.94598237 27.78672539
82.66203594 72.17844256 27.97632354
82.66598487 72.41090275 28.16592170
82.65981183 72.63508879 28.36481885
82.64800714 72.85467126 28.56888976
82.63589720 73.07057469 28.77674322
82.62338513 73.28163137 28.98957980
82.60431703 73.48854306 29.20558703
82.56980179 73.68568844 29.42906485
82.53528655 73.88283382 29.65254267
82.48395007 74.07767851 29.87399703
82.41203798 74.26970901 30.09297631
82.31174239 74.46992989 30.29001238
82.18988960 74.67637136 30.47038265
82.07904434 74.86990077 30.67031429
81.96784872 75.04818672 30.88288237
81.83238040 75.17979591 31.11596575
81.69691208 75.31140511 31.34904913
81.56144376 75.44301430 31.58213251
81.38573675 75.53474680 31.80702262
81.20834497 75.62480969 32.03156969
81.03095320 75.71487259 32.25611676
80.84946487 75.77637306 32.48617232
80.66629375 75.82614061 32.71849067
80.47633724 75.87037075 32.94637905
80.28444287 75.91301945 33.17300227
80.08628603 75.94843487 33.39402383
79.85606231 75.94681247 33.58636223
