#spline3d 206
120.73799896 84.26789856 3.25574994
120.62239985 84.09193497 3.46946391
120.50680074 83.91597138 3.68317788
120.39120162 83.74000778 3.89689185
120.24446275 83.55238004 4.07816578
120.09163899 83.36164369 4.25195906
119.93336273 83.15185889 4.39666206
119.77508647 82.94207409 4.54136507
119.61681021 82.73228928 4.68606808
119.44543546 82.51603911 4.80251529
119.27009149 82.29782973 4.91040016
119.09298690 82.08002514 5.01571701
118.89740351 81.86646895 5.09408099
118.69961439 81.65569149 5.17412885
118.49543364 81.45296604 5.25905616
118.29125290 81.25024060 5.34398348
118.07892110 81.04903855 5.40859689
117.86222025 80.84865306 5.46232179
117.63232809 80.66081234 5.50215450
117.39542295 80.47964086 5.53460160
117.15926408 80.29686145 5.56043199
116.92554567 80.10882380 5.56462463
116.69220779 79.92034086 5.56582814
116.45994326 79.73060186 5.55860010
116.22889939 79.53946690 5.55064741
116.00489526 79.34028120 5.53851553
115.78089113 79.14109550 5.52638365
115.54579989 78.95538606 5.51980329
115.30407019 78.77774559 5.51654694
115.05882756 78.60542572 5.51270823
114.80097135 78.45221004 5.50677846
114.53634354 78.31104418 5.50092986
114.27135709 78.17051649 5.49508555
114.00696980 78.02888239 5.48910383
113.74383743 77.88493096 5.48283431
113.48070506 77.74097953 5.47656479
113.21592803 77.60126607 5.49099544
112.95054673 77.46310969 5.51303159
112.69009554 77.32071172 5.55644811
112.42967330 77.17828885 5.59999017
112.16629476 77.03766739 5.62798158
111.90205650 76.89756980 5.65145071
111.63781824 76.75747221 5.67491984
111.37750577 76.61400682 5.71348941
111.11977461 76.46832700 5.76198792
110.86204344 76.32264719 5.81048644
110.60527525 76.17660455 5.86257920
110.35044040 76.02983347 5.92188817
110.09560555 75.88306240 5.98119715
109.82928175 75.76566465 6.05238612
109.56071627 75.65399812 6.12589307
109.30179938 75.53339563 6.21660979
109.04674066 75.40921993 6.31420817
108.78876560 75.30359298 6.42404107
108.52946416 75.20640219 6.53943835
108.26851090 75.11064443 6.65223661
108.00607926 75.01616924 6.76270876
107.74728155 74.93419009 6.89032717
107.48861404 74.85265868 7.01855992
107.23636023 74.78544742 7.16478845
106.98937138 74.72999151 7.32578963
106.74914676 74.67310618 7.49504654
106.53274848 74.61118587 7.69338345
106.31635019 74.54926556 7.89172035
106.10037236 74.48758037 8.09052819
105.90647105 74.43824054 8.31406318
105.71256975 74.38890072 8.53759817
105.52914099 74.33412565 8.76821513
105.35508299 74.27448717 9.00516900
105.17985111 74.21734372 9.24184160
105.00238612 74.16494661 9.47797916
104.83457647 74.10937978 9.71934582
104.70332396 74.04181171 9.98051097
104.57207146 73.97424364 10.24167612
104.44151443 73.90635858 10.50303709
104.35209953 73.81972130 10.77598229
104.26268462 73.73308402 11.04892750
104.17326972 73.64644674 11.32187270
104.11901404 73.53193105 11.59248768
104.07712619 73.40760868 11.86228297
104.03523834 73.28328630 12.13207826
104.00384443 73.15433836 12.40107508
103.97464277 73.02442412 12.66990509
103.94544111 72.89450988 12.93873510
103.92441578 72.75716391 13.20460559
103.90381482 72.61943221 13.47032247
103.88362901 72.47740356 13.73364698
103.86481477 72.32117837 13.98906744
103.84600053 72.16495318 14.24448790
103.83353899 71.98669633 14.48472663
103.82405503 71.79811303 14.71784955
103.82232857 71.62253824 14.96035355
103.82945534 71.46180939 15.21356370
103.81606407 71.29188980 15.45981605
103.79127309 71.11686389 15.70220268
103.77924255 70.93107002 15.93719844
103.77153135 70.74163126 16.16969242
103.76382014 70.55219250 16.40218641
103.75884954 70.35347101 16.62652546
103.75656661 70.14564610 16.84286712
103.75428368 69.93782119 17.05920877
103.77110673 69.71429580 17.25826383
103.79066478 69.48852288 17.45484433
103.81863231 69.28126722 17.66944366
103.84899341 69.07928212 17.88917168
103.89325738 68.86932340 18.09840291
103.94435740 68.65544405 18.30247287
103.99109243 68.42976354 18.49135832
104.02428494 68.16746945 18.63313324
104.05747744 67.90517537 18.77490817
104.09096910 67.64075343 18.91175490
104.12686579 67.35922470 19.00898169
104.16276248 67.07769597 19.10620848
104.19865917 66.79616725 19.20343527
104.23204887 66.51250791 19.29518030
104.26509345 66.22855526 19.38617067
104.29813803 65.94460261 19.47716104
104.36052858 65.66056975 19.54978369
104.42680494 65.37652626 19.61997421
104.49324071 65.09250861 19.69011428
104.56294319 64.80902037 19.75922030
104.63264568 64.52553213 19.82832632
104.70234816 64.24204390 19.89743234
104.78424480 63.95894220 19.95305100
104.86810091 63.67590261 20.00650238
104.89433083 63.40106406 20.10857692
104.88693374 63.13101113 20.23902488
104.87953665 62.86095820 20.36947283
104.85419119 62.60626346 20.52496156
104.82413317 62.35560119 20.68702503
104.79407516 62.10493892 20.84908851
104.73003786 61.88390575 21.04153684
104.66591392 61.66294813 21.23406264
104.56327701 61.46774797 21.42962313
104.40492349 61.30981105 21.62957392
104.24656997 61.15187414 21.82952470
104.08096124 61.00614997 22.03162878
103.89805130 60.88954902 22.23886774
103.71514135 60.77294806 22.44610669
103.50593153 60.67352730 22.63269313
103.26821428 60.59272878 22.79689355
103.03049704 60.51193027 22.96109398
102.78878634 60.45770695 23.12388516
102.53530425 60.48181866 23.28252237
102.28182216 60.50593037 23.44115958
102.03371328 60.59488180 23.57884710
101.78741244 60.70565128 23.70948521
101.54111161 60.81642077 23.84012332
101.28789924 60.94082297 23.93962141
101.03176932 61.07097996 24.02597438
100.77736559 61.20410623 24.11206289
100.54407441 61.37354880 24.19491685
100.31078323 61.54299138 24.27777082
100.07821678 61.71925089 24.34276932
99.84687998 61.90707681 24.37747219
99.61871690 62.09820324 24.41244045
99.41908227 62.31899801 24.44979430
99.21944764 62.53979277 24.48714816
99.03637846 62.77590492 24.51307224
98.85631394 63.01451833 24.53693794
98.70372646 63.27276217 24.54215294
98.59197809 63.54839458 24.54897067
98.51113166 63.83718449 24.55700116
98.43028524 64.12597441 24.56503164
98.39020752 64.41965571 24.56271862
98.39877985 64.71917400 24.54806250
98.43031629 65.01473673 24.54391586
98.51915329 65.30042948 24.56599272
98.61097002 65.58501394 24.57759866
98.71389680 65.86546612 24.55016335
98.81568983 66.14355954 24.58442521
98.91714741 66.42095509 24.63694083
99.02050913 66.69739229 24.68946880
99.18231434 66.94441457 24.74237561
99.34411955 67.19143685 24.79528241
99.52174858 67.42102075 24.86120535
99.72983256 67.61704227 24.95217947
99.93791654 67.81306379 25.04315360
100.14658294 68.00754966 25.13590213
100.35833924 68.19388848 25.23806437
100.57009553 68.38022729 25.34022660
100.77631756 68.56660556 25.45005774
100.94091055 68.75328062 25.61757483
101.10550355 68.93995567 25.78509191
101.26307498 69.11111870 25.97425957
101.41981117 69.28043652 26.16600265
101.57715849 69.44907331 26.35782014
101.74153054 69.60988203 26.55049291
101.90389393 69.76049710 26.75115903
102.05823092 69.87037955 26.98376562
102.21256792 69.98026200 27.21637221
102.36655124 70.05618678 27.46098923
102.52034730 70.11413059 27.71196592
102.67414335 70.17207440 27.96294261
102.78684241 70.23270455 28.23331797
102.88922574 70.29400899 28.50856257
102.99160907 70.35531343 28.78380717
103.10409158 70.39190389 29.05869514
103.22288894 70.41304114 29.33336012
103.34336243 70.41733822 29.60759146
103.46538768 70.40604479 29.88142136
103.58148041 70.38942194 30.15729150
103.68513980 70.36162967 30.43743757
103.79394055 70.33147484 30.71458484
103.95815966 70.27585410 30.95940835
104.12237877 70.22023335 31.20423186
