#spline3d 247
59.65340042 90.66840363 2.74977994
59.67856279 90.58940473 3.03777908
59.71827706 90.50011583 3.32141666
59.75799132 90.41082693 3.60505425
59.80075683 90.30910918 3.88351309
59.84808936 90.18878832 4.15422054
59.89542189 90.06846747 4.42492800
59.92805501 89.93066630 4.68897451
59.95483526 89.78590500 4.95036884
59.96618801 89.61521620 5.19671144
59.97683847 89.44334711 5.44236886
59.98748892 89.27147803 5.68802627
60.03242206 89.11368761 5.93764498
60.09644806 88.96373794 6.18946984
60.16047406 88.81378828 6.44129469
60.23389076 88.68529252 6.70087535
60.32180705 88.58058274 6.96746754
60.45340337 88.45708815 7.20711629
60.58499970 88.33359356 7.44676504
60.72437821 88.21180300 7.68248346
60.88126465 88.09384605 7.90935964
61.03815110 87.97588911 8.13623581
61.23829167 87.86473123 8.32921431
61.44600172 87.75751913 8.51688396
61.67330659 87.67357714 8.69376320
61.90061145 87.58963516 8.87064243
62.12814386 87.50566746 9.04715423
62.38243067 87.41867607 9.18046125
62.63671748 87.33168468 9.31376827
62.89197121 87.24500257 9.44531994
63.15332273 87.16027084 9.56580155
63.41467426 87.07553911 9.68628317
63.67282949 86.96919706 9.79449316
63.92926503 86.85122798 9.89610065
64.18615901 86.73039022 9.99211354
64.44518988 86.59618085 10.06204878
64.70422076 86.46197149 10.13198401
64.95428515 86.30022082 10.16252243
65.20295442 86.13418491 10.18693098
65.42009586 85.92946124 10.20329997
65.62897284 85.71459625 10.21756152
65.83784982 85.49973127 10.23182308
66.05471102 85.29399987 10.25427520
66.27685238 85.09430872 10.28214393
66.50041535 84.89602464 10.30654756
66.73352414 84.70718877 10.30768363
66.96663294 84.51835291 10.30881971
67.19974173 84.32951704 10.30995578
67.45261217 84.16878096 10.29713858
67.70629078 84.00919406 10.28375073
67.95932710 83.84893228 10.26881042
68.19950705 83.67516177 10.22279534
68.43968700 83.50139127 10.17678026
68.67986695 83.32762076 10.13076518
68.91000994 83.13672972 10.11053735
69.13839301 82.94283671 10.09483116
69.36677608 82.74894369 10.07912497
69.59103799 82.55326183 10.04277156
69.81443472 82.35720443 10.00208359
70.03507063 82.15816173 9.96342413
70.22798069 81.92913882 9.94513608
70.42213809 81.70127692 9.92998878
70.63120559 81.48729309 9.95238447
70.84027309 81.27330926 9.97478015
71.04631551 81.05645817 9.99156067
71.23748734 80.82551223 9.98073827
71.42351300 80.59036052 9.98123504
71.60661807 80.35282190 9.98815575
71.78798586 80.11398374 9.99404776
71.96112705 79.86899181 9.99506853
72.13453683 79.62420384 9.99692588
72.30939608 79.38051665 10.00329798
72.48319573 79.13633885 10.01354473
72.65273899 78.89019031 10.03935590
72.81362636 78.63888038 10.06753178
72.96119424 78.37962822 10.09934641
73.10876212 78.12037605 10.13116104
73.28357689 77.88220458 10.18042488
73.46364076 77.64809430 10.23305030
73.64370464 77.41398402 10.28567572
73.83026086 77.18731669 10.34739943
74.01713065 76.96100883 10.40956256
74.20353515 76.73455467 10.47248047
74.38242849 76.50573870 10.54758321
74.56132184 76.27692273 10.62268596
74.74021518 76.04810676 10.69778870
74.90044796 75.82619773 10.81861525
75.05705749 75.60562979 10.94831980
75.21334856 75.38706520 11.08124610
75.36671187 75.18691823 11.24379139
75.52007519 74.98677126 11.40633668
75.66933867 74.79041755 11.57664779
75.81144167 74.60068887 11.76052211
75.95354467 74.41096019 11.94439643
76.09579170 74.22357601 12.13041729
76.23873891 74.04758926 12.32687318
76.37433886 73.87109889 12.52776721
76.49945056 73.69388960 12.73499671
76.62456225 73.51668031 12.94222621
76.72851058 73.37346145 13.18403775
76.83086973 73.23279495 13.42844607
76.93322889 73.09212845 13.67285440
77.01090642 72.98344357 13.94099792
77.08574084 72.87844270 14.21187553
77.15287794 72.78330148 14.48799920
77.21117886 72.70154768 14.77052485
77.26300944 72.64997270 15.06147834
77.31484003 72.59839772 15.35243183
77.36667061 72.54682274 15.64338532
77.41922389 72.52961547 15.93820819
77.47179035 72.51303537 16.23310167
77.52007399 72.51133280 16.52865050
77.56270320 72.52927239 16.82506454
77.60533241 72.54721198 17.12147859
77.65155919 72.57627884 17.41596210
77.70541430 72.62894015 17.70635210
77.75926941 72.68160145 17.99674209
77.81255298 72.75151070 18.28295571
77.86519248 72.84085674 18.56446293
77.92521631 72.94538434 18.83784377
78.00068154 73.08165808 19.09423151
78.07614677 73.21793183 19.35061924
78.13971232 73.36212699 19.60539312
78.18846355 73.51618378 19.85815784
78.23800919 73.66986123 20.11095935
78.30807002 73.81374242 20.36471071
78.37813084 73.95762361 20.61846208
78.44819167 74.10150479 20.87221344
78.56658805 74.27415827 21.08505146
78.69370554 74.45200307 21.29050756
78.82082303 74.62984788 21.49596365
78.98347610 74.82739291 21.64633994
79.16059398 75.03295694 21.77429591
79.33771186 75.23852098 21.90225188
79.50053863 75.44932142 22.03990531
79.65888352 75.66176407 22.18060000
79.81993653 75.85997871 22.33535008
79.98647620 76.02936743 22.51857630
80.15301587 76.19875615 22.70180253
80.32857376 76.32950973 22.90598701
80.50947374 76.42485506 23.12178679
80.69720609 76.46710225 23.35194341
80.88493845 76.50934945 23.58210003
81.08530418 76.51377034 23.80131134
81.29882332 76.47880782 24.00912678
81.51234246 76.44384531 24.21694223
81.69994431 76.33006877 24.41697671
81.88065362 76.19533214 24.61494188
82.06136293 76.06059551 24.81290706
82.20622700 75.86891106 24.98833016
82.34042670 75.66028398 25.15704673
82.45932791 75.42975680 25.30452530
82.56549144 75.18099533 25.43432089
82.67165497 74.93223387 25.56411648
82.75916600 74.67126308 25.67892328
82.81940133 74.39243846 25.77181184
82.87963665 74.11361384 25.86470040
82.92547265 73.82842633 25.93315263
82.93924712 73.52907118 25.94719495
82.93260907 73.23194896 25.93488621
82.89811064 72.93787439 25.88661176
82.86331673 72.64387381 25.83828037
82.77455014 72.36339056 25.77954835
82.68578355 72.08290732 25.72081632
82.58284800 71.81052149 25.65586621
82.43384548 71.56446250 25.57069947
82.28484297 71.31840352 25.48553273
82.15948989 71.07704064 25.36298497
82.04624142 70.83808140 25.22130433
81.93931751 70.59196776 25.08847000
81.84547473 70.33105662 24.97393255
81.75163195 70.07014548 24.85939510
81.61723905 69.82720083 24.74883961
81.46865378 69.59054437 24.63967778
81.31725668 69.35218261 24.53997955
81.15681310 69.10833439 24.47072848
80.99636953 68.86448618 24.40147741
80.83205258 68.62149761 24.33949162
80.66128184 68.37994138 24.28961122
80.48897380 68.13883465 24.24647400
80.30652980 67.90069168 24.24779719
80.12408580 67.66254871 24.24912038
79.94164181 67.42440575 24.25044357
79.75699281 67.19145733 24.29010754
79.57224608 66.95873913 24.33147079
79.38749935 66.72602094 24.37283405
79.22284528 66.50536697 24.48410993
79.07969989 66.29322969 24.63479364
78.99028607 66.09737719 24.84371135
78.90087225 65.90152469 25.05262907
78.83979473 65.70030508 25.26546063
78.79487619 65.49602483 25.48052410
78.83053810 65.37673408 25.74275813
78.89517199 65.28800055 26.02195193
78.95980589 65.19926702 26.30114572
79.08137707 65.16892437 26.56377665
79.24672464 65.18347571 26.81367318
79.41207221 65.19802705 27.06356971
79.57874684 65.24712903 27.29995364
79.74920692 65.39478637 27.49779305
79.91966700 65.54244372 27.69563245
80.08993269 65.70466541 27.87946380
80.25977020 65.89896817 28.03243942
80.42960772 66.09327093 28.18541505
80.61867992 66.29156248 28.30650923
80.81143512 66.49061780 28.42149884
80.99635043 66.69916551 28.52913077
81.15345682 66.94138374 28.61066420
81.31056321 67.18360197 28.69219763
81.43210640 67.43874395 28.78579099
81.52275481 67.70511315 28.88986116
81.61340323 67.97148234 28.99393133
81.65459214 68.24534225 29.09962172
81.65365550 68.52558214 29.20669209
81.65271886 68.80582202 29.31376245
81.62747108 69.08225961 29.42665686
81.59095550 69.35525878 29.54481490
81.53316536 69.61527385 29.68284338
81.47537522 69.87528893 29.82087186
81.41495410 70.13301242 29.96080046
81.29664303 70.34031390 30.14253753
81.17004298 70.53938653 30.32614349
81.00604811 70.70133552 30.51818075
80.84205324 70.86328452 30.71021800
80.66427770 71.01336031 30.89667737
80.44439836 71.12716015 31.06609478
80.22451901 71.24095998 31.23551218
79.97768589 71.34887910 31.36145278
79.71494073 71.45332656 31.46172706
79.45142136 71.55701673 31.56026223
79.17019642 71.64338852 31.61902598
78.88897148 71.72976031 31.67778972
78.61024627 71.72508301 31.78498182
78.33170905 71.71355820 31.89581606
78.05317183 71.70203339 32.00665030
77.80745485 71.62208952 32.15043854
77.57400216 71.51657879 32.30654103
77.34054946 71.41106806 32.46264353
77.10971062 71.30334290 32.62103529
76.88210812 71.19287595 32.78226151
76.65197922 71.07706766 32.93569917
76.41957272 70.95644402 33.08211526
76.18716622 70.83582037 33.22853135
75.96503563 70.68299872 33.35957502
75.74388668 70.52710123 33.48915017
75.52086954 70.37331983 33.61792852
75.29105173 70.22724161 33.74380628
