#spline3d 225
118.49600220 94.69740295 4.16651011
118.43863419 94.49348632 4.37894107
118.33871700 94.28530607 4.56966806
118.23323512 94.07656821 4.75755656
118.12775325 93.86783035 4.94544506
118.01060339 93.64161278 5.10073834
117.88580855 93.40394231 5.23467489
117.75734185 93.15859390 5.34723943
117.62450609 92.90410967 5.43437387
117.49167034 92.64962544 5.52150831
117.34382396 92.39473328 5.57696035
117.19479932 92.13980909 5.62992547
117.03328570 91.88873623 5.65813447
116.87049758 91.63805639 5.68381714
116.70678563 91.38805054 5.70964488
116.52335910 91.15242758 5.73856836
116.33993258 90.91680462 5.76749184
116.15650605 90.68118165 5.79641532
115.93144340 90.48442707 5.81671860
115.70359332 90.29027462 5.83644477
115.47574324 90.09612217 5.85617095
115.24002792 89.91068333 5.85599563
115.00356648 89.72607111 5.85393237
114.76641229 89.54237476 5.85241761
114.52447083 89.36500765 5.85469322
114.28252936 89.18764053 5.85696884
114.03795112 89.01465956 5.84462916
113.79219902 88.84363123 5.82578300
113.54644692 88.67260290 5.80693684
113.29412928 88.51360227 5.77916599
113.03485288 88.36734970 5.74193592
112.76901383 88.23743458 5.69804682
112.49344239 88.13174784 5.64428241
112.21801197 88.02521586 5.59207003
111.94602236 87.90048078 5.57185760
111.68503191 87.75257555 5.56901102
111.42404147 87.60467033 5.56616444
111.16305102 87.45676511 5.56331786
110.90455380 87.30663649 5.58813316
110.64592868 87.15668221 5.61248917
110.38364839 87.01105048 5.61321682
110.12136811 86.86541874 5.61394447
109.85908782 86.71978701 5.61467212
109.59453522 86.58027110 5.63585964
109.32949825 86.44205883 5.66140837
109.06236868 86.30719325 5.68156564
108.79305025 86.17582830 5.69608343
108.52373182 86.04446336 5.71060122
108.25435553 85.91436790 5.73023279
107.98471637 85.79003962 5.77309569
107.71507721 85.66571133 5.81595859
107.44747358 85.53864011 5.86314367
107.18085743 85.41023825 5.91242550
106.91424127 85.28183638 5.96170733
106.65091708 85.14441407 5.99676048
106.39370085 84.99025509 6.00541355
106.13648463 84.83609611 6.01406662
105.87904045 84.68862741 6.04780620
105.62131321 84.54946689 6.11269898
105.36358596 84.41030636 6.17759176
105.10247122 84.28235261 6.24982614
104.83729098 84.16784864 6.33087153
104.57211075 84.05334467 6.41191691
104.30545707 83.94990977 6.50166533
104.03775712 83.85433497 6.59759372
103.77005716 83.75876016 6.69352211
103.51666177 83.66211606 6.81777783
103.27761493 83.56439937 6.97044802
103.03879079 83.46654515 7.12336054
102.80954645 83.36277471 7.28669725
102.58030212 83.25900426 7.45003397
102.35847203 83.16948666 7.63048667
102.13953244 83.08552560 7.81761215
101.92059285 83.00156455 8.00473763
101.71957626 82.96373503 8.22354874
101.52002945 82.92968855 8.44495825
101.34749467 82.87057599 8.68308432
101.18066365 82.80907011 8.92452530
101.02587963 82.74317183 9.17291870
100.87864293 82.68997855 9.42847153
100.73657034 82.64547845 9.68892308
100.60835947 82.59755439 9.95545700
100.49308046 82.54643607 10.22766530
100.40117825 82.49590325 10.50834654
100.31753047 82.44557719 10.79201960
100.23658274 82.40593869 11.07797987
100.15783245 82.37499831 11.36580160
100.07925609 82.35360929 11.65442363
100.00080409 82.33904974 11.94361789
99.94161510 82.31363814 12.23652638
99.88455513 82.28702713 12.52984539
99.83952868 82.26618330 12.82540798
99.80638817 82.25103592 13.12318666
99.84786171 82.23258100 13.41858811
99.89838609 82.21372487 13.71370119
99.94891048 82.19486874 14.00881427
100.01906627 82.18309025 14.29997273
100.09644619 82.17391626 14.58967593
100.15851359 82.15882305 14.88239245
100.20756220 82.13869730 15.17767092
100.25661081 82.11857155 15.47294939
100.30285860 82.08342264 15.76715103
100.34825958 82.04373151 16.06102709
100.40463816 82.01963276 16.35417271
100.47025201 82.00865161 16.64670381
100.53586587 81.99767046 16.93923492
100.59802237 81.97318401 17.23155510
100.65864832 81.94271879 17.52378190
100.71927427 81.91225357 17.81600870
100.77143105 81.85976112 18.10534118
100.81143892 81.77567087 18.39052180
100.85144679 81.69158063 18.67570242
100.91426792 81.63537429 18.96290572
100.98424533 81.58791483 19.25074352
101.05422273 81.54045537 19.53858133
101.14306505 81.45237406 19.81065745
101.23461420 81.35846412 20.08047200
101.32865749 81.25411731 20.34510208
101.42689028 81.13223933 20.60102362
101.50913950 80.98196109 20.84423226
101.57178522 80.79685055 21.07184882
101.63443094 80.61174002 21.29946537
101.68687051 80.41398326 21.51802259
101.72825827 80.20253247 21.72676987
101.76964604 79.99108168 21.93551715
101.78568860 79.77868654 22.14555716
101.78153143 79.56553877 22.35662748
101.75463290 79.32732973 22.53611995
101.72438840 79.08543339 22.71096633
101.69414391 78.84353705 22.88581271
101.60903985 78.59454997 23.02882491
101.51975316 78.34502227 23.16941000
101.42707790 78.09253795 23.30176128
101.32876796 77.83513718 23.42042091
101.23045801 77.57773641 23.53908055
101.12085918 77.31486763 23.63189567
101.00752199 77.05018809 23.71615231
100.89418480 76.78550855 23.80040895
100.80147297 76.50431913 23.84191022
100.71378051 76.21911188 23.87300660
100.62608805 75.93390463 23.90410297
100.55240567 75.64383436 23.91982304
100.48433833 75.35181505 23.92938050
100.41627099 75.05979575 23.93893797
100.34462030 74.76901252 23.92391858
100.27247377 74.47840033 23.90549840
100.20032724 74.18778814 23.88707823
100.12651823 73.89952502 23.85143075
100.05169537 73.61269448 23.80527729
99.97687251 73.32586394 23.75912383
99.91574829 73.03632693 23.70988003
99.85509154 72.74669756 23.66053076
99.81837830 72.45900107 23.59424584
99.82293936 72.17463652 23.49876690
99.82750041 71.89027197 23.40328797
99.84705824 71.60014305 23.34005152
99.88330385 71.30359979 23.31269315
99.91954946 71.00705653 23.28533479
99.92581687 70.70974345 23.29269138
99.91055383 70.41187750 23.32498037
99.89529078 70.11401154 23.35726936
99.86238643 69.82255932 23.40653079
99.78689778 69.54658919 23.49676190
99.71140913 69.27061906 23.58699301
99.58477600 69.02619978 23.70203489
99.44617853 68.78916127 23.82288083
99.27139250 68.60393491 23.97471579
99.08136145 68.44053525 24.13960538
98.89133041 68.27713559 24.30449497
98.66537882 68.21056903 24.48887292
98.43773842 68.14855511 24.67416712
98.21107328 68.10032960 24.86201976
97.98938482 68.12246500 25.06292790
97.76769636 68.14460039 25.26383605
97.55960170 68.18098743 25.47478229
97.37582212 68.24286619 25.70368353
97.20821563 68.32983194 25.93506223
97.05518791 68.43941167 26.16867416
96.93473827 68.57253788 26.40619546
96.84131431 68.72519745 26.64695984
96.76727671 68.88937600 26.88620388
96.70562130 69.06091181 27.12447687
96.64396590 69.23244762 27.36274985
96.58828631 69.41699071 27.59205492
96.53811160 69.61351600 27.81309882
96.48793689 69.81004129 28.03414272
96.47201954 70.03887946 28.22524823
96.46554332 70.27662289 28.40810288
96.45906709 70.51436632 28.59095754
96.50653989 70.74435816 28.77462391
96.57428412 70.97143733 28.95859529
96.65405102 71.19525013 29.14115722
96.75034713 71.41457222 29.32178139
96.86175121 71.62277997 29.50518737
96.99841132 71.81240784 29.69324371
97.14054838 72.00513058 29.87280223
97.30295716 72.20930831 30.02090782
97.46076047 72.41843835 30.16679477
97.61130951 72.63536895 30.30918705
97.77646968 72.85693077 30.42408208
97.94862132 73.08046735 30.52549669
98.14699254 73.30219744 30.56402926
98.34536375 73.52392753 30.60256182
98.54373497 73.74565763 30.64109438
98.78302512 73.91542975 30.70196660
99.02409470 74.08294241 30.76381030
99.26516428 74.25045506 30.82565400
99.52272899 74.39479612 30.87523054
99.78662129 74.53024847 30.92010137
100.05051360 74.66570083 30.96497219
100.32400747 74.77584182 31.01314022
100.60718166 74.86046384 31.06463249
100.89035584 74.94508587 31.11612477
101.17797054 75.01957677 31.15253533
101.47070480 75.08238727 31.17155786
101.76343907 75.14519777 31.19058039
102.05914763 75.19010588 31.20712755
102.35721774 75.22079978 31.22170930
102.65513967 75.24942359 31.23880462
102.95122782 75.25242879 31.28700681
103.24731597 75.25543398 31.33520900
103.54273485 75.25624997 31.38605397
103.83035721 75.23156325 31.46768546
104.11797956 75.20687653 31.54931696
104.40560191 75.18218981 31.63094845
