#spline3d 230
119.65200043 78.55629730 1.77857995
119.39981359 78.40057653 1.73218125
119.15787361 78.23321602 1.67932670
118.93997130 78.03855033 1.61132763
118.71996292 77.84404994 1.55131435
118.49488263 77.64994759 1.51053267
118.26980235 77.45584524 1.46975099
118.03312326 77.27464357 1.44037824
117.78874450 77.10200579 1.41857911
117.54436574 76.92936800 1.39677998
117.28735255 76.77980015 1.36261381
117.02426219 76.64132893 1.32249908
116.75725156 76.51088813 1.28227554
116.48667818 76.38774540 1.24195311
116.21339349 76.26969684 1.20695803
115.93327964 76.16447933 1.18538130
115.65358908 76.05818126 1.16379301
115.37637878 75.94555141 1.14213698
115.09916848 75.83292155 1.12048095
114.82195819 75.72029169 1.09882492
114.53645002 75.62820163 1.09982589
114.25091305 75.53618287 1.10090551
113.96548645 75.44450816 1.10655985
113.68055995 75.35439247 1.13294348
113.39563346 75.26427678 1.15932711
113.11062634 75.17437823 1.18553190
112.82322873 75.09091788 1.20643374
112.53583111 75.00745754 1.22733559
112.24852641 74.92368862 1.24816913
111.96519686 74.82671689 1.26608065
111.68186732 74.72974516 1.28399217
111.39853777 74.63277343 1.30190369
111.12226229 74.53793491 1.36534397
110.84815181 74.44375112 1.44275776
110.57404133 74.34956732 1.52017154
110.31704313 74.25068385 1.63873555
110.06103858 74.15152749 1.75968902
109.81949262 74.04755722 1.90279665
109.58526596 73.94115002 2.05711924
109.35296720 73.83670708 2.21544260
109.12580048 73.73749297 2.38441595
108.90025736 73.65969418 2.56493290
108.67605624 73.59959637 2.75499131
108.45437655 73.54324730 2.94873391
108.24358784 73.50309040 3.15838988
108.03279914 73.46293350 3.36804584
107.82325131 73.42518368 3.57924209
107.62148594 73.40253037 3.80009856
107.41972057 73.37987705 4.02095502
107.23401096 73.36604322 4.25474521
107.06946189 73.36383295 4.50558129
106.90491281 73.36162269 4.75641736
106.74401062 73.35986171 5.00937670
106.60719566 73.36106819 5.27635996
106.47038070 73.36227467 5.54334321
106.33804932 73.36598830 5.81243096
106.21535766 73.37509234 6.08604340
106.09266601 73.38419638 6.35965584
106.00329038 73.40718377 6.64444684
105.92272719 73.43384345 6.93219468
105.84216399 73.46050313 7.21994252
105.76351240 73.47452587 7.50886501
105.68649772 73.47772737 7.79879337
105.60948305 73.48092888 8.08872173
105.56124960 73.49359861 8.38404208
105.52210245 73.50925747 8.68106470
105.48981859 73.52574827 8.97873696
105.46852882 73.54357173 9.27744985
105.46684087 73.53795269 9.57684541
105.47203340 73.52410507 9.87648060
105.47722593 73.51025744 10.17611579
105.49433328 73.48834126 10.47476369
105.51351792 73.46501836 10.77323947
105.52999605 73.44299493 11.07191219
105.53515956 73.42640391 11.37140825
105.54032308 73.40981290 11.67090431
105.53795974 73.39808604 11.97033437
105.51700215 73.39837551 12.26960139
105.49604456 73.39866497 12.56886841
105.47348081 73.39728878 12.86800732
105.44943875 73.39437951 13.16702832
105.36490679 73.40293347 13.45220376
105.25825319 73.41567962 13.73231576
105.15159959 73.42842577 14.01242776
105.03647677 73.43337038 14.28941413
104.92130614 73.43827096 14.56638286
104.80613552 73.44317153 14.84335160
104.67195058 73.47077891 15.10975378
104.53272389 73.50440712 15.37335419
104.38322014 73.53332166 15.63157973
104.22504307 73.55825810 15.88526914
104.06658637 73.57997112 16.13877810
103.90404619 73.55461189 16.38965181
103.74150601 73.52925267 16.64052552
103.57160268 73.48508224 16.88318714
103.39709862 73.42915794 17.12071757
103.22518297 73.34630513 17.35016808
103.05629643 73.23193884 17.57016296
102.88740990 73.11757256 17.79015784
102.73761479 72.94975757 17.97905549
102.60476374 72.73450571 18.14035367
102.47191268 72.51925386 18.30165185
102.35583878 72.28943288 18.45146162
102.27371100 72.03013339 18.57802624
102.19158323 71.77083390 18.70459087
102.15890437 71.49568569 18.81868488
102.12983443 71.21938080 18.93186874
102.10076449 70.94307590 19.04505261
102.07536314 70.65691064 19.13043880
102.05068081 70.36881281 19.21037686
102.02599848 70.08071499 19.29031491
102.01649255 69.78668454 19.34290385
102.01732249 69.48861369 19.37686668
102.02489866 69.19062115 19.40556838
102.06192199 68.89297041 19.41130528
102.10785865 68.59704835 19.41112814
102.17805310 68.30583092 19.39485579
102.25223560 68.01637601 19.37563137
102.37573814 67.74871822 19.31989883
102.49924069 67.48106042 19.26416628
102.62274323 67.21340262 19.20843373
102.76770044 66.96214530 19.13286563
102.91545776 66.71302843 19.05470873
103.06321507 66.46391157 18.97655184
103.22224624 66.22509098 18.88928085
103.38333271 65.98814746 18.80034830
103.54779548 65.74952158 18.72350386
103.71446474 65.50979623 18.65455920
103.89016421 65.27162371 18.60688059
104.06805417 65.03382786 18.56436055
104.24594413 64.79603201 18.52184051
104.43392202 64.56552301 18.48446098
104.62926268 64.34033239 18.45083329
104.82460334 64.11514178 18.41720561
105.02187443 63.89008136 18.43305728
105.21928764 63.66503053 18.45255141
105.41752027 63.44501041 18.49959517
105.61583869 63.22551703 18.54952358
105.80637530 63.01078133 18.63569701
105.99499678 62.79601871 18.72651176
106.15213589 62.56404911 18.83373850
106.29744572 62.32983645 18.95104735
106.42989041 62.09318433 19.07932116
106.54766652 61.88514432 19.25655203
106.65929575 61.68909422 19.45429837
106.77092498 61.49304412 19.65204470
106.83246306 61.31752469 19.88459576
106.87796422 61.14857824 20.12828971
106.92346538 60.97963179 20.37198366
106.92092307 60.85440801 20.64116994
106.90011957 60.74580311 20.92004580
106.85221707 60.65848000 21.19856360
106.74708900 60.61609811 21.47632531
106.64196094 60.57371622 21.75408703
106.51853568 60.55037908 22.02313369
106.35169196 60.57223430 22.27149991
106.18484825 60.59408953 22.51986614
105.99608365 60.65570790 22.74344627
105.80501734 60.74922770 22.95149601
105.61953165 60.89515165 23.13670151
105.43618225 61.04957704 23.31525354
105.26438331 61.24996785 23.45783170
105.09258437 61.45035867 23.60040986
104.92078543 61.65074948 23.74298802
104.76083633 61.87648821 23.85889291
104.60108257 62.10264480 23.97435808
104.44132881 62.32880139 24.08982326
104.28753163 62.57240118 24.17262436
104.13436654 62.81785199 24.25195923
103.98474920 63.06334846 24.33745391
103.83770351 63.30887803 24.42741362
103.69065782 63.55440759 24.51737333
103.54401189 63.80546189 24.59001262
103.39759564 64.05969043 24.65270044
103.24587075 64.31254070 24.70496386
103.08211176 64.56226655 24.73359634
102.91835276 64.81199240 24.76222883
102.75588339 65.06291050 24.78706386
102.59540336 65.31566777 24.80604100
102.43492333 65.56842503 24.82501814
102.28823234 65.82567179 24.85811120
102.18231131 66.09619261 24.93294066
102.07639028 66.36671343 25.00777013
102.00925018 66.65125211 25.07085754
101.95371037 66.93998387 25.13043263
101.89817056 67.22871563 25.19000772
101.89145248 67.52290250 25.24522302
101.89197339 67.81789823 25.29979188
101.91411557 68.11507108 25.33374650
101.93734327 68.41235324 25.36666615
101.98578195 68.70471546 25.40366104
102.06438999 68.99119012 25.44553265
102.14299804 69.27766478 25.48740427
102.23441529 69.55877770 25.53352531
102.35567434 69.82739929 25.58954632
102.47693338 70.09602089 25.64556733
102.60452212 70.36082328 25.70326540
102.76200448 70.60758856 25.76888385
102.91948684 70.85435383 25.83450229
103.11288231 71.06599717 25.91802982
103.31673511 71.26741355 26.00677220
103.52058792 71.46882993 26.09551457
103.74778171 71.61284378 26.22598370
103.97757279 71.75047013 26.36109600
104.18071592 71.87995468 26.53882038
104.38230029 72.00533394 26.72150500
104.62442070 72.08064727 26.88183429
104.86654111 72.15596059 27.04216358
105.11450985 72.22399214 27.19317964
105.39869228 72.24693389 27.28652689
105.68287470 72.26987564 27.37987413
105.96705713 72.29281739 27.47322138
106.24341321 72.28787636 27.58885651
106.51841408 72.27810718 27.70835099
106.79023336 72.25940643 27.83285149
107.05474531 72.22019218 27.96884954
107.31925727 72.18097793 28.10484758
107.57987172 72.13701342 28.24576742
107.82233940 72.07093174 28.40960308
108.06480708 72.00485005 28.57343874
108.30229565 71.91151317 28.73107392
108.53954332 71.81685768 28.88840911
108.77247655 71.74100153 29.06139110
109.00495877 71.66711054 29.23600870
109.21769300 71.59789376 29.43508731
109.42415530 71.53016150 29.64193470
109.63061760 71.46242924 29.84878208
109.83826892 71.38693250 30.05169350
110.04603646 71.31067679 30.25422018
110.25380400 71.23442108 30.45674686
