#spline3d 215
116.52600098 86.19539642 3.06441998
116.25805656 86.08878196 3.14711913
115.99011214 85.98216750 3.22981827
115.72216773 85.87555304 3.31251741
115.44708275 85.77907884 3.38332725
115.17182962 85.68284340 3.45385712
114.89661358 85.58609883 3.52377291
114.62188586 85.48264831 3.58560068
114.34715814 85.37919780 3.64742845
114.07327618 85.27067705 3.70213703
113.80179513 85.14776307 3.73663592
113.53031409 85.02484910 3.77113481
113.25907649 84.90125322 3.80470637
112.99261373 84.76428275 3.82008981
112.72615097 84.62731227 3.83547326
112.45891107 84.49126808 3.84342109
112.19161899 84.35522347 3.85000556
111.92940490 84.21013725 3.86392423
111.66720900 84.06502353 3.87787472
111.41089619 83.91102296 3.90211438
111.15458338 83.75702239 3.92635403
110.90043447 83.59994719 3.95211788
110.65574230 83.42943520 3.98454277
110.41105012 83.25892321 4.01696766
110.16576682 83.08916963 4.04863081
109.91370952 82.92810705 4.07156477
109.66165221 82.76704447 4.09449872
109.40959491 82.60598189 4.11743268
109.15324746 82.45193382 4.14059465
108.89571395 82.29982500 4.16381966
108.66620460 82.11065904 4.19858003
108.44077325 81.91610062 4.23501899
108.21534190 81.72154220 4.27145795
107.99820301 81.52316293 4.32754767
107.78725259 81.32193226 4.39830224
107.57593358 81.12069363 4.46749253
107.35604299 80.91926973 4.50030407
107.13615241 80.71784583 4.53311561
106.90532021 80.53609437 4.58914916
106.66880645 80.36455805 4.65724100
106.43229270 80.19302173 4.72533283
106.19394967 80.03125952 4.80713315
105.95347471 79.88088857 4.90491006
105.71299975 79.73051763 5.00268696
105.47306133 79.57342661 5.08977774
105.23368471 79.40929904 5.16567917
104.99044067 79.24439793 5.22543986
104.74623451 79.07930438 5.28118512
104.50180988 78.91458844 5.33703629
104.25091316 78.76105973 5.39602515
104.00647411 78.60802285 5.47312556
103.77747770 78.45616210 5.59353730
103.54848128 78.30430134 5.71394905
103.32842733 78.15088633 5.84509081
103.14649133 77.99084615 6.02197016
102.96455534 77.83080597 6.19884951
102.78261935 77.67076579 6.37572886
102.62725894 77.51442465 6.57915760
102.47259088 77.35817987 6.78327800
102.34889823 77.17802789 6.98710124
102.23939297 76.98692588 7.19078839
102.13562936 76.80091869 7.40041172
102.07408283 76.65237260 7.65368261
102.01253631 76.50382650 7.90695351
101.95098978 76.35528041 8.16022441
101.91601686 76.23444719 8.43207910
101.88500783 76.11774779 8.70670588
101.86352462 76.02036301 8.98821087
101.85713417 75.95358041 9.28061375
101.82466987 75.89311080 9.57263132
101.79165599 75.83277426 9.86464078
101.76105642 75.77702255 10.15751268
101.74633049 75.75141521 10.45605498
101.73160455 75.72580787 10.75459729
101.73515078 75.71926429 11.05397485
101.74701652 75.72140063 11.35373270
101.75376674 75.73185964 11.65335914
101.75681420 75.74834287 11.95289045
101.75986165 75.76482609 12.25242177
101.75523408 75.78730552 12.55116637
101.73252436 75.82391183 12.84805747
101.70981464 75.86051815 13.14494858
101.64724575 75.90338763 13.43395233
101.56759866 75.94894066 13.71957664
101.48795156 75.99449368 14.00520094
101.40446054 76.05004015 14.28765871
101.31598953 76.11853361 14.56601409
101.21639892 76.17664321 14.84211528
101.09456341 76.21397977 15.11370694
100.96178038 76.24486297 15.38046609
100.81393183 76.26686531 15.64057496
100.66255259 76.28900094 15.89829412
100.47719532 76.31241925 16.13301581
100.29688488 76.27599522 16.36135808
100.12213872 76.17359326 16.58266686
99.94739255 76.07119131 16.80397564
99.78205839 75.92122998 17.00182119
99.62007672 75.75432832 17.19130929
99.45809505 75.58742667 17.38079740
99.30214087 75.39404532 17.54402268
99.15311067 75.17024587 17.67707898
99.00408047 74.94644642 17.81013529
98.93695276 74.67864457 17.92308265
98.87904696 74.40588822 18.03376583
98.82267668 74.13302568 18.14414060
98.88203433 73.85216055 18.23127175
98.94139198 73.57129542 18.31840290
99.01826694 73.29477491 18.39944601
99.14627410 73.03093616 18.46271840
99.27428125 72.76709742 18.52599080
99.43996739 72.52120169 18.55865099
99.61995587 72.28211684 18.57969128
99.79994436 72.04303200 18.60073156
99.98608405 71.80847573 18.61712272
100.17735442 71.57769671 18.62963609
100.36862479 71.34691769 18.64214945
100.54763404 71.10906722 18.67288217
100.71654656 70.86539360 18.71861806
100.88545909 70.62171998 18.76435396
101.04949544 70.37670533 18.81725289
101.19694365 70.12712863 18.89451964
101.33970420 69.87630377 18.97612649
101.47733299 69.62411249 19.06248464
101.61496178 69.37192122 19.14884279
101.74678338 69.11557525 19.23132317
101.86921573 68.85251183 19.30753386
101.99164808 68.58944841 19.38374455
102.12338653 68.32896604 19.45292781
102.25563431 68.06862494 19.52172645
102.38270613 67.80543302 19.58803091
102.48629379 67.52930651 19.64301880
102.58988145 67.25318000 19.69800670
102.67907671 66.97899822 19.77896846
102.76316875 66.70550601 19.86913996
102.84726079 66.43201379 19.95931145
102.89936398 66.17008434 20.09022058
102.93396544 65.91448111 20.24341807
102.96856690 65.65887788 20.39661556
102.97295192 65.41298562 20.56474697
102.94665433 65.17695415 20.74804268
102.92035675 64.94092268 20.93133839
102.85550078 64.71563301 21.11572121
102.76560810 64.49731820 21.30080990
102.67571542 64.27900339 21.48589859
102.55610746 64.08494643 21.67365043
102.38052848 63.93658101 21.86641851
102.20494951 63.78821558 22.05918658
102.02334329 63.65063202 22.25052847
101.78411763 63.61612116 22.42823618
101.54489197 63.58161030 22.60594390
101.30566631 63.54709945 22.78365161
101.05023917 63.57536987 22.93575062
100.79206673 63.61427838 23.08351031
100.53389430 63.65318689 23.23127000
100.27323798 63.72197484 23.36207289
100.01212773 63.79622327 23.48977692
99.76235026 63.88773864 23.62444159
99.53884976 64.01929035 23.77524569
99.31534926 64.15084206 23.92604979
99.10048386 64.29983637 24.07207414
98.89229381 64.46231465 24.21440353
98.68410376 64.62479293 24.35673291
98.47956391 64.80148186 24.48665114
98.27567241 64.98069490 24.61436488
98.07262008 65.16236425 24.73963112
97.87446634 65.35837218 24.85061009
97.67631260 65.55438012 24.96158906
97.47815886 65.75038805 25.07256802
97.33743357 65.97636033 25.20952741
97.20112859 66.20463898 25.34848652
97.06482360 66.43291763 25.48744563
96.96130181 66.66507771 25.64586728
96.86419955 66.89799784 25.80810003
96.76709729 67.13091797 25.97033278
96.73319756 67.36084065 26.15970421
96.70096436 67.59068430 26.34979123
96.67282266 67.82251741 26.53774386
96.66661996 68.06501826 26.71425162
96.66041726 68.30751910 26.89075938
96.65670996 68.55158401 27.06503284
96.66166725 68.80107969 27.23154828
96.66662454 69.05057537 27.39806371
96.67158183 69.30007106 27.56457915
96.70725102 69.57404613 27.68141267
96.74303530 69.84811294 27.79806002
96.79167808 70.11868729 27.91533830
96.88866397 70.37613137 28.03498868
96.98564985 70.63357545 28.15463906
97.08263574 70.89101952 28.27428944
97.21126801 71.13764904 28.38602366
97.34372833 71.38297039 28.49680031
97.48496878 71.62391439 28.60547771
97.64244785 71.85676260 28.71027258
97.79992692 72.08961080 28.81506745
97.96278143 72.31934389 28.91779676
98.14416747 72.53833781 29.01340517
98.32617391 72.75688576 29.10883339
98.51233811 72.97244498 29.20305409
98.69850232 73.18800419 29.29727479
98.88667654 73.38403803 29.42228699
99.07565496 73.57225981 29.55961880
99.27279928 73.74315229 29.70480088
99.48618249 73.87958335 29.86559417
99.69956570 74.01601441 30.02638745
99.91875797 74.14528088 30.18482263
100.14713892 74.26321453 30.33952778
100.37551987 74.38114818 30.49423293
100.60591666 74.49482564 30.64898817
100.84044408 74.59978183 30.80384604
101.07497151 74.70473802 30.95870392
101.31020843 74.81481391 31.10822064
101.54790562 74.94264285 31.23921633
101.78560281 75.07047180 31.37021202
102.01717676 75.18481927 31.52205180
102.24647543 75.29415727 31.68163685
