#spline3d 262
72.06860352 109.08899689 5.13563013
71.96708934 109.00742598 5.40589122
71.86906267 108.92727450 5.67764651
71.79559822 108.85711996 5.95992531
71.72213376 108.78696542 6.24220410
71.65195292 108.71667850 6.52511105
71.61053572 108.64523194 6.81352044
71.56911852 108.57378538 7.10192983
71.52350650 108.51535619 7.39177048
71.46684827 108.49120569 7.68538009
71.41019003 108.46705520 7.97898969
71.35449823 108.44203868 8.27265124
71.31914461 108.39879735 8.56740592
71.28379098 108.35555602 8.86216059
71.24872993 108.31100802 9.15655382
71.23174210 108.18574108 9.42861934
71.21475427 108.06047415 9.70068485
71.19869532 107.93188397 9.97100939
71.19080450 107.77407094 10.22602459
71.18291369 107.61625790 10.48103979
71.18374123 107.44028554 10.72361156
71.18755482 107.25809359 10.96192145
71.18899741 107.07550778 11.19993825
71.18705895 106.89236033 11.43753711
71.18512048 106.70921287 11.67513597
71.19520912 106.51207864 11.90024623
71.21406327 106.30475068 12.11625465
71.23291741 106.09742272 12.33226307
71.27362238 105.88315920 12.53776203
71.32134983 105.66666672 12.73988343
71.36922635 105.43737655 12.92641252
71.41722770 105.19736980 13.09988488
71.46824222 104.95698772 13.27132751
71.56927202 104.71037560 13.40907912
71.67030182 104.46376348 13.54683073
71.78358154 104.21884853 13.67753628
71.90293668 103.97477530 13.80474729
72.04171738 103.74234916 13.93282142
72.19240897 103.51706450 14.06142479
72.34310055 103.29177983 14.19002815
72.49803679 103.07348876 14.32495812
72.65843598 102.86419859 14.46803058
72.82059785 102.65431850 14.60778513
72.99769479 102.43944002 14.71942732
73.17479172 102.22456154 14.83106951
73.38340926 102.01363702 14.87490895
73.59240706 101.80276021 14.91793040
73.80140486 101.59188340 14.96095185
74.01097938 101.37816665 14.97418035
74.22070110 101.16372502 14.97980444
74.43135889 100.95039242 14.98405087
74.66410897 100.76323383 14.95578284
74.89685905 100.57607525 14.92751482
75.12960912 100.38891667 14.89924680
75.37721602 100.22893226 14.84436117
75.62556638 100.07030769 14.78814356
75.87391674 99.91168313 14.73192594
76.13829206 99.77825013 14.68612937
76.40593689 99.64995685 14.64245896
76.67430056 99.52352031 14.59818922
76.94847056 99.41208100 14.54907846
77.22264056 99.30064169 14.49996771
77.49984799 99.21104760 14.43080895
77.77823859 99.12996293 14.35384086
78.05644711 99.04862163 14.27649306
78.33389252 98.96620481 14.19755399
78.61133794 98.88378799 14.11861492
78.87858898 98.79098712 14.01966910
79.14293312 98.69522527 13.91501841
79.41541153 98.59433026 13.84112840
79.68879886 98.49286166 13.77067560
79.96177052 98.39027802 13.70063921
80.21955559 98.24695641 13.64581598
80.47734067 98.10363480 13.59099276
80.73383153 97.95882513 13.53437621
80.98358167 97.80626512 13.46841941
81.23333180 97.65370511 13.40246260
81.48308194 97.50114510 13.33650579
81.72756442 97.33085155 13.30249856
81.97176898 97.15962242 13.27017691
82.21597355 96.98839329 13.23785526
82.45173638 96.80716331 13.19902765
82.68496830 96.62293501 13.15824950
82.91820023 96.43870670 13.11747135
83.12687013 96.22663367 13.08345383
83.32994019 96.00821236 13.05097765
83.53911884 95.79566269 13.02846976
83.76829659 95.60233633 13.03859726
83.99747433 95.40900998 13.04872475
84.22694447 95.21611733 13.05920675
84.47552267 95.05156697 13.09285505
84.72410086 94.88701661 13.12650336
84.96677788 94.71444301 13.16006161
85.19755000 94.52568345 13.19343818
85.42824188 94.33784257 13.23041563
85.65818086 94.15862224 13.30118231
85.88811984 93.97940191 13.37194899
86.11044884 93.80619472 13.47326637
86.33052746 93.63476569 13.58361802
86.55319107 93.46930573 13.69743069
86.78016510 93.31379903 13.81701451
87.00713913 93.15829232 13.93659833
87.23030464 93.00586733 14.06508168
87.43665438 92.86704904 14.23285915
87.64300413 92.72823075 14.40063662
87.84935388 92.58941246 14.56841409
88.02789175 92.46459219 14.77408198
88.20360145 92.34119536 14.98360291
88.37931115 92.21779854 15.19312384
88.54110754 92.10121398 15.41663731
88.69422725 91.98887771 15.64887686
88.84734696 91.87654145 15.88111642
89.00307161 91.76042931 16.10971516
89.15961008 91.64313753 16.33717646
89.31614856 91.52584574 16.56463775
89.43862243 91.38842525 16.79951183
89.54112694 91.23920490 17.03873142
89.64244947 91.09094031 17.27898034
89.73263445 90.95168155 17.52892819
89.82281943 90.81242280 17.77887605
89.90740528 90.67585040 18.03178304
89.96460151 90.55241905 18.29916540
90.02179773 90.42898770 18.56654775
90.03149365 90.30200985 18.83813967
90.04076815 90.17500055 19.10976894
90.03733587 90.03839859 19.37574682
90.00791525 89.88217740 19.63016629
89.97849463 89.72595621 19.88458575
89.94905061 89.56936598 20.13876498
89.91896158 89.40260084 20.38632077
89.88556766 89.23784790 20.63457839
89.82880776 89.08732151 20.88779801
89.77204786 88.93679511 21.14101763
89.73231679 88.76195767 21.37848032
89.71467299 88.55558756 21.59550549
89.69858318 88.34631632 21.80935783
89.69838567 88.10737613 21.99076252
89.69744406 87.86852461 22.17224570
89.67940740 87.63171039 22.35553224
89.66137073 87.39489616 22.53881878
89.63675919 87.15608164 22.71834981
89.59815984 86.91301157 22.88989112
89.53362703 86.66271713 23.04050716
89.45787268 86.40929667 23.18206873
89.38211833 86.15587620 23.32363031
89.29318182 85.89116722 23.42773503
89.19510384 85.61862994 23.50586445
89.09647375 85.34614094 23.58323672
88.97562017 85.07559498 23.63013233
88.85476659 84.80504902 23.67702794
88.74158724 84.53048400 23.71147284
88.64902039 84.24512399 23.71247590
88.55645354 83.95976399 23.71347895
88.47593181 83.67187533 23.70580058
88.42606616 83.37755094 23.67602708
88.37620051 83.08322656 23.64625358
88.33432385 82.79454201 23.57659776
88.29271155 82.50604409 23.50562220
88.25109926 82.21754616 23.43464665
88.23061502 81.93407783 23.33866321
88.21038594 81.65067024 23.24237776
88.19015686 81.36726265 23.14609232
88.15776009 81.08964572 23.03719611
88.12462730 80.81237908 22.92753707
88.08487627 80.53764942 22.81463870
88.02363804 80.27115650 22.69122328
87.95515971 80.00477907 22.57273694
87.85698490 79.73887540 22.47446806
87.75881010 79.47297173 22.37619918
87.66080886 79.20688966 22.27832560
87.57607108 78.92717399 22.21066087
87.49133331 78.64745832 22.14299614
87.40639101 78.36743043 22.07705281
87.32009276 78.08533256 22.02252201
87.23379450 77.80323469 21.96799122
87.15415054 77.52127591 21.90491026
87.08454388 77.23952691 21.82893230
87.01493722 76.95777791 21.75295434
86.95095114 76.67190317 21.69054853
86.89389561 76.38094112 21.64487807
86.83684007 76.08997908 21.59920762
86.80355745 75.79456124 21.56959011
86.79124878 75.49521222 21.55413552
86.77894011 75.19586321 21.53868093
86.80190812 74.89701874 21.53119842
86.82779372 74.59821601 21.52437526
86.88255653 74.30761585 21.54985107
86.96558965 74.02504586 21.60694701
87.04862277 73.74247586 21.66404296
87.13430820 73.48045887 21.77896780
87.22055385 73.22278313 21.90610738
87.31895384 72.98740386 22.06172214
87.42317913 72.76271081 22.23098447
87.53405828 72.57689824 22.43608812
87.64754196 72.40630474 22.65522121
87.76102563 72.23571125 22.87435430
87.88501044 72.09641663 23.10624946
88.02114588 71.99333729 23.35291134
88.15728132 71.89025795 23.59957321
88.27541419 71.83374030 23.86903329
88.39210205 71.78096002 24.14032330
88.51953023 71.74670852 24.40862244
88.66084554 71.73641459 24.67305441
88.81635266 71.75513776 24.92519260
88.99435657 71.81985872 25.15784275
89.17236048 71.88457967 25.39049289
89.35066135 71.95366775 25.62151340
89.52985146 72.03583288 25.84765408
89.70904156 72.11799801 26.07379475
89.88433367 72.19911374 26.30322719
90.05194569 72.27816187 26.53914530
90.21955772 72.35721000 26.77506341
90.38531039 72.46321452 27.00082016
90.54655609 72.58477683 27.22185219
90.67382281 72.75212687 27.43585543
90.80108953 72.91947692 27.64985868
90.92263512 73.08896027 27.86508246
91.01747980 73.26839994 28.08600260
91.11232448 73.44783962 28.30692274
91.19388199 73.63113386 28.52895317
91.24414481 73.82350662 28.75359863
91.29440764 74.01587938 28.97824409
91.35464124 74.20846158 29.19996125
91.42644361 74.40128677 29.41828081
91.49550330 74.59461925 29.63698494
91.55685581 74.78937722 29.85676975
91.61820833 74.98413519 30.07655456
91.67442761 75.17953120 30.29696339
91.71553915 75.37680504 30.51920880
91.75665069 75.57407888 30.74145421
91.79398643 75.77264792 30.96317555
91.82758543 75.97249878 31.18437825
91.86118442 76.17234964 31.40558094
91.88113505 76.36748876 31.63088681
91.85504905 76.54673498 31.87003289
91.82896306 76.72598119 32.10917897
91.76266708 76.91936143 32.32753665
91.67605489 77.11991624 32.53192685
91.56419069 77.32942471 32.71520901
91.45232650 77.53893318 32.89849116
91.33206212 77.74772798 33.07645580
91.18901614 77.95458729 33.23999910
91.03617731 78.15981281 33.39575000
90.86710813 78.36233053 33.53858603
90.69803896 78.56484825 33.68142206
90.51641245 78.76980869 33.80236959
90.32747069 78.97619214 33.91056600
90.13852892 79.18257559 34.01876241
89.94456962 79.38490205 34.12562568
89.74784547 79.58499295 34.23175436
89.55112132 79.78508385 34.33788303
89.33417134 79.97448431 34.41945928
89.10993116 80.16003151 34.49218585
88.88569099 80.34557871 34.56491243
88.65753127 80.51724210 34.65496969
88.42655863 80.67894150 34.75746468
88.20065582 80.81690740 34.89384121
87.97864831 80.93663822 35.05624986
87.75664081 81.05636903 35.21865852
87.53488426 81.16338080 35.38894587
87.31354747 81.24911764 35.57241178
87.09221069 81.33485447 35.75587769
