#spline3d 231
71.28379822 101.73100281 5.47046995
71.52458202 101.55495497 5.43837124
71.76286404 101.37803229 5.39781478
71.99238130 101.19804466 5.32762738
72.22189855 101.01805703 5.25743998
72.45741617 100.84883667 5.18084006
72.69381527 100.68119808 5.10329811
72.93243762 100.51162301 5.03863816
73.17262281 100.34068668 4.98303364
73.41305364 100.17193427 4.92242923
73.65383656 100.00631217 4.85465828
73.89461948 99.84069008 4.78688733
74.13492197 99.67540557 4.71691045
74.37163171 99.51264561 4.63043709
74.60834144 99.34988566 4.54396374
74.84621250 99.18852642 4.45869399
75.11081990 99.05941485 4.40113417
75.37542731 98.93030328 4.34357435
75.64003472 98.80119171 4.28601453
75.90451365 98.67231107 4.22735997
76.16895718 98.54349407 4.16840376
76.43340072 98.41467706 4.10944754
76.70445456 98.29551756 4.06160211
76.97686210 98.17873044 4.01532803
77.25423667 98.07584148 3.96555624
77.53161123 97.97295253 3.91578445
77.80898580 97.87006357 3.86601267
78.09068765 97.77437991 3.82825091
78.37365365 97.68080116 3.79399770
78.65624509 97.58308052 3.77176514
78.93860862 97.48283965 3.75684684
79.22244039 97.38642136 3.74759449
79.50799619 97.29449156 3.74499514
79.79121875 97.19628132 3.74437017
80.06777752 97.08013393 3.74938409
80.34402759 96.96328408 3.75483406
80.61934619 96.84431462 3.76159978
80.89728218 96.73168007 3.76169757
81.17707774 96.62354628 3.75705801
81.45687330 96.51541249 3.75241846
81.73377505 96.40199671 3.76580639
82.00840902 96.28444163 3.79332186
82.28127517 96.16558914 3.82840200
82.54879501 96.04281301 3.88635948
82.81457901 95.91713426 3.94590791
83.07816388 95.78777821 4.00747191
83.32330671 95.64258682 4.10047717
83.56641093 95.49564496 4.19695799
83.80841532 95.35817743 4.30746760
84.04918066 95.23138346 4.43378175
84.28994601 95.10458948 4.56009590
84.51527701 94.99178605 4.71942521
84.72931019 94.88922360 4.90292137
84.93677582 94.79138097 5.09560129
85.13286702 94.70171266 5.30418667
85.32895822 94.61204434 5.51277204
85.50637115 94.54274167 5.74288674
85.67207870 94.48620181 5.98649353
85.83778626 94.42966196 6.23010031
86.00720813 94.39498157 6.47470374
86.17860978 94.37195252 6.71983838
86.34443824 94.35037406 6.96836636
86.47670903 94.33752999 7.23732652
86.59722847 94.32767764 7.51102406
86.68531706 94.32608173 7.79779565
86.77340566 94.32448582 8.08456724
86.86117605 94.32280290 8.37140106
86.89254574 94.30569717 8.66926606
86.92391543 94.28859145 8.96713106
86.91573714 94.27789369 9.26662779
86.90459615 94.26767599 9.56624675
86.88771115 94.25557374 9.86540044
86.85902408 94.23959937 10.16359818
86.82736571 94.22707114 10.46150102
86.78217764 94.23023482 10.75806113
86.73698957 94.23339850 11.05462123
86.68503209 94.22574505 11.34983993
86.62947349 94.21233721 11.64434504
86.57391489 94.19892937 11.93885015
86.54447126 94.19593808 12.23722628
86.51798239 94.19410958 12.53604101
86.46659083 94.17983582 12.83126171
86.41519928 94.16556206 13.12648240
86.36380773 94.15128830 13.42170309
86.29491747 94.13540365 13.71323016
86.22527957 94.11945017 14.00459942
86.16535477 94.07012123 14.29411073
86.10670460 94.01641249 14.58337823
86.04805443 93.96270375 14.87264572
86.00467338 93.90359358 15.16331869
85.96899019 93.84176032 15.45470021
85.93269534 93.78171202 15.74635092
85.89359670 93.72984601 16.03923559
85.85449806 93.67798001 16.33212026
85.83904315 93.57598259 16.61250695
85.82901572 93.46247734 16.89002470
85.81898830 93.34897210 17.16754244
85.81553786 93.23530858 17.44509656
85.81700725 93.12152665 17.72267790
85.83679496 92.99084890 17.99190814
85.85782439 92.85902587 18.26057231
85.88378564 92.72007780 18.52455596
85.92663078 92.55673755 18.77251613
85.96947593 92.39339729 19.02047631
86.01232107 92.23005704 19.26843648
86.11479503 92.02885813 19.46508089
86.22000130 91.82592447 19.65937392
86.32520757 91.62299080 19.85366694
86.40892572 91.37992135 20.00761690
86.49143684 91.13459739 20.15930070
86.57394796 90.88927344 20.31098450
86.65604078 90.63062069 20.43778296
86.73798573 90.36725641 20.55578481
86.81993069 90.10389213 20.67378666
86.90609951 89.82864567 20.75234015
86.99385435 89.54893760 20.81608128
87.06687311 89.26100219 20.85129162
87.13289662 88.96916124 20.87295833
87.19892013 88.67732029 20.89462504
87.22225279 88.37845822 20.89372836
87.24313844 88.07919372 20.89153835
87.26402409 87.77992921 20.88934835
87.27794450 87.48361778 20.85135703
87.28893875 87.18854696 20.79832535
87.29993301 86.89347614 20.74529368
87.28474437 86.60094045 20.68233465
87.26198610 86.30913769 20.61650556
87.23922783 86.01733492 20.55067647
87.20514298 85.72576179 20.49005711
87.16022797 85.43440824 20.43441916
87.11531296 85.14305469 20.37878121
87.07420405 84.85084447 20.32497746
87.03889006 84.55732991 20.27396635
87.00357607 84.26381536 20.22295524
86.97990189 83.97156541 20.16055162
86.96212623 83.67995631 20.09237482
86.94435057 83.38834722 20.02419802
86.91328470 83.10093697 19.94690565
86.86036073 82.82043246 19.85462112
86.80743675 82.53992796 19.76233659
86.75709992 82.25861193 19.67162321
86.73277610 81.96913617 19.59670729
86.70845227 81.67966041 19.52179138
86.68412845 81.39018465 19.44687547
86.71414835 81.09523748 19.41780352
86.75763321 80.79893464 19.40009050
86.80111808 80.50263180 19.38237749
86.85071219 80.20745877 19.39296798
86.90249794 79.91269105 19.41371214
86.95840304 79.61955791 19.43726063
87.07318137 79.34978590 19.50088853
87.18795970 79.08001389 19.56451643
87.33913837 78.84394212 19.67013618
87.49531750 78.61405121 19.78143710
87.68146831 78.42872947 19.92636587
87.87289126 78.27090655 20.08976271
88.07251945 78.15588112 20.28190211
88.27214764 78.04085570 20.47404151
88.46471124 77.99380844 20.69125097
88.65257501 77.99198476 20.92513871
88.83841572 78.00746829 21.15569851
89.01097990 78.13653166 21.36441850
89.18354409 78.26559503 21.57313849
89.35341487 78.40285324 21.77736132
89.50629444 78.59180813 21.95321412
89.65917401 78.78076302 22.12906693
89.81205358 78.96971791 22.30491973
89.95559177 79.17401308 22.47107087
90.09791900 79.38029684 22.63596435
90.22163367 79.61062175 22.77823190
90.32714233 79.86446266 22.89836774
90.43265098 80.11830357 23.01850358
90.52161202 80.37371822 23.14688595
90.59292788 80.63081100 23.28406180
90.66424373 80.88790377 23.42123766
90.71813479 81.11997167 23.60170942
90.76786093 81.34605808 23.79252985
90.81758707 81.57214448 23.98335028
90.85033967 81.78482315 24.19120041
90.87204068 81.98877195 24.41013871
90.89374170 82.19272076 24.62907701
90.87512308 82.42554002 24.81070625
90.83075780 82.67679491 24.96851128
90.78639252 82.92804980 25.12631631
90.69139562 83.16043142 25.28976193
90.59193585 83.39114947 25.45370473
90.49247608 83.62186753 25.61764753
90.35323131 83.82000358 25.79351891
90.20796454 84.01320791 25.97119585
90.06532042 84.19625105 26.16115091
89.92332665 84.37677450 26.35415059
89.78133288 84.55729796 26.54715028
89.61718973 84.71460123 26.74281157
89.45241515 84.87124255 26.93854874
89.28764057 85.02788386 27.13428590
89.11753570 85.19198929 27.31903077
88.94734746 85.35621148 27.50360370
88.77715921 85.52043367 27.68817662
88.57082907 85.67146001 27.84484242
88.36330072 85.82204887 28.00058300
88.15480843 85.97193942 28.15560334
87.93007074 86.11006111 28.29848511
87.70191671 86.24498663 28.43863119
87.46214457 86.36904276 28.56947383
87.21510677 86.47462941 28.70227949
86.96465510 86.57153795 28.83600750
86.71108314 86.66196577 28.96797298
86.45128299 86.73945789 29.09642043
86.18038055 86.77473252 29.21664089
85.90433227 86.79043959 29.33304819
85.62828400 86.80614665 29.44945550
85.36064459 86.78018332 29.57791788
85.09814223 86.72876324 29.71374481
84.83563987 86.67734316 29.84957173
84.58583604 86.61048885 29.99862560
84.35618757 86.51913703 30.16867353
84.12653910 86.42778521 30.33872146
83.89469087 86.33699365 30.50603042
83.66098836 86.24667434 30.67103056
83.42728586 86.15635504 30.83603069
83.19276264 86.05174914 30.99073272
82.95791379 85.94147487 31.14134887
82.72306495 85.83120061 31.29196502
82.49982918 85.69304373 31.43377851
82.28794023 85.52764353 31.56699117
82.07605128 85.36224332 31.70020382
81.87421588 85.18991358 31.83832399
81.70068309 84.99807590 31.99025972
81.52715030 84.80623823 32.14219544
81.38076906 84.60205763 32.30577523
81.23769647 84.39637294 32.47077394
