#spline3d 234
127.00599670 100.02700043 6.17321014
126.83123329 99.85215482 6.34317118
126.65646987 99.67730921 6.51313221
126.47010934 99.49871180 6.66432507
126.27185944 99.31626804 6.79627677
126.07360955 99.13382429 6.92822848
125.85593899 98.95250598 7.01778455
125.62289038 98.77207884 7.07377008
125.38984176 98.59165169 7.12975560
125.14286886 98.42682082 7.16519368
124.88650894 98.27250412 7.18677979
124.62713537 98.12582191 7.21475830
124.35587517 98.00925202 7.26794995
124.08705846 97.88467378 7.31263973
123.82202852 97.74768457 7.34415373
123.55699859 97.61069536 7.37566773
123.29552971 97.46558302 7.39846766
123.03536387 97.31749834 7.41807901
122.78309114 97.15969789 7.45081901
122.54006672 96.99051356 7.49894175
122.29704230 96.82132923 7.54706449
122.04971246 96.65933020 7.59573915
121.78924371 96.51925872 7.64609807
121.52803527 96.38049650 7.69572619
121.25299811 96.26621145 7.73169167
120.97586008 96.15493333 7.75411294
120.69542470 96.04837468 7.75527627
120.41498931 95.94181602 7.75643960
120.14500046 95.81202388 7.76944434
119.87621592 95.67955329 7.78381420
119.60864956 95.54608420 7.80663322
119.34447380 95.40685383 7.83437326
119.08340452 95.26081910 7.85710657
118.82233523 95.11478437 7.87983989
118.57955100 94.94203586 7.91397381
118.33752075 94.76818581 7.94857783
118.08449561 94.61176395 7.98253684
117.82222996 94.46998942 8.01595377
117.55996431 94.32821489 8.04937070
117.30256990 94.17689574 8.07529709
117.05026154 94.01561109 8.09340262
116.79795318 93.85432644 8.11150814
116.54423404 93.69741023 8.14056575
116.28891823 93.54543807 8.18201852
116.03360243 93.39346590 8.22347129
115.77755374 93.24215157 8.26251325
115.51947461 93.09265973 8.29487603
115.26139548 92.94316789 8.32723881
115.01217253 92.78051785 8.36346389
114.76695669 92.61191418 8.40143653
114.52174085 92.44331050 8.43940917
114.28028266 92.26774443 8.46390273
114.04304645 92.08435559 8.47325158
113.80446183 91.90273816 8.48049116
113.56014638 91.72864927 8.47876630
113.31763524 91.55217764 8.48181398
113.07721501 91.37294482 8.49039225
112.84500323 91.18330893 8.49425842
112.61697864 90.98836637 8.49572092
112.38895405 90.79342381 8.49718342
112.16492352 90.59400175 8.50334768
111.94131920 90.39409561 8.50950791
111.71860622 90.19316348 8.51452078
111.49589324 89.99223134 8.51953364
111.29723702 89.78147793 8.57638073
111.11924000 89.56229031 8.67774141
110.94103206 89.35176700 8.79288299
110.76229536 89.16296574 8.94257418
110.58355866 88.97416447 9.09226537
110.40181854 88.79407898 9.24832455
110.21564412 88.62686162 9.41378557
110.02946969 88.45964426 9.57924659
109.83636891 88.30898250 9.75215665
109.63958107 88.16238357 9.92459296
109.43578069 88.01142641 10.08483419
109.23198030 87.86046926 10.24507541
109.03190161 87.71723276 10.41365853
108.85865865 87.62966718 10.64239209
108.68541570 87.54210160 10.87112564
108.51336249 87.45636082 11.10118054
108.36345951 87.40459351 11.35583564
108.21355654 87.35282621 11.61049073
108.10345316 87.33419098 11.88775186
108.00152831 87.32236414 12.16965835
107.90019038 87.31089235 12.45172766
107.84107139 87.32496015 12.74550818
107.78195239 87.33902795 13.03928870
107.73668895 87.35089312 13.33546819
107.70183611 87.36757873 13.63259818
107.68535573 87.40857851 13.92932581
107.66887535 87.44957830 14.22605343
107.65152224 87.49754864 14.52121702
107.62951810 87.58266739 14.80804534
107.60751395 87.66778613 15.09487366
107.65103486 87.74349331 15.38089790
107.70299481 87.81798837 15.66681858
107.77874127 87.87323066 15.95091777
107.86710173 87.91826319 16.23405104
107.95546219 87.96329573 16.51718430
108.04529215 87.99326963 16.80141564
108.13668475 88.00723050 17.08681463
108.23047712 88.03877473 17.36948863
108.32652844 88.08687050 17.64959753
108.42257977 88.13496627 17.92970644
108.49278826 88.18761122 18.21584612
108.54789945 88.24291380 18.50550897
108.60300552 88.29820800 18.79517370
108.63770700 88.32009124 19.09235557
108.67969418 88.33311502 19.38828960
108.74852623 88.31349523 19.67962586
108.81735829 88.29387544 19.97096211
108.88485987 88.26091717 20.26069870
108.94937062 88.19797470 20.54683932
109.01388136 88.13503224 20.83297993
109.09716185 88.03578635 21.10067604
109.19494475 87.90849069 21.35412102
109.29272765 87.78119502 21.60756599
109.39482236 87.63549566 21.84881099
109.49818905 87.48436723 22.08645701
109.60155575 87.33323880 22.32410303
109.70975106 87.13992581 22.52390827
109.81944187 86.93354759 22.71199361
109.92913268 86.72716936 22.90007895
110.04272103 86.49819546 23.05443793
110.15828280 86.25778076 23.19172036
110.27070104 86.01749627 23.33149659
110.36590902 85.77792465 23.48492589
110.46111700 85.53835302 23.63835519
110.55632497 85.29878139 23.79178450
110.63452685 85.05590709 23.94943062
110.71035167 84.81257116 24.10766616
110.78617649 84.56923523 24.26590170
110.86541600 84.31457784 24.40144094
110.94726203 84.05127851 24.51965554
111.02910806 83.78797918 24.63787014
111.10048770 83.50788457 24.71792011
111.17161991 83.22739291 24.79706787
111.23384507 82.94120154 24.85947282
111.28862677 82.65024702 24.90788612
111.32765486 82.35416864 24.93426681
111.36423377 82.05729366 24.95722216
111.40081268 81.76041869 24.98017750
111.42667940 81.46199588 24.98063578
111.44782485 81.16289090 24.97117877
111.47057373 80.86428856 24.95685855
111.50025096 80.56785818 24.92152441
111.52992820 80.27142780 24.88619027
111.55960544 79.97499741 24.85085612
111.61913866 79.69014007 24.77878042
111.68014072 79.40585209 24.70489713
111.74142223 79.12147437 24.63288961
111.81731448 78.83240497 24.65894933
111.89320673 78.54333556 24.68500905
111.94530761 78.25390502 24.73499790
111.97617082 77.96415213 24.80634742
112.00703402 77.67439923 24.87769694
112.00408963 77.39315362 24.97906227
111.99129052 77.11438782 25.08917703
111.94413862 76.85991144 25.24062615
111.89618129 76.60600453 25.39304437
111.84771070 76.35303535 25.54643810
111.76799562 76.15715020 25.75921603
111.68828053 75.96126504 25.97199396
111.55592311 75.81496400 26.19280763
111.40051016 75.69037910 26.41714068
111.23984871 75.59550517 26.64786500
111.06841064 75.56163600 26.89171237
110.89697257 75.52776683 27.13555973
110.72267931 75.52892576 27.37669874
110.54500304 75.57158810 27.61462871
110.36732676 75.61425045 27.85255868
110.18023851 75.68408568 28.07490166
109.98712758 75.77130876 28.28727057
109.79561896 75.89951449 28.47727537
109.60468738 76.04247906 28.65922630
109.41375579 76.18544364 28.84117724
109.21401680 76.35667467 28.98199197
109.01249538 76.53996376 29.10746486
108.82731177 76.74017611 29.23245424
108.64212816 76.94038846 29.35744362
108.44623415 77.14103122 29.45909188
108.23352438 77.34234972 29.52409365
108.02081462 77.54366823 29.58909542
107.82311810 77.76434172 29.63566627
107.62477545 77.98600412 29.66715624
107.42257331 78.20753973 29.66113643
107.22037118 78.42907533 29.65511661
107.03084600 78.66105011 29.66262816
106.84724159 78.89790049 29.67645950
106.67948981 79.14400155 29.68941325
106.56459008 79.42094404 29.69944114
106.44969036 79.69788653 29.70946903
106.36384553 79.98237015 29.71882383
106.32995758 80.28033906 29.72697496
106.29606963 80.57830798 29.73512610
106.26447851 80.87559777 29.74902736
106.25821405 81.16539909 29.82633405
106.25194958 81.45520041 29.90364073
106.25009101 81.74295218 29.98709658
106.26479113 82.02300110 30.09366282
106.27949125 82.30305003 30.20022905
106.32063229 82.57491616 30.31941661
106.37489241 82.84219151 30.44347284
106.45340761 83.10028518 30.57470809
106.53192281 83.35837884 30.70594334
106.64216850 83.59732595 30.84445296
106.78722560 83.81526745 30.99094326
106.95008224 84.01417453 31.14348230
107.12898772 84.19591938 31.30147514
107.30789321 84.37766423 31.45946798
107.49932288 84.54759444 31.61285447
107.72824574 84.68215562 31.75245109
107.95716859 84.81671681 31.89204770
108.20904894 84.92009292 32.01715398
108.46384948 85.01950227 32.14041707
108.71937689 85.09329754 32.27807860
108.97516439 85.15792713 32.42089242
109.23317491 85.20727940 32.56329823
109.49785376 85.21080467 32.70448017
109.74209049 85.19159060 32.87525498
109.97712724 85.16214267 33.05934807
110.21182656 85.12362529 33.24079928
110.44460789 85.03355357 33.40723297
110.67738922 84.94348185 33.57366667
110.90265474 84.83848490 33.73876785
111.10189998 84.68181565 33.89925580
111.30114522 84.52514640 34.05974374
111.49540824 84.36585071 34.22274877
111.64825381 84.18472131 34.40667844
111.80109938 84.00359191 34.59060812
111.95394496 83.82246251 34.77453780
112.07069647 83.62561303 34.96758670
112.17968389 83.42538206 35.16259722
112.28867131 83.22515108 35.35760774
