#spline3d 211
118.89600372 85.05100250 4.69228983
118.81884573 84.91364269 4.94754750
118.73843909 84.78279874 5.20525786
118.65803244 84.65195479 5.46296822
118.57803307 84.51967069 5.71994615
118.50732813 84.35452123 5.96020944
118.42915408 84.18358699 6.19315521
118.32971456 83.99618273 6.40526707
118.22298670 83.80449870 6.60792803
118.08021796 83.59165118 6.76385441
117.93744923 83.37880366 6.91978079
117.79325593 83.16653726 7.07510893
117.63628208 82.95948435 7.22506989
117.47930823 82.75243144 7.37503086
117.29741916 82.55586479 7.50823308
117.10235155 82.36484470 7.63257098
116.88419605 82.17621415 7.70942118
116.65843191 81.98837107 7.77062176
116.43266778 81.80052800 7.83182235
116.20263191 81.61138715 7.85995408
115.97060931 81.42164273 7.87270604
115.73858672 81.23189831 7.88545800
115.51035010 81.03929447 7.85861529
115.28233068 80.84652659 7.82950104
115.05055685 80.65867174 7.80087493
114.80200272 80.49277554 7.77443047
114.55563962 80.32395398 7.74787055
114.32551380 80.13345298 7.72045493
114.09991967 79.93702100 7.70311539
113.88070082 79.73224519 7.69995109
113.66148198 79.52746938 7.69678680
113.45064152 79.31451868 7.70884535
113.24100182 79.10039640 7.72308558
113.03136211 78.88627411 7.73732581
112.81225228 78.68138419 7.73661815
112.59289391 78.47673656 7.73551820
112.37353555 78.27208893 7.73441825
112.13139113 78.09641132 7.74903657
111.88513397 77.92596260 7.76649194
111.63887681 77.75551389 7.78394731
111.38977804 77.59216903 7.81603853
111.13819471 77.43503544 7.86092666
110.88661138 77.27790185 7.90581479
110.63297454 77.13012509 7.96668639
110.37859819 76.98571789 8.03331394
110.12422185 76.84131069 8.09994149
109.86647613 76.70609088 8.17191252
109.60594065 76.57847804 8.24830783
109.34507122 76.45137202 8.32435754
109.07895650 76.33222652 8.39497901
108.81284178 76.21308102 8.46560047
108.54847706 76.09495538 8.54191668
108.30008925 75.98614062 8.67022360
108.05170143 75.87732586 8.79853053
107.81017723 75.77042721 8.93947745
107.58079879 75.66691929 9.10279191
107.35114261 75.56417513 9.26617965
107.11894281 75.46842580 9.43023849
106.88674300 75.37267647 9.59429732
106.65454319 75.27692715 9.75835616
106.42105903 75.19711376 9.92898547
106.18757185 75.11733778 10.09963021
105.95839973 75.04087928 10.27654794
105.75015169 74.98050749 10.48388389
105.54190366 74.92013570 10.69121983
105.34404806 74.86724983 10.90909155
105.16842007 74.83037504 11.14949742
104.99279208 74.79350025 11.38990328
104.82603840 74.75950456 11.63584035
104.70095534 74.73902812 11.90775004
104.57587228 74.71855167 12.17965972
104.45078922 74.69807522 12.45156940
104.33158190 74.68783572 12.72666011
104.21276473 74.67827595 13.00196204
104.09394757 74.66871619 13.27726397
103.98627225 74.64554980 13.55596469
103.88537557 74.61410523 13.83673322
103.78142039 74.57568449 14.11527338
103.67103512 74.52259727 14.38912866
103.56064986 74.46951004 14.66298395
103.48664315 74.40133967 14.94381939
103.43554432 74.32367131 15.22905027
103.38444549 74.24600296 15.51428116
103.34590409 74.18856805 15.80570614
103.31332411 74.14073861 16.10007165
103.29457310 74.08608395 16.39343080
103.30357458 74.00932925 16.68285971
103.28854216 73.91595464 16.96756141
103.27350974 73.82258004 17.25226312
103.25980939 73.72551397 17.53572561
103.24920402 73.61987105 17.81630888
103.23859865 73.51422813 18.09689216
103.24406406 73.40362630 18.37561492
103.25238298 73.29214398 18.65400734
103.27530744 73.18780074 18.93430248
103.29939860 73.08402778 19.21474962
103.32398647 72.97803191 19.49428459
103.35025768 72.86450260 19.77072819
103.37652888 72.75097328 20.04717180
103.40291441 72.63694921 20.32338280
103.43294125 72.50716570 20.59218491
103.46296809 72.37738219 20.86098702
103.49821945 72.22268540 21.11517094
103.53478465 72.06172354 21.36567875
103.57333767 71.89753717 21.61358142
103.62135397 71.71800006 21.84908195
103.66937027 71.53846295 22.08458249
103.71701039 71.35857381 22.31986840
103.75196745 71.16681587 22.54791827
103.78692452 70.97505794 22.77596815
103.82575114 70.77715947 22.99743249
103.87594451 70.56122332 23.19955200
103.93028227 70.34371513 23.39866960
103.99761581 70.12127739 23.58837392
104.06494936 69.89883966 23.77807823
104.13092884 69.67388882 23.96515191
104.19266390 69.44106052 24.14397975
104.25439896 69.20823222 24.32280759
104.32354541 68.96835514 24.48540391
104.41765664 68.70473469 24.59332534
104.51176786 68.44111425 24.70124678
104.60181666 68.17455038 24.80488739
104.68313384 67.90166005 24.89932700
104.76391982 67.62837526 24.99298215
104.83552756 67.34827515 25.07308341
104.90713530 67.06817503 25.15318467
104.98184335 66.78765294 25.22824109
105.06469567 66.50602237 25.29004515
105.13721255 66.22457189 25.36390513
105.20679849 65.94317249 25.44118394
105.27151043 65.66092873 25.51894662
105.31575540 65.37513936 25.59874120
105.35932159 65.08810592 25.67366324
105.40023047 64.79620215 25.72951039
105.44113935 64.50429839 25.78535754
105.48204823 64.21239462 25.84120470
105.49056244 63.93456377 25.95202522
105.49561269 63.65823774 26.06872407
105.50066293 63.38191171 26.18542291
105.47721090 63.11049574 26.31079613
105.43821122 62.84429688 26.44280780
105.38860574 62.58191765 26.57954375
105.33900025 62.31953841 26.71627969
105.27391582 62.07382983 26.87001489
105.17510725 61.86444177 27.06078654
105.07629868 61.65505371 27.25155819
104.97404002 61.44826237 27.44281836
104.83517280 61.26902463 27.63926214
104.68659693 61.10035009 27.83732371
104.52656355 60.94414157 28.03729448
104.36653017 60.78793304 28.23726525
104.19600974 60.65360462 28.44336427
104.01876396 60.53330792 28.65339335
103.84151818 60.41301121 28.86342243
103.63874325 60.36669517 29.07814365
103.43334413 60.32798377 29.29334719
103.22794500 60.28927237 29.50855073
103.02859984 60.34579972 29.72335438
102.82986982 60.41200419 29.93811741
102.62472343 60.49218645 30.14000830
102.40799936 60.59759025 30.31867271
102.19127528 60.70299404 30.49733713
101.97358385 60.82248313 30.66369916
101.75408123 60.96834482 30.80702682
101.53457860 61.11420651 30.95035448
101.33050558 61.29137330 31.07772585
101.13421279 61.48432541 31.19705140
100.93791999 61.67727751 31.31637696
100.74308275 61.87961055 31.42128692
100.54870274 62.08489036 31.52166859
100.39939389 62.32289437 31.62104964
100.26728948 62.57338976 31.72004872
100.13518507 62.82388516 31.81904780
100.01663483 63.08294532 31.91156676
99.91051154 63.34985796 31.99814451
99.80438825 63.61677061 32.08472225
99.71448205 63.88902971 32.17165591
99.63760874 64.16558550 32.25887559
99.56089776 64.44213953 32.34618578
99.53173022 64.71817512 32.46000201
99.51111475 64.99309127 32.57587901
99.55239469 65.25990551 32.70667067
99.59367462 65.52671976 32.83746233
99.63718734 65.79267169 32.96876869
99.73104636 66.03917969 33.11168106
99.82490537 66.28568769 33.25459343
99.91876439 66.53219569 33.39750580
100.03644167 66.77803646 33.52174340
100.16138176 67.02367378 33.64028658
100.28632186 67.26931110 33.75882976
100.44452871 67.51239824 33.83147651
100.60895452 67.75500864 33.89554330
100.77338032 67.99761904 33.95961008
100.97437821 68.21425557 34.00473433
101.19644735 68.40857158 34.05343199
101.43281165 68.58344459 34.11302379
101.67704434 68.73396077 34.18956793
101.93660430 68.83703096 34.29913448
102.19616427 68.94010115 34.40870103
102.45336068 69.03239327 34.52771454
102.69747695 69.06503841 34.69900853
102.94159323 69.09768355 34.87030251
103.18570950 69.13032869 35.04159650
103.41022563 69.15553651 35.23895777
103.63463787 69.18070491 35.43645721
103.85855354 69.16127013 35.63440842
104.08239444 69.13512057 35.83242765
104.30195447 69.10514625 36.03393703
104.49410182 69.05068001 36.25779569
104.68624917 68.99621378 36.48165436
104.85829376 68.91290681 36.71256992
