#spline3d 204
120.66799927 88.44950104 2.69230008
120.46355102 88.26603958 2.81289370
120.25910277 88.08257812 2.93348731
120.05297305 87.88400728 3.02149194
119.84640729 87.68151830 3.10104564
119.63984153 87.47902932 3.18059934
119.43521459 87.28913802 3.29005870
119.22013252 87.08835146 3.34354211
119.00342028 86.88573120 3.38804869
118.78670804 86.68311095 3.43255528
118.56242383 86.48981610 3.47965770
118.33237117 86.30362551 3.52873768
118.10231850 86.11743492 3.57781766
117.86170054 85.93955581 3.58534871
117.61883721 85.76344306 3.58404966
117.37597389 85.58733032 3.58275062
117.11812986 85.43400953 3.58097977
116.86016311 85.28087545 3.57920506
116.60007056 85.13160015 3.57621114
116.33389472 84.99336729 3.56972828
116.07237506 84.84717538 3.58128633
115.81201020 84.69900949 3.59731880
115.55164535 84.55084361 3.61335127
115.29565593 84.39484195 3.62039881
115.04192530 84.23479511 3.62280792
114.78714398 84.07673466 3.62696268
114.52118589 83.93980438 3.64968684
114.25522780 83.80287409 3.67241099
113.98926972 83.66594381 3.69513515
113.73127121 83.51759388 3.73141212
113.47565518 83.36582579 3.77174577
113.21871272 83.21555738 3.80899382
112.96054655 83.06667249 3.84339531
112.70400037 82.91560749 3.87938135
112.45865520 82.74946858 3.92632348
112.21331003 82.58332968 3.97326562
111.97421882 82.40962005 4.02466079
111.73614435 82.23467961 4.07677992
111.49907733 82.05936086 4.13180797
111.26562127 81.88268619 4.19726230
111.03216521 81.70601152 4.26271663
110.79088238 81.54585539 4.33968329
110.54609762 81.39309015 4.42180093
110.30853558 81.23548356 4.51269390
110.09288430 81.06319028 4.63020760
109.87849147 80.89433446 4.75454548
109.66543052 80.72911667 4.88610570
109.44319861 80.57271734 5.01206030
109.20731950 80.42944064 5.12967324
108.97144039 80.28616395 5.24728618
108.74790391 80.14868020 5.39224049
108.52592564 80.01192779 5.54064653
108.30467852 79.89075833 5.70239180
108.08378910 79.77721253 5.87066306
107.86232474 79.67168256 6.04182240
107.63674896 79.62347360 6.23363446
107.41777780 79.57629365 6.43319644
107.19885818 79.52912172 6.63281891
106.98059523 79.48312939 6.83328669
106.77754313 79.46446075 7.05333513
106.58525726 79.43851166 7.28135170
106.40970045 79.40124987 7.52174953
106.24858737 79.36287994 7.77136426
106.10033726 79.32352314 8.02918717
105.96645094 79.28975196 8.29519036
105.84087597 79.25921280 8.56592692
105.71530100 79.22867364 8.83666348
105.59302998 79.22609477 9.11060018
105.47076700 79.22358389 9.38454467
105.38591814 79.22709286 9.67050761
105.32506216 79.23446223 9.96417775
105.26420618 79.24183160 10.25784788
105.19375655 79.25080665 10.54922874
105.11817446 79.26064072 10.83938487
105.04259237 79.27047479 11.12954100
104.95798400 79.29636886 11.41614706
104.87265475 79.32354554 11.70246960
104.81947685 79.33412217 11.99658472
104.77936380 79.33795331 12.29386640
104.73925074 79.34178445 12.59114807
104.70470485 79.34152734 12.88902900
104.67867343 79.33501763 13.18782643
104.65264201 79.32850791 13.48662385
104.62596026 79.32109700 13.78533861
104.59791145 79.31179171 14.08387959
104.56986265 79.30248642 14.38242058
104.54004245 79.29278988 14.68077722
104.50868506 79.28463772 14.97899631
104.47233247 79.28173637 15.27677122
104.43597988 79.27883502 15.57454612
104.38255819 79.23765045 15.86599863
104.32433686 79.18570109 16.15567335
104.25557137 79.12723483 16.44119669
104.16648178 79.05620710 16.71871815
104.07739218 78.98517937 16.99623960
103.99496077 78.90359163 17.27255981
103.92081364 78.80886488 17.54738538
103.84666651 78.71413812 17.82221096
103.77266162 78.61474347 18.09513882
103.69952109 78.48698380 18.35653495
103.61885980 78.34423166 18.60536804
103.51768748 78.16059126 18.81993852
103.41651516 77.97695086 19.03450900
103.31572107 77.78098510 19.23654301
103.21568571 77.56029399 19.41342818
103.11565035 77.33960288 19.59031336
103.03013202 77.10906256 19.76140823
102.95585266 76.87089707 19.92802030
102.88157330 76.63273157 20.09463237
102.80435311 76.38431822 20.24110757
102.72218922 76.11867751 20.35373137
102.64002532 75.85303681 20.46635516
102.55653412 75.58594157 20.57378350
102.46665608 75.31184722 20.65621181
102.37677804 75.03775287 20.73864011
102.29563738 74.75826676 20.81061560
102.21951195 74.47568578 20.87659121
102.14338652 74.19310480 20.94256681
102.08170915 73.91166514 21.02197903
102.04523259 73.63221620 21.12482788
102.00875602 73.35276725 21.22767673
101.99583460 73.07209180 21.33276075
101.98340954 72.79139050 21.43789188
101.97098448 72.51068920 21.54302301
101.96145194 72.22697948 21.63998562
101.95246860 71.94269855 21.73539725
101.94348526 71.65841762 21.83080888
101.94000244 71.38449683 21.95112255
101.94000244 71.11713588 22.08720373
101.94000244 70.84977493 22.22328491
101.93754858 70.59528387 22.38172343
101.91753049 70.34819940 22.54952438
101.87804441 70.10679433 22.72320286
101.83855834 69.86538927 22.89688134
101.79542199 69.64421113 23.09219796
101.74789675 69.44735280 23.31353115
101.70037151 69.25049447 23.53486433
101.65003418 69.06569376 23.76404604
101.58934938 68.92526077 24.02210749
101.52866458 68.78482778 24.28016893
101.47152226 68.65727551 24.54464038
101.42276705 68.56021942 24.82428807
101.37401183 68.46316333 25.10393576
101.31980010 68.41816458 25.38906039
101.25822031 68.44346002 25.68158065
101.19664052 68.46875547 25.97410092
101.14655576 68.51850117 26.26196360
101.12938317 68.63825200 26.53649084
101.11221058 68.75800283 26.81101808
101.08935555 68.88474460 27.08107182
101.03923365 69.04503204 27.32965965
100.98911174 69.20531947 27.57824749
100.92529916 69.36515096 27.82226842
100.80660946 69.52315480 28.04798357
100.68791976 69.68115865 28.27369872
100.57346854 69.84393591 28.49793448
100.47112887 70.02035328 28.71794288
100.37302587 70.20411000 28.93353320
100.28095722 70.39832024 29.14283078
100.19740590 70.59445109 29.35354034
100.13054173 70.79434481 29.56701626
100.06367757 70.99423853 29.78049218
100.00790004 71.20751469 29.98276216
99.96480574 71.43610050 30.17221243
99.92171145 71.66468631 30.36166269
99.87749957 71.89778654 30.54426182
99.82730360 72.15505918 30.69017661
99.77710762 72.41233183 30.83609139
99.73091646 72.66965621 30.98255033
99.73381772 72.92761475 31.13567966
99.73671899 73.18557330 31.28880899
99.73947983 73.43908885 31.44899354
99.74211342 73.68857871 31.61557067
99.74720521 73.93735778 31.78300743
99.76849617 74.18145283 31.95610908
99.78978714 74.42554788 32.12921073
99.81107811 74.66964293 32.30231239
99.86764684 74.89622492 32.49002102
99.92874240 75.12055965 32.67960402
100.00602207 75.35561727 32.84898425
100.08508272 75.59185491 33.01614124
100.17448701 75.82756677 33.17801247
100.28260673 76.06232732 33.33031983
100.39072645 76.29708787 33.48262718
100.52673100 76.52275932 33.62572187
100.66566369 76.74747634 33.76784916
100.81915988 76.96150213 33.90888485
101.00559415 77.15134769 34.04745168
101.19202843 77.34119326 34.18601852
101.38455246 77.52444671 34.32368396
101.60707211 77.67523014 34.45690948
101.82959176 77.82601357 34.59013500
102.06447645 77.95298089 34.72587516
102.30418059 78.07066550 34.86259544
102.54388473 78.18835012 34.99931572
102.74630026 78.31154592 35.18226734
102.94473594 78.43532994 35.37015327
103.15727385 78.54150186 35.54911353
103.40642868 78.60194341 35.70489799
103.65558351 78.66238496 35.86068244
103.90539686 78.71873156 36.01633836
104.16246432 78.72996913 36.17057838
104.41953179 78.74120670 36.32481839
104.67659925 78.75244427 36.47905841
