#spline3d 284
123.05100250 86.98690033 4.58458996
122.95678302 86.79912126 4.79874342
122.86256353 86.61134220 5.01289688
122.76120369 86.42771476 5.22716088
122.64958005 86.25005502 5.44158380
122.53586479 86.07259798 5.65487526
122.39108538 85.89815132 5.85136271
122.24630597 85.72370466 6.04785016
122.08679426 85.55165511 6.23145649
121.88014590 85.38727522 6.37384909
121.65671502 85.23526072 6.50192230
121.41839459 85.09421687 6.61729123
121.18007416 84.95317302 6.73266017
120.94126557 84.80683367 6.83944012
120.70172372 84.65254006 6.93331871
120.46218188 84.49824645 7.02719730
120.21692353 84.34747627 7.10990976
119.96239375 84.20242064 7.17451222
119.70786398 84.05736501 7.23911467
119.45159723 83.91653508 7.30578953
119.19196616 83.78388980 7.37647841
118.93233509 83.65124453 7.44716729
118.67200081 83.51671795 7.51000102
118.40973488 83.37702365 7.55125768
118.14746895 83.23732936 7.59251434
117.88792638 83.08906312 7.61236932
117.62970046 82.93665269 7.62187745
117.37363486 82.78230147 7.60784061
117.11913966 82.62653944 7.57668831
116.86464447 82.47077741 7.54553601
116.60267912 82.32679291 7.52088389
116.33961460 82.18454138 7.49718823
116.07511603 82.04546165 7.47134424
115.80809908 81.91195202 7.44172751
115.54108212 81.77844239 7.41211078
115.27423988 81.64458329 7.38254464
115.01057009 81.50437805 7.35389719
114.74690031 81.36417281 7.32524974
114.48426024 81.22121406 7.30188808
114.22266668 81.07545687 7.28389845
113.96107313 80.92969968 7.26590883
113.70263896 80.77774032 7.26197970
113.44554877 80.62314259 7.26403183
113.18842185 80.46860853 7.26554113
112.93096189 80.31465179 7.26212871
112.67350192 80.16069504 7.25871629
112.42160728 79.99781120 7.25468352
112.16905879 79.83604514 7.25066166
111.90429205 79.69503134 7.24696528
111.63952531 79.55401754 7.24326890
111.37475857 79.41300375 7.23957252
111.11620679 79.26087046 7.24145888
110.85774444 79.10857715 7.24342560
110.60896873 78.94199791 7.25050272
110.36951350 78.76167277 7.26249708
110.12823318 78.58436723 7.27807545
109.87946832 78.41944481 7.30835148
109.63070346 78.25452240 7.33862752
109.37362101 78.11494030 7.40486117
109.11637824 77.97584660 7.47178787
108.86036300 77.83465798 7.53887871
108.60867325 77.68608741 7.60654799
108.35833099 77.53527238 7.67372829
108.12137812 77.36215534 7.73604992
107.88442526 77.18903831 7.79837154
107.64867869 77.01856098 7.87089521
107.41402112 76.85046668 7.95262892
107.16593602 76.71428342 8.05036771
106.91457470 76.58588621 8.15201163
106.67020633 76.45379394 8.26363581
106.44203903 76.31314104 8.39838195
106.21387173 76.17248814 8.53312808
105.99913410 76.02686935 8.68100960
105.81335213 75.87054366 8.85721222
105.62757015 75.71421797 9.03341485
105.44459557 75.55833122 9.21253439
105.28462113 75.40604065 9.41555125
105.12464669 75.25375008 9.61856812
104.95653636 75.11276023 9.82245862
104.77632886 74.98857334 10.02764810
104.59612136 74.86438644 10.23283758
104.43423558 74.74765677 10.45610991
104.28042349 74.63421323 10.68735070
104.12622221 74.53943146 10.92598818
103.97174046 74.45809824 11.16995605
103.81725871 74.37676501 11.41392393
103.69072752 74.30482897 11.67447160
103.58691042 74.24052958 11.94849288
103.49038751 74.17345530 12.22407858
103.42114239 74.09600390 12.50551468
103.36559993 74.03242831 12.79329412
103.31188295 73.97070127 13.08191861
103.25816596 73.90897422 13.37054311
103.24325639 73.87873646 13.66738057
103.23970682 73.85771648 13.96662218
103.24997500 73.84011782 14.26561509
103.27305661 73.82569182 14.56437736
103.30352959 73.81591303 14.86230900
103.35440918 73.81896461 15.15794736
103.44795648 73.83923597 15.44222091
103.54200794 73.85971080 15.72636018
103.63605940 73.88018564 16.01049944
103.74639493 73.90159384 16.28856287
103.85932894 73.92315098 16.56565677
103.97226295 73.94470813 16.84275067
104.05854178 74.00803412 17.12071333
104.13090351 74.09316832 17.39912958
104.20326524 74.17830252 17.67754584
104.29533192 74.24434067 17.95516510
104.38975645 74.30809381 18.23268900
104.47924549 74.37489338 18.51039495
104.50879567 74.47868993 18.79031167
104.53834585 74.58248648 19.07022840
104.55984517 74.69289303 19.34728496
104.54076893 74.83661337 19.60992653
104.52169269 74.98033371 19.87256810
104.48027272 75.14586458 20.11848369
104.43155949 75.31851466 20.35893973
104.38284627 75.49116474 20.59939576
104.32242160 75.67394176 20.82850048
104.24762203 75.86914882 21.04367231
104.16180744 76.06867363 21.25019167
104.06699741 76.27172452 21.44964496
103.97218737 76.47477542 21.64909826
103.84623558 76.69928500 21.80274934
103.71920105 76.92454066 21.95480796
103.59216651 77.14979632 22.10686658
103.46856306 77.38081170 22.25293821
103.34568487 77.61304456 22.39774431
103.22280667 77.84527742 22.54255042
103.06226098 78.08016618 22.63755991
102.90146641 78.31507249 22.73224038
102.71608409 78.53350660 22.81838377
102.51775396 78.74326652 22.90003156
102.31942383 78.95302644 22.98167935
102.09063717 79.13636621 23.04490895
101.86115606 79.31910356 23.10771859
101.61839788 79.48183985 23.16786484
101.35362280 79.61140906 23.22359449
101.08791590 79.73734225 23.28168947
100.81437602 79.83271042 23.35966779
100.54083614 79.92807859 23.43764612
100.26329154 80.00941209 23.51349233
99.97468354 80.05197368 23.58344842
99.68956627 80.03787936 23.67105975
99.40527235 80.01042153 23.76283544
99.12145790 79.96270100 23.84410024
98.83816606 79.89289396 23.91390809
98.56010030 79.81616377 23.99122581
98.31436081 79.69660993 24.11499639
98.06862132 79.57705608 24.23876696
97.83014195 79.44753049 24.36553903
97.60426658 79.30069332 24.49752188
97.37839122 79.15385615 24.62950473
97.18902554 78.95491764 24.74697449
97.00621673 78.74662211 24.86183781
96.82340792 78.53832658 24.97670112
96.66173253 78.30996762 25.08222752
96.51308229 78.06924296 25.18199928
96.37937532 77.81652600 25.26775977
96.26958089 77.54461869 25.33109909
96.15978646 77.27271138 25.39443841
96.06887025 76.99804873 25.46582227
96.03076866 76.71567762 25.55971188
95.99266706 76.43330650 25.65360149
95.98454344 76.14813144 25.74547132
95.98198426 75.86243591 25.83696626
95.99706510 75.57945829 25.93412445
96.02503866 75.29846713 26.03542182
96.07533056 75.01678050 26.11778269
96.16051207 74.73400667 26.17054071
96.24569357 74.45123283 26.22329872
96.36121261 74.17788312 26.24901400
96.49894521 73.91143389 26.25492822
96.65268233 73.65658371 26.22138986
96.80881840 73.40347213 26.18193787
96.96849547 73.15426820 26.13547490
97.13931424 72.91735962 26.06695191
97.31013301 72.68045104 25.99842893
97.48162162 72.44472059 25.92802121
97.66127639 72.22335287 25.83463626
97.84093115 72.00198515 25.74125131
98.02058591 71.78061743 25.64786636
98.20591501 71.57629699 25.53044092
98.40751234 71.38599107 25.41925627
98.63498455 71.21533534 25.32369027
98.86245676 71.04467962 25.22812427
99.09815351 70.88679465 25.13135066
99.33930877 70.73738549 25.03377558
99.57469224 70.58478330 24.92848200
99.79773864 70.42535612 24.80669037
100.02078503 70.26592893 24.68489875
100.24614830 70.11143037 24.56113387
100.47317495 69.96047031 24.43595229
100.69806072 69.81592745 24.30072898
100.91931525 69.68226908 24.14847348
101.14056978 69.54861072 23.99621797
101.36208366 69.41618539 23.84337567
101.58819060 69.30559648 23.68014140
101.81429753 69.19500757 23.51690714
102.04151634 69.08084340 23.35826895
102.27416928 68.94920569 23.22209336
102.50682221 68.81756799 23.08591777
102.75550835 68.68757521 22.98285412
103.01169938 68.55835239 22.89528964
103.26739622 68.42546334 22.81524925
103.51920524 68.26373127 22.79440246
103.77101427 68.10199920 22.77355566
104.02392958 67.94204715 22.77109919
104.27827521 67.78439646 22.79241953
104.53013036 67.62495931 22.82131430
104.77028027 67.45712574 22.88580908
105.01043018 67.28929216 22.95030387
105.24562596 67.15381237 23.07761899
105.46999575 67.01310839 23.21366778
105.62309615 66.83252335 23.39791820
105.73747000 66.64003632 23.59489454
105.82893545 66.44050874 23.79939880
105.91153396 66.23985262 24.00548852
105.94668912 66.03315809 24.22006137
105.98184429 65.82646356 24.43463422
105.95773244 65.63276313 24.66030430
105.91847817 65.44238262 24.88880965
105.85580530 65.26002780 25.11663910
105.75826821 65.08962115 25.34346227
105.66073112 64.91921451 25.57028545
105.54004841 64.76682045 25.79194308
105.33897766 64.67698667 25.99566000
105.13790692 64.58715289 26.19937692
104.90990077 64.57476002 26.39058992
104.67681472 64.57697219 26.57944474
104.44372867 64.57918435 26.76829955
104.20649674 64.64509084 26.93960128
103.96923386 64.71147286 27.11077196
103.73197098 64.77785489 27.28194264
103.49147187 64.87863996 27.42951654
103.25055773 64.98383705 27.57406428
103.01311368 65.11637689 27.69998202
102.77629047 65.25380863 27.82256666
102.54159371 65.40668903 27.92562863
102.31004182 65.58241675 27.99981815
102.07848993 65.75814448 28.07400767
101.85232475 65.94006415 28.14815627
101.64672668 66.14562539 28.22214865
101.44112860 66.35118663 28.29614102
101.25855878 66.57674482 28.36985892
101.08484927 66.80999701 28.44347121
100.91113976 67.04324919 28.51708350
100.74879454 67.28374387 28.59181565
100.60020968 67.53300807 28.66790379
100.45162482 67.78227226 28.74399193
100.30027617 68.02963299 28.82072289
100.14460614 68.27401751 28.89845893
99.99108638 68.51919452 28.97787505
99.84098898 68.76563283 29.05996515
99.69042830 69.01206517 29.14100257
99.52746617 69.25833750 29.19386043
99.36450404 69.50460984 29.24671830
99.20154191 69.75088217 29.29957616
99.06428804 70.00024840 29.39061744
98.93535412 70.25061590 29.49401601
98.82190314 70.49774591 29.61738293
98.73219447 70.74272556 29.76495160
98.67166912 71.00311363 29.90109553
98.61114377 71.26350169 30.03723946
98.58040820 71.52895171 30.17254552
98.55892370 71.79597368 30.30759138
98.53743920 72.06299566 30.44263723
98.54683751 72.33693758 30.56156147
98.57397064 72.61485335 30.67122768
98.62598285 72.88845901 30.77849563
98.71389037 73.15584607 30.88230341
98.80179789 73.42323314 30.98611118
98.94124068 73.67291586 31.07641872
99.08599496 73.91729361 31.17042868
99.26652150 74.12080133 31.29689954
99.44704803 74.32430906 31.42337040
99.63169643 74.52224560 31.55053102
99.86362417 74.65627852 31.68560349
100.09555190 74.79031144 31.82067597
100.32747964 74.92434437 31.95574844
100.57270045 74.97626517 32.11830859
100.81921153 75.02021589 32.28353678
101.06572261 75.06416662 32.44876497
