#spline3d 280
122.62899780 108.42199707 3.31709003
122.67712572 108.43074942 3.61307499
122.73007527 108.46337137 3.90638744
122.78382801 108.49996954 4.19925470
122.84135055 108.54053397 4.49070132
122.91120628 108.59407433 4.77750022
122.99331556 108.64476457 5.06075526
123.10807164 108.68786130 5.33456846
123.22016039 108.72010698 5.61063806
123.32851619 108.73716644 5.88986551
123.43687198 108.75422591 6.16909297
123.54854393 108.77345769 6.44677179
123.67009561 108.79916140 6.71983678
123.79164729 108.82486512 6.99290176
123.90584645 108.82861655 7.27024440
124.01970711 108.83135732 7.54778397
124.13356778 108.83409810 7.82532355
124.25983081 108.83246242 8.09727014
124.39216755 108.82868349 8.36647773
124.50129877 108.80605678 8.64462250
124.60533292 108.77929017 8.92473032
124.68704643 108.71882584 9.20643004
124.76450131 108.65193221 9.48843348
124.84195619 108.58503858 9.77043692
124.92346695 108.48558368 10.04058604
125.00659109 108.37317645 10.30601970
125.08971522 108.26076921 10.57145336
125.18345417 108.14616161 10.83214192
125.28625557 108.02967543 11.08877935
125.38905696 107.91318926 11.34541677
125.48687699 107.77213484 11.59013597
125.58051121 107.61043584 11.82484033
125.67414544 107.44873683 12.05954469
125.76517500 107.27193375 12.28374927
125.85479656 107.08696584 12.50227797
125.93991421 106.89500189 12.71636315
126.02136832 106.69734725 12.92683389
126.10282243 106.49969261 13.13730464
126.14451248 106.30890834 13.36444140
126.18052529 106.11910498 13.59395762
126.17174119 105.93563761 13.83018677
126.15314421 105.75355815 14.06788640
126.11699186 105.55337741 14.28615128
126.06384693 105.33567566 14.48560446
126.01070200 105.11797391 14.68505763
125.95785729 104.89147698 14.87372830
125.90549297 104.65090709 15.04514613
125.85312865 104.41033720 15.21656396
125.79469630 104.16794345 15.38195362
125.69840963 103.91417188 15.50973767
125.60212297 103.66040032 15.63752172
125.50285776 103.39733295 15.74132825
125.40285441 103.13196190 15.83919266
125.30285106 102.86659084 15.93705707
125.18973640 102.60013414 16.01032403
125.06250297 102.33250839 16.05710351
124.93605311 102.06449832 16.10380213
124.81001040 101.79628855 16.15045874
124.67850859 101.52942487 16.18813917
124.54353373 101.26341757 16.22010897
124.40236728 101.00004738 16.24548948
124.25673840 100.73857782 16.26612091
124.08535094 100.49312531 16.27248424
123.90619636 100.25250250 16.27454524
123.72268852 100.01612873 16.27298457
123.50011175 99.81788850 16.23892064
123.27753498 99.61964827 16.20485672
123.05495821 99.42140804 16.17079280
122.83454169 99.22713678 16.11169259
122.61473440 99.03398482 16.04553186
122.38477774 98.85378077 15.97945040
122.14432756 98.68696373 15.91345092
121.90387737 98.52014668 15.84745144
121.65139873 98.37309239 15.78121247
121.39348070 98.23497505 15.71486521
121.13556266 98.09685771 15.64851794
120.87634202 97.96293241 15.57909320
120.61490069 97.83615378 15.50442193
120.35474932 97.70721735 15.42913460
120.10011551 97.56905129 15.35121225
119.84548170 97.43088523 15.27328989
119.59093193 97.29167712 15.19697231
119.33640665 97.15216521 15.12112259
119.08188137 97.01265330 15.04527287
118.82481761 96.87633325 14.97233536
118.56621963 96.74194230 14.90115794
118.30359971 96.60742800 14.84895924
118.03871272 96.47284418 14.80745843
117.76612781 96.34928488 14.78830558
117.49282090 96.22675959 14.77124879
117.21951399 96.10423431 14.75419200
116.95122325 95.97017014 14.75085357
116.68344900 95.83491788 14.74892763
116.41567474 95.69966562 14.74700170
116.14883568 95.56265860 14.75036812
115.88242167 95.42485405 14.75613993
115.61600766 95.28704949 14.76191175
115.35305879 95.14792340 14.79442127
115.09222599 95.00799028 14.84325870
114.83266351 94.86691859 14.89438331
114.59065060 94.71011731 14.97710582
114.34863769 94.55331604 15.05982832
114.11201498 94.39666211 15.15568973
113.88287006 94.24021259 15.26977866
113.65371536 94.08485800 15.38525234
113.42450105 93.93618292 15.50917354
113.19452127 93.79015325 15.63431811
112.95413972 93.68007114 15.77608660
112.71375818 93.56998902 15.91785508
112.52104527 93.45338143 16.11260534
112.34077478 93.33507057 16.32118484
112.16050430 93.21675971 16.52976434
112.00070072 93.13057415 16.76736247
111.84609388 93.05254552 17.01232871
111.70716495 92.97384952 17.26368479
111.64065321 92.89207088 17.54455586
111.57414146 92.81029224 17.82542694
111.50758259 92.72854414 18.10629546
111.43878803 92.64824512 18.38704267
111.36999348 92.56794609 18.66778987
111.29186709 92.48811997 18.94604693
111.20407916 92.40878344 19.22172585
111.11629123 92.32944692 19.49740478
111.03620757 92.27715148 19.78123527
110.95889097 92.23413456 20.06787550
110.92574263 92.21431615 20.36537943
110.89259429 92.19449775 20.66288336
110.86437925 92.17473332 20.96055844
110.87725678 92.15541846 21.25965915
110.89013431 92.13610361 21.55875986
110.92046789 92.11425428 21.85581556
110.97075651 92.08950763 22.15053349
111.02104512 92.06476099 22.44525142
111.08840522 92.03732910 22.73567160
111.17548064 92.00679611 23.02112843
111.26363772 91.95575863 23.30300285
111.35221871 91.89668564 23.58347334
111.40714670 91.86302107 23.87586956
111.45587581 91.83403674 24.17046251
111.50441595 91.80709431 24.46515392
111.54961179 91.81629087 24.76158807
111.58911956 91.83003056 25.05823066
111.60139747 91.86551901 25.35587107
111.60603123 91.90323720 25.65328082
111.59823005 91.94458257 25.95031531
111.54913352 91.98132440 26.24278763
111.48351399 92.01622428 26.53343453
111.41848166 92.05062560 26.82427010
111.35499065 92.08371829 27.11560090
111.29038325 92.11569888 27.40677833
111.21744651 92.13938203 27.69681147
111.14450978 92.16306518 27.98684460
111.02958451 92.18816042 28.26214688
110.90679432 92.21352016 28.53468991
110.78400414 92.23887990 28.80723295
110.65110162 92.24449385 29.07549913
110.51148325 92.23699415 29.34092494
110.36390961 92.18527235 29.59484107
110.21236509 92.11147693 29.84301210
110.06082056 92.03768151 30.09118314
109.88870191 91.94322238 30.31622713
109.70458471 91.83671245 30.52778374
109.52046750 91.73020253 30.73934035
109.34271787 91.55547100 30.90185223
109.16628095 91.36667528 31.05425332
108.98984402 91.17787956 31.20665442
108.81157340 90.97096531 31.32923851
108.63273265 90.75841778 31.44255212
108.48008867 90.52058109 31.53839344
108.34266841 90.26804810 31.62408107
108.20524011 90.01544309 31.70936080
108.06635083 89.74976867 31.72062131
107.92746155 89.48409424 31.73188181
107.78857227 89.21841982 31.74314232
107.67560961 88.94507474 31.69640120
107.56478312 88.67109765 31.64488115
107.45619841 88.39733167 31.58979522
107.37626833 88.12626405 31.48912992
107.29633825 87.85519643 31.38846463
107.24461314 87.59175070 31.26103248
107.22310438 87.33647041 31.10492466
107.20353746 87.08834371 30.93857140
107.18855006 86.85708770 30.74805579
107.17356267 86.62583169 30.55754018
107.18040220 86.39744407 30.36535924
107.22570180 86.17411069 30.17024390
107.30857262 85.96127060 29.97928471
107.42478803 85.75774333 29.79201411
107.54100344 85.55421606 29.60474351
107.69179011 85.36221314 29.43496324
107.87585020 85.18130194 29.28201669
108.05991030 85.00039073 29.12907014
108.28601272 84.83492026 29.02583589
108.51422143 84.65640821 28.95199181
108.73738715 84.46399991 28.89563599
108.96055287 84.27159160 28.83928017
109.16539164 84.06055644 28.78257240
109.36245989 83.84162359 28.72571542
109.55952814 83.62269074 28.66885844
109.76132323 83.40240134 28.64639859
109.96408550 83.18183436 28.63097699
110.14493355 82.94376925 28.64063551
110.31764266 82.69920534 28.65960879
110.47082207 82.44627521 28.70452855
110.61454174 82.18929266 28.76201618
110.75826142 81.93231011 28.81950382
110.89078052 81.67202848 28.88567898
111.00673612 81.40686813 28.96470133
111.12269173 81.14170778 29.04372367
111.18864267 80.88303522 29.16913565
111.22252496 80.62852338 29.32429790
111.25640724 80.37401153 29.47946015
111.21449839 80.14309399 29.66331648
111.16070032 79.91587764 29.85167400
111.10690226 79.68866130 30.04003152
111.00419082 79.47851224 30.22583834
110.88758532 79.27321123 30.41092063
110.74069352 79.08152741 30.58236528
110.54005098 78.91401077 30.72960647
110.32006007 78.78776360 30.88240789
110.07880510 78.70687200 31.04132004
109.83755013 78.62598039 31.20023219
109.58920059 78.58553128 31.35468301
109.32907492 78.61221202 31.50172852
109.06894924 78.63889275 31.64877404
108.81565448 78.68826825 31.79552839
108.58505530 78.81304663 31.94131539
108.35445613 78.93782500 32.08710238
108.13465416 79.05460006 32.25033397
107.94615436 79.14817276 32.46413913
107.75765456 79.24174546 32.67794429
107.57717212 79.32716707 32.89955420
107.43931094 79.36925660 33.16265505
107.30144976 79.41134613 33.42575589
107.17126903 79.45814137 33.69107551
107.08286544 79.53053290 33.96846396
106.99446184 79.60292443 34.24585241
106.90605825 79.67531595 34.52324086
106.88239402 79.73539591 34.81602354
106.86027352 79.79518228 35.10917331
106.83815302 79.85496866 35.40232307
106.85302928 79.91760545 35.69420696
106.89889659 79.99569636 35.97867277
106.97240916 80.10304672 36.24899236
107.04592173 80.21039709 36.51931196
107.13685107 80.37114306 36.75258575
107.23575394 80.55183077 36.97009029
107.35853223 80.75881232 37.14921196
107.48131053 80.96579388 37.32833363
107.60980280 81.17800751 37.49449720
107.75947502 81.40961480 37.61262910
107.91040437 81.64628923 37.71698738
108.06315366 81.89029946 37.80140536
108.21590295 82.13430969 37.88582334
108.37459667 82.38276569 37.92383376
108.53774756 82.63448502 37.92694525
108.70273036 82.88455915 37.91136387
108.86771316 83.13463327 37.89578248
109.03874795 83.37921379 37.87153218
109.22423549 83.61067502 37.82657963
109.42570972 83.83241012 37.81619378
109.62856636 84.05330418 37.80879698
109.85280752 84.25091150 37.80475652
110.09081155 84.43353167 37.80287616
110.32881559 84.61615184 37.80099580
110.60138170 84.74014771 37.79207811
110.87581321 84.86097949 37.78278061
111.15534552 84.96472541 37.78405129
111.44789843 85.02485686 37.81229898
111.74205875 85.06920412 37.84698583
112.03786710 85.09736820 37.88827461
112.33367545 85.12553228 37.92956339
112.62244380 85.16877058 37.99199974
112.90299444 85.22960491 38.07912147
113.17923095 85.29263489 38.17656246
113.44797852 85.35947636 38.29191676
113.71672609 85.42631782 38.40727107
113.95875299 85.48909737 38.56775464
114.18410331 85.54934184 38.75640373
114.40945362 85.60958632 38.94505281
