#spline3d 262
69.53610229 103.17600250 5.55979013
69.35066510 103.21468076 5.79242083
69.16522790 103.25335902 6.02505153
68.96967554 103.29135725 6.24923355
68.77076451 103.32912968 6.47061024
68.57043513 103.37429771 6.68925446
68.36960423 103.42208082 6.90693248
68.16849887 103.46942616 7.12443584
67.96062334 103.50597294 7.33763075
67.75274782 103.54251971 7.55082565
67.54706549 103.55490880 7.76844342
67.34204608 103.55999584 7.98739806
67.13273569 103.53857221 8.20081299
66.92221401 103.51048321 8.41267196
66.69906149 103.46900791 8.60884221
66.47590898 103.42753260 8.80501246
66.25275646 103.38605729 9.00118271
66.08888503 103.32791719 9.24274927
65.93931027 103.26575807 9.49526396
65.78973551 103.20359895 9.74777864
65.69221360 103.11575303 10.01736377
65.59606296 103.02723043 10.28739859
65.49991231 102.93870783 10.55743341
65.40785277 102.85059299 10.82902091
65.31602311 102.76250107 11.10069566
65.23940505 102.64768408 11.36546234
65.17573238 102.51012347 11.62435012
65.11205970 102.37256286 11.88323790
65.07589587 102.21974604 12.13502881
65.09106772 102.03845881 12.37357587
65.10694232 101.85699246 12.61186237
65.16714693 101.66422739 12.83371152
65.22735154 101.47146233 13.05556068
65.29045852 101.27752545 13.27511155
65.39272080 101.06777987 13.46365655
65.49498308 100.85803428 13.65220156
65.59724536 100.64828870 13.84074656
65.77809170 100.47886846 14.00895918
65.96176763 100.31090023 14.17643968
66.14030504 100.14367021 14.34970311
66.30707990 99.97813006 14.53620417
66.47385476 99.81258990 14.72270523
66.64232190 99.64162934 14.90186340
66.81655700 99.45219383 15.05599408
66.99079211 99.26275832 15.21012477
67.18265504 99.07040710 15.33489446
67.38380289 98.87652013 15.44419916
67.59199473 98.66895033 15.50032415
67.80115415 98.45950100 15.54914417
68.02060543 98.25938383 15.58681267
68.25223120 98.07030590 15.61128978
68.48385696 97.88122797 15.63576689
68.71773843 97.69531100 15.66113700
68.96451600 97.52746554 15.69161255
69.21129357 97.35962007 15.72208810
69.45642770 97.18949730 15.75226982
69.68989677 97.00321036 15.78036601
69.92336584 96.81692342 15.80846220
70.15011429 96.62357985 15.84286486
70.37586303 96.42918659 15.87820564
70.60477261 96.23831599 15.90667301
70.84995979 96.06558626 15.89974398
71.10697036 95.91119285 15.90877787
71.36441264 95.75746894 15.91839462
71.62281564 95.60598517 15.91977841
71.88485057 95.46296990 15.89003865
72.14688549 95.31995463 15.86029890
72.40892042 95.17693936 15.83055914
72.68292838 95.05879071 15.80039838
72.95773470 94.94230016 15.77020954
73.23254102 94.82580961 15.74002070
73.51187176 94.71943318 15.71608519
73.79358756 94.61838839 15.69544612
74.07415014 94.51583993 15.67098798
74.34392191 94.39922130 15.61079410
74.61369369 94.28260266 15.55060022
74.88427507 94.16748642 15.49125507
75.15755439 94.05737679 15.43473829
75.43083372 93.94726716 15.37822151
75.70316448 93.83707963 15.31748490
75.97521125 93.72686878 15.25548497
76.24725802 93.61665794 15.19348504
76.51686068 93.50360453 15.12650173
76.78353678 93.38714746 15.05355139
77.05021288 93.27069040 14.98060104
77.31843296 93.15805621 14.90743043
77.58825969 93.04940007 14.83403061
77.85808642 92.94074393 14.76063079
78.12134482 92.81562954 14.69036797
78.38247989 92.68519476 14.62111923
78.64558778 92.55983954 14.55022417
78.91078524 92.43986449 14.47758536
79.17689557 92.31391569 14.42164683
79.44356485 92.18430923 14.37593368
79.71030431 92.05472450 14.33070462
79.98061993 91.92624643 14.31014046
80.25093555 91.79776836 14.28957629
80.52125117 91.66929029 14.26901212
80.79855645 91.55695136 14.24890522
81.07760865 91.44864607 14.22891260
81.35666086 91.34034078 14.20891999
81.63156425 91.22098811 14.19987402
81.90484556 91.09731618 14.19510791
82.17812687 90.97364425 14.19034179
82.45316859 90.85387722 14.18920285
82.72858801 90.73494798 14.18884211
83.01022006 90.63260787 14.19047295
83.29590362 90.54108626 14.19340258
83.58158719 90.44956465 14.19633221
83.86017196 90.34208712 14.22369038
84.13804270 90.23300466 14.25350570
84.41626163 90.12664405 14.28702082
84.69708123 90.04061246 14.34816916
84.97790083 89.95458087 14.40931751
85.24344148 89.86590417 14.50930077
85.49475680 89.77476477 14.64544093
85.74607211 89.68362537 14.78158110
85.97855090 89.59214841 14.94466745
86.19380959 89.50036285 15.13238763
86.40764898 89.40846474 15.32142021
86.58594567 89.31374808 15.54331869
86.76424236 89.21903142 15.76521717
86.92372443 89.14099211 16.00660349
87.07934545 89.06637524 16.25198901
87.22380764 88.98722842 16.50172933
87.33452153 88.89438139 16.76464012
87.44523543 88.80153436 17.02755090
87.55594933 88.70868733 17.29046169
87.60322338 88.62060415 17.57315276
87.64918280 88.53261970 17.85625372
87.69514222 88.44463524 18.13935468
87.72214582 88.34388595 18.42033078
87.74292933 88.23894805 18.70060963
87.76145207 88.13361069 18.98082878
87.76353732 88.02536893 19.26061384
87.76562257 87.91712717 19.54039889
87.75350041 87.79025896 19.81154562
87.73597371 87.65630520 20.07940631
87.71198638 87.52193350 20.34651317
87.68448345 87.38733438 20.61320983
87.63167442 87.26219837 20.87947959
87.55624025 87.14552294 21.14536768
87.48080607 87.02884750 21.41125578
87.43267998 86.89235090 21.67329901
87.39368796 86.74922447 21.93405621
87.30744496 86.67658207 22.20776408
87.20600914 86.62660272 22.48563603
87.10457332 86.57662337 22.76350798
86.98470136 86.54233904 23.03575579
86.85478611 86.51660474 23.30493978
86.72680004 86.48322794 23.57264240
86.62404028 86.34991700 23.82097440
86.52128052 86.21660607 24.06930640
86.41923883 86.07584897 24.31254761
86.32253653 85.87972401 24.51793499
86.22583423 85.68359905 24.72332237
86.12895552 85.48679901 24.92789021
86.02651151 85.26870099 25.10660281
85.92406751 85.05060298 25.28531540
85.82358042 84.82464856 25.45275682
85.73132443 84.56564881 25.57278989
85.63906844 84.30664907 25.69282295
85.56066657 84.04079877 25.80548252
85.50515529 83.76362958 25.90595915
85.44717999 83.48668192 26.00541304
85.37282196 83.21120720 26.09806691
85.29846394 82.93573247 26.19072079
85.23788163 82.66184830 26.29271195
85.22241057 82.39317271 26.42527983
85.20693951 82.12449713 26.55784770
85.19250715 81.85657937 26.69175452
85.20245999 81.60645259 26.85709497
85.21241283 81.35632582 27.02243543
85.22289015 81.10566620 27.18690927
85.23666727 80.85165419 27.34593083
85.25044439 80.59764218 27.50495239
85.26357660 80.34094528 27.65916766
85.27352339 80.07098695 27.78964334
85.28347019 79.80102862 27.92011901
85.29155157 79.52701987 28.03953280
85.29183792 79.23608554 28.11272194
85.30216474 78.94205471 28.16487360
85.32555193 78.64399606 28.18966025
85.34908608 78.34595523 28.21415225
85.39729510 78.05090945 28.18917012
85.44550412 77.75586368 28.16418798
85.53678582 77.47180914 28.15004889
85.64413691 77.19185519 28.13995507
85.75148799 76.91190123 28.12986125
85.91442318 76.67008260 28.16749192
86.10636534 76.44816518 28.23002797
86.29830750 76.22624775 28.29256403
86.52050741 76.04987501 28.38092927
86.75686732 75.89481626 28.48138206
86.99322724 75.73975751 28.58183485
87.19967307 75.61832759 28.74224912
87.36938691 75.53819104 28.97629106
87.53910075 75.45805449 29.21033300
87.65436678 75.38130433 29.47341871
87.74669775 75.30598063 29.74873854
87.84253235 75.23015624 30.02240682
87.97781529 75.14869449 30.27747993
88.11309823 75.06723275 30.53255304
88.24838117 74.98577101 30.78762615
88.42432804 74.88299708 31.00568785
88.61113765 74.77452992 31.21386251
88.83423519 74.68829143 31.38736394
89.08969657 74.62187786 31.52994161
89.34670273 74.56178253 31.67018655
89.62530179 74.59000324 31.77782473
89.90390085 74.61822395 31.88546291
90.18249991 74.64644465 31.99310109
90.41450866 74.80601780 32.07649262
90.63777885 74.99022766 32.15533640
90.84643913 75.18485706 32.24088912
91.00492310 75.41527131 32.34948305
91.16340708 75.64568557 32.45807698
91.32035353 75.88108530 32.55777341
91.47205639 76.11682707 32.66307968
91.60186489 76.35069892 32.79892705
91.73167338 76.58457077 32.93477442
91.84245406 76.80869921 33.09749155
91.93681540 77.02441993 33.28339492
92.03117675 77.24014066 33.46929828
92.11980349 77.45492297 33.65867998
92.18993748 77.66667911 33.85927850
92.26007147 77.87843524 34.05987702
92.32551389 78.08540261 34.26679764
92.38736155 78.28870075 34.47856234
92.44920921 78.49199889 34.69032705
92.44978632 78.71913544 34.87450806
92.39629234 78.96730931 35.03434653
92.34279835 79.21548319 35.19418501
92.27085262 79.45887099 35.35371516
92.19198240 79.70046269 35.51312961
92.10420913 79.93025614 35.68338709
92.00310866 80.14238847 35.86987578
91.89489108 80.34832079 36.05796522
91.74764929 80.52025755 36.25483181
91.58426103 80.66111510 36.46261013
91.41738549 80.79526018 36.67274517
91.22524172 80.89897546 36.87633157
91.01931868 80.98609674 37.07634688
90.83168958 81.11701576 37.26908707
90.64808309 81.25756534 37.46022754
90.45394668 81.38632290 37.64736489
90.23161103 81.48350134 37.82378179
90.00927538 81.58067978 38.00019870
89.78134964 81.68020709 38.16786544
89.55185304 81.78039445 38.33307330
89.32235643 81.88058181 38.49828116
89.06753980 81.95921553 38.63495354
88.81000424 82.03553477 38.76856170
88.55246869 82.11185401 38.90216987
88.27165067 82.14705510 38.99962146
87.98816576 82.17754629 39.09293149
87.70468085 82.20803749 39.18624153
87.41794171 82.23116124 39.27089055
87.12932317 82.25003012 39.35053767
86.84070463 82.26889901 39.43018479
86.55135962 82.26287813 39.50918307
86.26201080 82.25672706 39.58817795
