#spline3d 248
65.46690369 84.19360352 1.99596000
65.74212841 84.07655294 2.01942321
66.01649752 83.95739132 2.04002518
66.28461947 83.82281586 2.03973578
66.55059414 83.68507940 2.03632475
66.79235758 83.51170166 1.99771639
67.03412103 83.33832393 1.95910802
67.28527806 83.18116091 1.91901092
67.55270756 83.05208654 1.87633488
67.82013706 82.92301217 1.83365884
68.08839396 82.79607419 1.79010582
68.36051448 82.67911229 1.74245765
68.63263500 82.56215039 1.69480948
68.90168302 82.44850178 1.62794941
69.16894120 82.33678328 1.54989771
69.43798903 82.23660264 1.46384047
69.70856643 82.14628301 1.37094114
69.97914382 82.05596339 1.27804182
70.25607646 81.97605100 1.19764746
70.54257296 81.91180014 1.13607145
70.82906945 81.84754928 1.07449544
71.11399492 81.75993946 1.04879247
71.39850830 81.66620244 1.03249924
71.68302168 81.57246542 1.01620600
71.96935075 81.48379702 1.00433497
72.25615258 81.39644837 0.99361539
72.54338382 81.31206713 0.97940007
72.83417713 81.25230172 0.93618627
73.12497044 81.19253631 0.89297246
73.41561651 81.13211133 0.84975309
73.70437721 81.06324067 0.80646239
73.99313791 80.99437002 0.76317169
74.28189861 80.92549937 0.71988099
74.56889589 80.84420989 0.68852119
74.85565149 80.76121838 0.65879655
75.14393112 80.68239738 0.63604286
75.43587641 80.61360745 0.63005599
75.72782171 80.54481751 0.62406912
76.01945287 80.47508959 0.63312871
76.31107405 80.40533191 0.64266579
76.60378749 80.34213270 0.65860406
76.89740697 80.28437393 0.67985230
77.19038071 80.23118505 0.71164858
77.48176495 80.18924480 0.76940848
77.77314919 80.14730455 0.82716837
78.04729238 80.08141192 0.92493301
78.31483739 80.00635269 1.03800751
78.58238241 79.93129346 1.15108201
78.81514298 79.85800978 1.32088317
79.03518891 79.78537510 1.51141942
79.23682330 79.72178734 1.72144980
79.41115892 79.67161344 1.96038410
79.58549454 79.62143954 2.19931839
79.75721756 79.55303605 2.43462922
79.92552262 79.46078355 2.66519962
80.09382768 79.36853105 2.89577001
80.26124891 79.27680853 3.12717091
80.42333917 79.18828259 3.36358105
80.58542943 79.09975665 3.59999119
80.72791818 79.01032955 3.84714729
80.84637847 78.91979776 4.10747630
80.96483876 78.82926598 4.36780532
81.05949612 78.74792783 4.64042337
81.14712657 78.66705150 4.91559202
81.22032342 78.58351879 5.19427548
81.29352026 78.49998607 5.47295893
81.35706920 78.38937961 5.74409679
81.41829986 78.27226764 6.01342152
81.45135461 78.15412235 6.28687555
81.47844236 78.03575821 6.56120407
81.48249465 77.92683254 6.83982481
81.46888961 77.82514171 7.12173566
81.45528456 77.72345089 7.40364651
81.40576557 77.62534334 7.68272546
81.35520933 77.52733929 7.96172262
81.29020409 77.43551609 8.23947279
81.21369686 77.34861309 8.51623031
81.12749065 77.26019537 8.78939188
81.02941912 77.16992459 9.05815430
80.93134759 77.07965382 9.32691672
80.83090104 76.99253613 9.59581900
80.72852584 76.90797893 9.86483485
80.62615064 76.82342172 10.13385070
80.53572290 76.73788528 10.40668544
80.45040144 76.65193031 10.68115235
80.36507998 76.56597535 10.95561926
80.28212788 76.47136203 11.22769385
80.20309654 76.36242102 11.49580965
80.12406521 76.25348000 11.76392546
80.03776981 76.13474130 12.02537752
79.94781781 76.01107061 12.28347517
79.84505493 75.88885308 12.53698699
79.72624390 75.76845591 12.78475415
79.60764833 75.64662757 13.03182168
79.49327817 75.49673273 13.26516869
79.37890801 75.34683789 13.49851570
79.26453785 75.19694305 13.73186271
79.14909447 75.03467880 13.95614709
79.03347095 74.87033841 14.17891034
78.90626535 74.71345354 14.40063021
78.77626608 74.55836698 14.62209841
78.64620925 74.40270955 14.84307811
78.51374250 74.22315285 15.04360697
78.38127575 74.04359615 15.24413583
78.24880900 73.86403945 15.44466469
78.11228982 73.63728289 15.58569897
77.97573321 73.41009039 15.72618376
77.83917659 73.18289790 15.86666855
77.73051875 72.94497327 16.01257749
77.63081423 72.70360445 16.16022715
77.53110970 72.46223564 16.30787682
77.43901339 72.20935968 16.43993794
77.34923886 71.95297210 16.56724193
77.25946434 71.69658452 16.69454592
77.16455325 71.43488915 16.80570263
77.06717068 71.17063990 16.90908997
76.96978811 70.90639065 17.01247731
76.87004106 70.64262736 17.11483578
76.76962040 70.37900251 17.21690114
76.66490312 70.11663505 17.31782708
76.55787470 69.85494393 17.41814013
76.45084628 69.59325281 17.51845319
76.35790969 69.32631401 17.61822253
76.27445433 69.05584448 17.71762606
76.18704870 68.78657350 17.81680492
76.09574454 68.51848537 17.91576206
76.00444038 68.25039723 18.01471920
75.93623789 67.97289108 18.10550379
75.87127798 67.69406299 18.19514127
75.80631807 67.41523491 18.28477875
75.74831958 67.12596096 18.33442213
75.69227189 66.83375978 18.37285800
75.63739567 66.54098757 18.40718586
75.58850277 66.24529882 18.42053190
75.53960987 65.94961008 18.43387793
75.51236525 65.65556666 18.48554180
75.48654163 65.36163124 18.53972087
75.51100091 65.06852236 18.59875385
75.53553434 64.77541470 18.65779400
75.56006777 64.48230704 18.71683414
75.63081182 64.21164470 18.82494726
75.70200273 63.94119941 18.93353492
75.82049033 63.69913795 19.06185717
75.95138492 63.46452221 19.19535624
76.08227951 63.22990646 19.32885531
76.24834501 63.03747164 19.48220738
76.43373792 62.86821641 19.64646922
76.62219092 62.70564607 19.81147081
76.85719944 62.64477789 19.98772661
77.09220796 62.58390972 20.16398242
77.32721648 62.52304154 20.34023822
77.56744906 62.54467687 20.51377482
77.80898353 62.58687314 20.68663375
78.04354907 62.67059174 20.85040848
78.27380327 62.77999825 21.00856324
78.50405746 62.88940475 21.16671800
78.73842990 63.01292421 21.30467403
78.97795264 63.15409333 21.41736951
79.21571637 63.30388524 21.52175109
79.45185429 63.46164714 21.61844820
79.68799220 63.61940903 21.71514531
79.92501910 63.78026642 21.80404217
80.16255155 63.94288417 21.88850314
80.40008400 64.10550192 21.97296411
80.64253763 64.27410001 22.02566589
80.88505241 64.44277242 22.07797295
81.12756720 64.61144483 22.13028001
81.36526240 64.79349882 22.13451988
81.60230721 64.97735862 22.13227323
81.84321746 65.15579291 22.14007003
82.08578367 65.33190291 22.15216945
82.32406241 65.51194883 22.17658168
82.55747783 65.69645929 22.21496041
82.79089326 65.88096976 22.25333914
83.01073313 66.07226613 22.31509273
83.20850735 66.27459231 22.41483971
83.40628157 66.47691848 22.51458669
83.59008372 66.68083928 22.62972303
83.72962563 66.88981147 22.79360922
83.86916755 67.09878366 22.95749541
83.99071108 67.30344816 23.13810092
84.09138088 67.50311680 23.33809676
84.19205068 67.70278543 23.53809260
84.29122616 67.88970554 23.74973005
84.38823743 68.05816198 23.97822803
84.48524871 68.22661842 24.20672600
84.57546157 68.40293872 24.43148421
84.65137317 68.59580157 24.64837539
84.72728477 68.78866442 24.86526658
84.79316275 68.98539144 25.08193246
84.85777275 69.18260679 25.29856987
84.92238274 69.37982215 25.51520728
84.95297551 69.57994200 25.73465330
84.95865131 69.78218935 25.95615656
84.96432710 69.98443670 26.17765982
84.94938748 70.19611984 26.38588187
84.88635697 70.42981446 26.56312199
84.82332647 70.66350907 26.74036211
84.72179226 70.88839605 26.90876396
84.60245580 71.10921080 27.07307943
84.48311935 71.33002555 27.23739490
84.35834604 71.56910672 27.35107994
84.22549644 71.83532210 27.38955510
84.09264684 72.10153748 27.42803026
83.93845118 72.35518152 27.46260403
83.76073491 72.59497357 27.49287897
83.58301865 72.83476562 27.52315391
83.40378497 73.07373607 27.54942881
83.21831942 73.30933232 27.55927591
83.03285388 73.54492856 27.56912301
82.84557434 73.77889778 27.57735826
82.63343374 73.99056825 27.56350282
82.42129314 74.20223871 27.54964739
82.20316959 74.40720353 27.53171213
81.97952728 74.60598298 27.51001359
81.75588497 74.80476242 27.48831505
81.52238280 74.99045487 27.45814084
81.28643261 75.17289806 27.42586227
81.04373677 75.34686302 27.39938957
80.79506525 75.51331748 27.37806002
80.54608800 75.67910392 27.35580244
80.29069319 75.83086714 27.31406373
80.03529837 75.98263036 27.27232503
79.76323432 76.10181504 27.23606222
79.48555006 76.21001553 27.20164567
79.20386726 76.30117942 27.19555570
78.91386387 76.35689177 27.24841066
78.62386048 76.41260412 27.30126563
78.33499408 76.46726428 27.35965760
78.05157917 76.51687950 27.44459784
77.77339410 76.55495945 27.54662134
77.50393169 76.57380019 27.67713737
77.23394561 76.58165057 27.80628901
76.96240287 76.55683099 27.93138488
76.69086013 76.53201142 28.05648075
76.41931739 76.50719185 28.18157662
76.15135310 76.46792001 28.31056011
75.88363404 76.42765771 28.43981004
75.61644985 76.38677929 28.56972952
75.37930868 76.31129313 28.73725813
75.14216751 76.23580697 28.90478675
74.90502634 76.16032081 29.07231537
74.71417672 76.07328662 29.28350985
74.53880787 75.98239054 29.50930703
74.36343903 75.89149446 29.73510422
74.21323072 75.80186944 29.97751418
74.08077085 75.71314104 30.23164292
73.94831099 75.62441264 30.48577167
