#spline3d 230
119.69100189 79.82910156 5.93470001
119.80996283 79.78107017 6.20588495
119.91454934 79.72602306 6.47972292
119.96203708 79.64310784 6.76409939
120.00952482 79.56019262 7.04847585
120.05482764 79.47139224 7.33123155
120.09434256 79.36700197 7.60969383
120.13385749 79.26261170 7.88815610
120.19783313 79.16112302 8.16241716
120.27157587 79.07160840 8.43887802
120.34119343 78.98981546 8.71899106
120.41081100 78.90802252 8.99910410
120.47595842 78.79641036 9.26927641
120.53975118 78.67576147 9.53643617
120.60354393 78.55511258 9.80359593
120.65301993 78.40085411 10.05329528
120.69021166 78.21775742 10.28801299
120.72740338 78.03466073 10.52273069
120.72201445 77.85860482 10.76401070
120.69966190 77.68535386 11.00790505
120.67730935 77.51210290 11.25179940
120.63392478 77.34759580 11.49759405
120.56476680 77.19380375 11.74571740
120.49560882 77.04001170 11.99384075
120.39960314 76.88519453 12.22875674
120.25480080 76.72851419 12.43966788
120.10999847 76.57183385 12.65057901
119.96011439 76.41306984 12.85517456
119.77618170 76.24034485 13.01745448
119.59224902 76.06761987 13.17973439
119.40831633 75.89489488 13.34201430
119.16533466 75.75375907 13.43924895
118.91160707 75.61837195 13.52464645
118.66180889 75.47527067 13.60887946
118.41343800 75.32936738 13.69268950
118.15893316 75.18648758 13.76200535
117.90423891 75.04370114 13.83087363
117.64853789 74.90032189 13.89314355
117.38876121 74.75454277 13.92870190
117.12928260 74.60819707 13.96281616
116.88054074 74.44144276 13.94491338
116.63179888 74.27468846 13.92701059
116.38305702 74.10793415 13.90910781
116.13775415 73.93569846 13.89648628
115.89255170 73.76330270 13.88401897
115.65182207 73.58491572 13.87589234
115.42074397 73.39360074 13.87713213
115.18966588 73.20228576 13.87837192
114.95891861 73.01104065 13.88492888
114.72978013 72.82013530 13.91734288
114.50064164 72.62922995 13.94975689
114.27289469 72.43627348 13.97771007
114.05143931 72.23404316 13.98549427
113.82998394 72.03181284 13.99327846
113.60843135 71.82968698 14.00094449
113.38409322 71.63055386 14.00522496
113.15975510 71.43142074 14.00950543
112.93485985 71.23294123 14.00854590
112.70943097 71.03508775 14.00256745
112.48400209 70.83723428 13.99658900
112.25660497 70.64218323 14.00305616
112.02680155 70.45055831 14.02473889
111.79699813 70.25893339 14.04642161
111.57180572 70.06402338 14.08147861
111.34813429 69.86802975 14.12094722
111.12432763 69.67298772 14.16403807
110.90040103 69.47878973 14.21034183
110.67660287 69.28556379 14.26034581
110.45348592 69.09749321 14.32997427
110.23036897 68.90942263 14.39960273
109.99732938 68.73918117 14.48077689
109.76303029 68.57259832 14.56649421
109.53001622 68.40563014 14.65495859
109.29700216 68.23866196 14.74342297
109.06613865 68.07751465 14.84650191
108.83619871 67.91886713 14.95585713
108.60625877 67.76021960 15.06521234
108.39003009 67.61301511 15.21136433
108.17556893 67.46728574 15.36225983
107.95444528 67.36736849 15.53692618
107.73181432 67.27781561 15.71697038
107.50918337 67.18826273 15.89701457
107.29825166 67.12620173 16.09901519
107.09457009 67.08117771 16.31462240
106.89967442 67.03884779 16.53818727
106.71919916 67.00093974 16.77481311
106.52950713 66.98038988 17.00620578
106.33865337 66.96202792 17.23693882
106.14929286 66.95085471 17.46900142
105.96435186 66.96095775 17.70499907
105.77941087 66.97106079 17.94099671
105.60882256 66.99267615 18.18668016
105.44062557 67.01620959 18.43397737
105.27242857 67.03974303 18.68127457
105.10977043 67.10234169 18.92544588
104.94736838 67.16503323 19.16974286
104.82988592 67.22657802 19.43883388
104.71240345 67.28812280 19.70792489
104.59492099 67.34966759 19.97701591
104.54664349 67.41108340 20.26643720
104.50012875 67.47249593 20.55637633
104.45154944 67.53215728 20.84633221
104.40125124 67.59036066 21.13630203
104.35095303 67.64856404 21.42627186
104.29048631 67.70665100 21.71425829
104.22684875 67.76470165 22.00162625
104.18897914 67.81036139 22.29385257
104.18434726 67.84003823 22.59234563
104.17971538 67.86971507 22.89083869
104.18448651 67.91161097 23.18728427
104.20255710 67.97078930 23.48083394
104.21741139 68.03017564 23.77445153
104.21944798 68.09039096 24.06833983
104.21437565 68.14948701 24.36213552
104.18649254 68.20499162 24.65563406
104.15860944 68.26049622 24.94913260
104.11925764 68.30069360 25.24336737
104.07172807 68.32997609 25.53812710
104.02436711 68.35219011 25.83344594
103.97717429 68.36735540 26.12932231
103.94000662 68.35636121 26.42553257
103.91250976 68.32013211 26.72206492
103.88501290 68.28390302 27.01859727
103.85918224 68.23745713 27.31309477
103.84004141 68.14999081 27.59942238
103.82090057 68.06252449 27.88574998
103.80182805 67.96942893 28.17013649
103.78293676 67.86139787 28.44937288
103.77858801 67.74917718 28.72748334
103.77691743 67.63618494 29.00538645
103.77524686 67.52319269 29.28328955
103.75247763 67.37482454 29.54235562
103.72607667 67.22036711 29.79817926
103.69992971 67.04447914 30.03810887
103.67407296 66.84410594 30.25987893
103.64821620 66.64373274 30.48164899
103.61720415 66.42952818 30.68746612
103.57752589 66.19207268 30.86646588
103.53784763 65.95461719 31.04546563
103.51598647 65.69737452 31.19641451
103.50082869 65.43268726 31.33680972
103.48446384 65.16721416 31.47537222
103.45553482 64.89356133 31.59485841
103.42660580 64.61990850 31.71434461
103.40055353 64.34427952 31.82853776
103.39665965 64.05342911 31.90196098
103.39276576 63.76257870 31.97538419
103.38274361 63.46774843 32.02496381
103.36763054 63.16961198 32.05473594
103.35251747 62.87147553 32.08450808
103.33821309 62.57507707 32.12833586
103.32399912 62.27887288 32.17373484
103.34324523 61.98284703 32.21048218
103.38064227 61.68691790 32.24253630
103.41886270 61.39040423 32.26280615
103.45830721 61.09302155 32.26555750
103.49775171 60.79563888 32.26830886
103.51273129 60.49771174 32.27458559
103.48865944 60.19891550 32.28648963
103.45866689 59.90197999 32.30397210
103.37558684 59.62172864 32.37147335
103.29250679 59.34147729 32.43897460
103.17116680 59.08865711 32.54335936
103.04488135 58.83938266 32.65251165
102.91713152 58.59193309 32.76352273
102.76884647 58.37007406 32.90059975
102.62056143 58.14821502 33.03767677
102.44964394 57.96240844 33.19055476
102.24698361 57.82716676 33.36559420
102.04432329 57.69192507 33.54063364
101.82616805 57.58127522 33.71091686
101.58713686 57.50375741 33.87479211
101.34853834 57.42771882 34.03944092
101.13608137 57.44105570 34.25082791
100.92362441 57.45439259 34.46221491
100.71150707 57.46905945 34.67371975
100.50960713 57.52373765 34.88876992
100.30770718 57.57841584 35.10382009
100.10580723 57.63309404 35.31887026
99.94310554 57.75056823 35.54036410
99.78515042 57.87564646 35.76263820
99.62719529 58.00072469 35.98491231
99.49743357 58.15141840 36.20843135
99.37723223 58.31079832 36.43237256
99.25698946 58.47029407 36.65620804
99.13605258 58.63173039 36.87827225
99.01511570 58.79316670 37.10033646
98.90125214 58.95926508 37.32209071
98.81409526 59.14296595 37.54267465
98.72693837 59.32666681 37.76325859
98.66364894 59.54926435 37.95385105
98.61031845 59.77417240 38.14440175
98.58543745 60.00148813 38.33859004
98.58373467 60.24420537 38.51201459
98.60144507 60.49982230 38.66804825
98.61956836 60.75553596 38.82382246
98.66551501 61.01776676 38.96211299
98.71146166 61.27999756 39.10040352
98.75740831 61.54222836 39.23869405
98.85846701 61.78041880 39.38974702
98.96295703 62.01711247 39.54159460
99.06744704 62.25380615 39.69344217
99.17905561 62.50355429 39.81531968
99.29266816 62.75697745 39.92876018
99.40628070 63.01040062 40.04220068
99.54106069 63.26646753 40.11976987
99.67884521 63.52290969 40.19224744
99.81662973 63.77935185 40.26472502
99.98020983 64.02001897 40.33721543
100.14565009 64.25954854 40.40970677
100.31109034 64.49907811 40.48219811
100.50687061 64.71878400 40.53839836
100.70728226 64.93546382 40.59211178
100.91336070 65.14196604 40.65874194
101.12784700 65.33336764 40.74453679
101.34328956 65.52311584 40.83142376
101.56476898 65.70242622 40.92520513
101.78624840 65.88173660 41.01898650
102.01070294 66.05578980 41.11545261
102.23649685 66.22747627 41.21312737
102.46229076 66.39916274 41.31080213
102.67845665 66.57635146 41.41890704
102.88673025 66.75805049 41.53556176
103.09500385 66.93974952 41.65221648
103.30719803 67.10436678 41.78542940
103.52026715 67.26517198 41.92233754
103.73333627 67.42597717 42.05924568
103.96401643 67.54803703 42.20248392
104.20774020 67.64140020 42.35041053
104.45146396 67.73476337 42.49833714
