#spline3d 210
130.20399475 105.33799744 6.51505995
130.00673359 105.14340955 6.63005382
129.79711223 104.95673330 6.73439948
129.57535263 104.77782663 6.82828814
129.34738001 104.60037256 6.90832820
129.11587659 104.42374400 6.98049824
128.87706300 104.25313520 7.03400871
128.62159867 104.09623793 7.04501727
128.36613433 103.93934065 7.05602582
128.11399824 103.77729297 7.06793904
127.86411549 103.61175826 7.08046475
127.61423274 103.44622354 7.09299046
127.35591412 103.29409636 7.09389188
127.09479791 103.14641551 7.09093834
126.82891812 103.00849436 7.08232616
126.55631876 102.88434034 7.06573186
126.28443434 102.75969443 7.04452870
126.01556287 102.63297559 7.00390246
125.74669139 102.50625674 6.96327622
125.47759848 102.38192920 6.91855805
125.20720731 102.27162128 6.84984989
124.93681614 102.16131335 6.78114174
124.66345389 102.05707251 6.71552120
124.38465736 101.96392877 6.65554813
124.10586082 101.87078503 6.59557505
123.82804653 101.77625154 6.53345506
123.55334135 101.67731906 6.46453938
123.27879036 101.57736326 6.39672629
123.00639218 101.46312050 6.34430689
122.73399399 101.34887774 6.29188749
122.46159580 101.23463498 6.23946809
122.18580975 101.11969520 6.21656157
121.90923212 101.00459256 6.20055084
121.63041598 100.89675530 6.17546275
121.35254605 100.78806417 6.14630451
121.08199597 100.67188044 6.08882329
120.81144589 100.55569671 6.03134208
120.54086881 100.43923130 5.97467241
120.26983512 100.31800210 5.93172811
119.99880144 100.19677290 5.88878381
119.73077014 100.07029396 5.84284813
119.46618309 99.93779269 5.79348083
119.19388230 99.81742745 5.77063931
118.91444123 99.70829601 5.77235160
118.63336372 99.60409508 5.77999765
118.35020497 99.50616490 5.79519039
118.06704621 99.40823472 5.81038313
117.78570050 99.30675155 5.83080133
117.50976062 99.19467460 5.86680003
117.23382075 99.08259766 5.90279874
116.96186498 98.96504003 5.94651155
116.70160379 98.83139490 6.01286762
116.44134259 98.69774977 6.07922369
116.17743226 98.57224019 6.14635370
115.90931691 98.45610545 6.21437555
115.65084007 98.33215738 6.29842033
115.41027545 98.19368901 6.41224216
115.17143264 98.05734669 6.53107266
114.94551095 97.93695904 6.68749000
114.71958925 97.81657139 6.84390733
114.51133643 97.71145701 7.03205794
114.30514365 97.60812336 7.22390837
114.09895087 97.50478972 7.41575880
113.92023502 97.39531180 7.63020645
113.74336087 97.28542206 7.84616873
113.56904430 97.17498236 8.06347433
113.45239962 97.05214154 8.31107106
113.33575493 96.92930072 8.55866778
113.22518548 96.80048476 8.80566952
113.12885302 96.65766639 9.05127691
113.03252057 96.51484802 9.29688430
112.95137498 96.35984367 9.53981013
112.88501412 96.19297602 9.78012539
112.81865327 96.02610837 10.02044065
112.78454213 95.88083011 10.28035401
112.75343212 95.73756095 10.54209116
112.73824050 95.60099303 10.80842357
112.73230101 95.46832003 11.07742686
112.72492714 95.33937408 11.34815704
112.71575414 95.21510292 11.62105321
112.71078806 95.08988780 11.89353053
112.71757133 94.96203638 12.16483802
112.73398288 94.81981255 12.42775414
112.76023922 94.66289312 12.68209018
112.78649556 94.50597369 12.93642623
112.83605663 94.33545755 13.17803310
112.88807658 94.16350683 13.41829692
112.92761264 93.99435003 13.66238972
112.95024382 93.82897658 13.91166746
112.97380012 93.66435541 14.16132244
113.00760138 93.50806526 14.41515501
113.04140264 93.35177511 14.66898759
113.06332437 93.18833911 14.91932851
113.07725080 93.02009372 15.16731945
113.09117722 92.85184833 15.41531038
113.08064189 92.66576729 15.64865596
113.05252923 92.46687019 15.87147791
113.03518961 92.31681116 16.12995246
113.01891363 92.17157394 16.39194702
113.00263764 92.02633673 16.65394157
112.94324711 91.89192934 16.91475739
112.87551826 91.75961643 17.17534524
112.80778942 91.62730352 17.43593310
112.75911673 91.48763005 17.69686054
112.71222455 91.34726885 17.95781972
112.66463309 91.20734551 18.21885177
112.59807601 91.07929764 18.48186043
112.53268250 90.95049130 18.74474955
112.48024810 90.81323751 19.00630738
112.41998981 90.65304939 19.25059200
112.35059614 90.46608255 19.47470797
112.28120247 90.27911571 19.69882394
112.19095507 90.08302774 19.90407285
112.07022528 89.87360719 20.08174332
111.95931417 89.64794501 20.24454868
111.85295258 89.41475722 20.40046624
111.74659098 89.18156944 20.55638380
111.69527492 88.95971248 20.74953169
111.65412968 88.73994913 20.94955867
111.61298444 88.52018578 21.14958564
111.60540636 88.28300044 21.33136392
111.61005728 88.03946801 21.50649394
111.61470821 87.79593558 21.68162395
111.59559151 87.53813859 21.82885554
111.55344977 87.26652271 21.94906031
111.51130802 86.99490683 22.06926509
111.47983425 86.71713314 22.17678434
111.45828553 86.43363047 22.27250149
111.43673680 86.15012780 22.36821864
111.40954744 85.86118325 22.43989140
111.37675924 85.56683713 22.48769790
111.34397103 85.27249101 22.53550440
111.28908048 84.98000266 22.56832447
111.25347092 84.68290456 22.57934750
111.22686083 84.38416500 22.58614806
111.20253958 84.08557215 22.59545717
111.21067879 83.78906018 22.64034276
111.21881799 83.49254821 22.68522835
111.22751264 83.19706199 22.73576548
111.23718013 82.90337231 22.79620092
111.24684762 82.60968263 22.85663636
111.26801604 82.32035810 22.93303560
111.28937068 82.03110423 23.00969331
111.30882619 81.74204659 23.08749920
111.32309700 81.45352463 23.16843970
111.33736781 81.16500266 23.24938020
111.31849203 80.89814117 23.37995747
111.28828522 80.63868423 23.52750289
111.25807840 80.37922728 23.67504831
111.18859056 80.14066432 23.83570230
111.07438097 79.92588932 24.01128048
110.96017138 79.71111433 24.18685867
110.84160494 79.51015872 24.37188189
110.70373976 79.37041629 24.59874195
110.56587458 79.23067385 24.82560201
110.43061862 79.12292524 25.06834152
110.29775023 79.04445240 25.32561142
110.16488184 78.96597957 25.58288132
110.02338500 78.92255132 25.84241137
109.87702632 78.89886946 26.10321494
109.73066765 78.87518759 26.36401851
109.60862038 78.92495801 26.62841671
109.49760023 79.00804475 26.89444536
109.38658008 79.09113148 27.16047401
109.29916886 79.19721277 27.42366398
109.25139622 79.34190117 27.68208791
109.20362359 79.48658956 27.94051184
109.13747432 79.64950832 28.17875836
109.03174169 79.85169537 28.37354264
108.92600905 80.05388242 28.56832692
108.83148806 80.27695241 28.74412446
108.74183551 80.50909043 28.91167738
108.65218295 80.74122844 29.07923029
108.57748276 80.98560137 29.23567128
108.50963781 81.23558368 29.38701775
108.44179287 81.48556598 29.53836421
108.40049352 81.73980264 29.69162712
108.36536227 81.99502784 29.84533533
108.33246978 82.24960183 30.00019919
108.34178112 82.49189947 30.17684876
108.35109245 82.73419711 30.35349833
108.36199459 82.97747665 30.52825439
108.40804558 83.24245120 30.66117326
108.45409657 83.50742576 30.79409213
108.50076997 83.77275940 30.92576836
108.57180979 84.05215078 31.00879670
108.65509480 84.32959340 31.07995131
108.78101524 84.60025083 31.10976384
108.90693569 84.87090825 31.13957638
109.03639341 85.14024276 31.15806652
109.17473672 85.40625411 31.14811497
109.31308003 85.67226547 31.13816343
109.46769628 85.92643891 31.16976158
109.62606380 86.17788344 31.21093787
109.79020600 86.42446923 31.25728734
109.96155755 86.66498919 31.31009519
110.13152020 86.90366083 31.37309802
110.29920521 87.13930140 31.45281962
110.46689021 87.37494197 31.53254122
110.64799214 87.59566176 31.62229885
110.84051600 87.80367938 31.72060022
111.03303987 88.01169700 31.81890160
111.23139084 88.20551300 31.93261563
111.43172908 88.39448567 32.05158602
111.63206733 88.58345835 32.17055640
111.81957759 88.77195987 32.30884593
112.00271492 88.96030078 32.45372116
112.18365314 89.15267965 32.59600267
112.36399080 89.34616126 32.73757587
112.54432847 89.53964287 32.87914906
