#spline3d 5 120 5 120
123.11543797368172 86.714813119637029 2.5194381316943626
123.23288273979047 86.331618217803396 2.8549043689847231
123.34349886956099 85.945911299305266 3.2583739619888901
123.40857993130827 85.574430788379189 3.7078078129455907
123.39032762113237 85.23337109385443 4.180473216048096
123.24558888127142 84.943115941575527 4.6599571249942668
123.07042575216725 84.687985847303082 5.1506876890735418
122.94857115002617 84.430895926602105 5.6550172799807701
122.81205903380294 84.142823880687359 6.1422410970615555
122.56300741279431 83.874427561337015 6.58922776550311
122.2404485732831 83.658061628258153 7.0265637639897314
121.91883295606407 83.412484205104718 7.4403065055739974
121.53052685358961 83.107386009137088 7.7444995150009097
121.07108997560526 82.859764753255902 8.0083160089155836
120.59795774450679 82.60596697249045 8.2245314650712711
120.10232075615423 82.325508475604266 8.3321049299425436
119.5706238285839 82.100617277093917 8.4026275896302351
119.04446868236741 81.866491105441312 8.4436658857313311
118.53376486160411 81.593477804066268 8.4452289575246695
118.02104344859698 81.323195883751907 8.4418103004214142
117.52281049982959 81.029655952073611 8.42922079526085
117.04502230102011 80.701868032617114 8.4120927661105611
116.5313866471143 80.43762838652647 8.4592939995991543
116.005492575589 80.195460280110211 8.4792521958625127
115.48930579698724 79.947640727635076 8.3774527870637332
114.96116762886872 79.745433042087086 8.2487951254864029
114.42917824128389 79.545955102455196 8.1432363583707588
113.90116896223365 79.320483257840749 8.0676509152792555
113.37102572098765 79.103654900343443 7.9839254854253969
112.83462108775713 78.902214710821013 7.9047318401940432
112.30018503638561 78.688140214740315 7.8434677637974328
111.78445269291846 78.427833909770243 7.7864755777567911
111.27541506950297 78.153833975916299 7.7898882324196999
110.76679984522823 77.886727270456248 7.873462253175159
110.27608547182682 77.598324935779715 7.9792371533079729
109.79392523168079 77.299217078503531 8.0915472568395668
109.32116176552583 76.999573498303178 8.2406542414592359
108.85479126856909 76.708730707405408 8.4278187957036899
108.37272546566417 76.486716135257396 8.6558551042682019
107.90827270886504 76.265512011832328 8.9233178779347355
107.4748143834601 76.012232517608396 9.2188485566533842
107.11073514612254 75.765295042987731 9.5960234775846427
106.8132939150464 75.506143506639248 10.022814893031439
106.52749586283922 75.248171782084995 10.454550230682619
106.2567456696147 75.003263929110389 10.904084834584259
106.02390265595466 74.775760407430596 11.382327092662193
105.80733875814012 74.594203172620482 11.888593025780599
105.59871275457721 74.449145183929801 12.411366439551129
105.46974757909396 74.324853492278692 12.9609645126651
105.39478770246502 74.226699444830288 13.528168663696803
105.30018200810524 74.147654278040747 14.094608019749119
105.24543676552953 74.104304248213509 14.66837876913125
105.24975455583703 74.076341842977044 15.248486148716347
105.24710536771192 73.982893125138943 15.819157263576487
105.24356682401611 73.858083781619158 16.385310240278852
105.21502240004554 73.759884152376458 16.954717327253089
105.14235950776622 73.657136078820713 17.520228827525447
105.03578838309994 73.566177247290867 18.082131097974862
104.88687422507606 73.51457402759668 18.642385042085902
104.72685038719359 73.375943242479622 19.178221575751689
104.58610568465853 73.156082379140386 19.697933753204502
104.45777929298295 72.956790019098634 20.225716148237602
104.30719956227439 72.752622105465008 20.746673949096362
104.17848184909911 72.483779600121224 21.244636626890014
104.09811360507706 72.135365964280666 21.704036386257005
103.98886634506734 71.741217000087246 22.113793207516359
103.86718858543219 71.322895125869294 22.493860472624572
103.79447485276815 70.869850873160473 22.852333092654391
103.66260272031504 70.371642146483467 23.125856571016687
103.5927379550334 69.820330098531755 23.287610945717695
103.61153372121326 69.250352763518379 23.410768921848874
103.65608520963309 68.688175459873932 23.537782300884928
103.68998427086787 68.120336964239428 23.63679134345222
103.72525710845613 67.547235088885188 23.722667585813085
103.75446099816008 66.983999333380567 23.852528797128588
103.73470462055707 66.437182795078016 24.043156191710192
103.69277253057901 65.891318190308994 24.232716510753633
103.65103720748584 65.340109567355597 24.40292458878206
103.6180571913246 64.78226186289173 24.554820525622564
103.56992448220751 64.218876370035758 24.677615679577208
103.49954529301175 63.655089602631115 24.789577548930357
103.48228145985605 63.102483017255587 24.968476593007669
103.55083457519044 62.572282592577778 25.215425783513087
103.54962401633308 62.121124039558019 25.572491742112099
103.42270262387676 61.732436229826007 26.00166178224546
103.21577314786087 61.430246553583224 26.463017604914697
102.93157046620361 61.315613101146013 26.960368190635812
102.66350541006462 61.376306137396924 27.478439616123008
102.43762937791956 61.48485535117311 28.007021123920513
102.27093928911276 61.66610628433645 28.528749572868318
102.16608198442712 61.952078461075658 29.025352757813426
102.0593852588613 62.272992056122476 29.497163809387501
101.97580996770803 62.609847880717915 29.961490295547303
101.9780753039043 62.989918042400717 30.400475014657015
102.01338008620428 63.438994688750462 30.767244609161889
102.04696918938383 63.907046910884041 31.10855339126956
102.07474756660052 64.405886363617256 31.402405043168681
102.06930904422795 64.947104463904921 31.612064467692512
102.03915889911549 65.507990634761143 31.762710675492308
101.99532894863619 66.074228859291438 31.870265440863797
101.9441711995667 66.64752987228492 31.929084469626595
101.92081844156156 67.226770185426133 31.969488347531271
101.95798177809731 67.804513673651172 31.997017843403892
102.09213264174841 68.367144243020661 32.03776772296105
102.27831249643705 68.918389725968851 32.073690523806981
102.48732179943421 69.455258479163291 32.032944326708915
102.724521288836 69.974461860561519 31.926321590730083
102.99494885357163 70.484804968773844 31.887006236136518
103.29560411013347 70.983589227378303 31.898921726768908
103.62435482500163 71.453045086482305 31.975670361792297
103.96475145193997 71.901351630294627 32.124219845370455
104.29793530077986 72.324702976955692 32.334889123146766
104.62541428000966 72.71687105470771 32.61358770807022
104.93872504985708 73.067495161575977 32.951567048269908
105.23300689088293 73.367172523006502 33.352575772825432
105.51561959383119 73.628082944994887 33.788103140922509
105.82277177614704 73.822649272763826 34.237287067265378
106.16510632565635 73.972836834654103 34.68116582382185
106.53062303097039 74.145417956967549 35.097323600130942
106.90974936650355 74.401723242451908 35.464019621042212
