#spline3d 5 120 5 120
76.056967555796547 109.39811638487117 3.0792992024229515
75.772699219280739 109.39949185152506 3.640265117980138
75.453634389876513 109.3645795984975 4.2165079958711713
75.109147541749763 109.29272162846573 4.8054057682480922
74.748612834602994 109.18325999914822 5.4043365085156685
74.381407941913508 109.03553649488593 6.01067673937108
74.016974923683279 108.84889159886191 6.6217761496944272
73.664993351867025 108.62267408320949 7.2348938521978763
73.335646854326797 108.35630554243787 7.8470603589984407
73.039731542611861 108.0493822822059 8.4549328558296288
72.788577112741621 107.70194338706312 9.0544687935950865
72.593466520364274 107.31463543591737 9.6408157457554839
72.464662578552876 106.8890236410914 10.207983630611967
72.41033802163895 106.42756463819836 10.748900313699528
72.435488863052612 105.93353758998055 11.255520481977211
72.541012252917739 105.41089993754285 11.719282798861054
72.724004484158911 104.86414789428107 12.131819015606835
72.977891737014815 104.29854975181067 12.486122057314368
73.29416068646195 103.72026856600337 12.777301545937835
73.663615255192553 103.13669959623438 13.003718262813168
74.07783114426887 102.55625797900763 13.167032451949833
74.529919675182782 101.98792405995712 13.271991979284087
75.014830916210627 101.44030016821972 13.325784152730497
75.528832463062926 100.92072824532879 13.336878595743258
76.069046473808442 100.43400672462681 13.314200578101175
76.632749817175764 99.982141708767614 13.266426655263691
77.216990707269559 99.563784208092756 13.20167667715388
77.81844261570815 99.174716590133613 13.127568063973118
78.433493497698834 98.808517405308294 13.051379920548971
79.058508392554785 98.457536975580354 12.980114644133959
79.690124611676111 98.114145820309076 12.920451509374422
80.325621870970195 97.772082679665473 12.878419422581951
80.962953985994602 97.427171588696723 12.859291845684716
81.600678702050857 97.077919837853628 12.867541173073047
82.237501806433528 96.725173051443861 12.90720015117137
82.871764659502333 96.371378500504093 12.982277116359203
83.500782514533142 96.019657283314146 13.097103188315476
84.120666107218341 95.672862562448898 13.256313185933553
84.726006857861023 95.332769036804123 13.464575299985782
85.310307436727058 94.999872306094829 13.72603582033085
85.866371267644055 94.673328501157613 14.043605784856217
86.38695074826181 94.351304727766177 14.418309386244504
86.865199250597882 94.031414952520905 14.849041581183188
87.295075706716403 93.711246907006782 15.33229383248986
87.671311126770689 93.388860493369734 15.862843625920803
87.989529852036654 93.063474807593835 16.434039718890038
88.24610017941373 92.735888017415874 17.038680779794841
88.438259175360614 92.409126912520293 17.669657254515165
88.564463109647363 92.088950811663409 18.320643851175909
88.62481769996316 91.783812614390399 18.986427650118358
88.622288954810344 91.504918225559308 19.663265758001941
88.563086972162694 91.265100792402336 20.348589671947078
88.458072626579522 91.077768017308657 21.040921813928868
88.322536109619563 90.955027359084781 21.739288515508679
88.175958659716841 90.905707420589209 22.442721019398938
88.040755631709075 90.933043072416012 23.149629255457203
87.940411669509217 91.033784566015669 23.857434574395128
87.897251964269572 91.196272717447556 24.562034683533795
87.930637174654493 91.40191332092931 25.25787915146368
88.054433857067565 91.625365317964707 25.937720271534154
88.275827932824441 91.837424549389809 26.592915801645844
88.594219668762236 92.007566315522581 27.213685333635883
89.000671608874413 92.107233418124721 27.789578618286356
89.479325180861224 92.112080173875171 28.310031404320675
90.008002829299386 92.005142868008022 28.764967427856067
90.561158737276784 91.777143360450978 29.145156891589213
91.111905948325685 91.428393855691965 29.442681962844517
91.634646309473993 90.967869070939116 29.651063143236431
92.106915546854353 90.412509408369417 29.76544922818265
92.510966087702556 89.785800415945815 29.782940919276026
92.833687253023214 89.115157041247514 29.702622784756965
93.067131646186652 88.429793839642429 29.526313672491039
93.207104017263021 87.757998045266035 29.258572012600585
93.252764053337813 87.124427466423683 28.907501544460871
93.205456857252756 86.547996877486128 28.484715988485348
93.068116775829395 86.040254117316806 28.005218961488392
92.845068022421998 85.603725097935097 27.486939712516392
92.541971230450031 85.232818839198856 26.949497730122868
92.166502989604723 84.913309259179542 26.413135083116028
91.728493027047151 84.625138434317094 25.897486328776552
91.240498347112393 84.344050847900874 25.420524673607545
90.717612862766458 84.04492170419762 24.99800672045388
90.1771368390297 83.704556181571249 24.643267742503252
89.638089172389456 83.305084614901304 24.367038791833142
89.120356147656125 82.835274688181116 24.177914989810208
88.644034424202744 82.293313443688234 24.082086638926228
88.228707444255789 81.685943444487108 24.083635358424097
87.892678152055836 81.029091430700376 24.183934118378993
87.65216206414992 80.346111838594709 24.381114175168438
87.520452874651539 79.665946888197155 24.669403630753816
87.506294006666778 79.02100656224701 25.038028627329521
87.613393349191327 78.444387012220503 25.471796746167154
87.838247982269451 77.967033083960047 25.951146808625772
88.170320577082762 77.615428416741167 26.45438874433216
88.591083056274442 77.408713857586179 26.959900458717279
89.075089137143365 77.356827680996176 27.449090265330611
89.591754411257966 77.459640975299664 27.908655840461964
90.107913480974119 77.705575733768768 28.33326771480942
90.591143817729332 78.073848579587931 28.725159930969738
91.013847560861834 78.534634863428892 29.094928954033165
91.355876815677064 79.052916577815765 29.458556768465357
91.607771382249581 79.591254472078731 29.835152347708163
91.771527799456891 80.11399285701826 30.243308030494752
91.859422611146329 80.590602650916622 30.698337647404767
91.892017029739705 80.999805224353935 31.209386865407506
91.893230116493555 81.329778951821439 31.779516606654546
91.885833406747167 81.580078820941651 32.404943405492546
91.887347198140759 81.75851621521339 33.077356724787215
91.906815575721254 81.879088746801443 33.785440011751064
91.94412503349777 81.958254394066785 34.517082013384616
91.991368523596449 82.012218473291711 35.260787653532738
92.034439032211012 82.054715826353942 36.006729878540341
92.056128883470933 82.096647320457421 36.746697541564934
92.037585141367344 82.145610898655022 37.474163765314962
91.959675224459033 82.206949721336187 38.18362188245441
91.803332517232306 82.28441945761746 38.870201369841752
91.54960491944756 82.381066742974411 39.529266951280363
91.179575049233009 82.499735881153967 40.156238058159175
90.674328157266899 82.643258512399754 40.746535765460528
90.014949143667536 82.814467601970179 41.295581143165819
