#spline3d 5 120 5 120
119.85346755171844 88.963496689042984 5.6177600572219326
119.96855119845777 88.825406676319417 6.1516851532291099
120.04885265806654 88.665902614158412 6.6767978651444304
120.09390716364614 88.486355390256705 7.1915474238975285
120.10324972934315 88.288135860085205 7.6943829894529037
120.076418555708 88.072615302569062 8.1837547136667865
120.01299040196767 87.841169669026314 8.6581245255266914
119.91269932774921 87.59519656647106 9.1160037698206704
119.77558566437538 87.336151755571791 9.556000683534597
119.60212326900665 87.065595184761264 9.9768541153992398
119.39335416797365 86.785248342186748 10.377438500605141
119.15088648934112 86.496995792926626 10.756666305974388
118.87684280825245 86.202767861490926 11.113248721630686
118.57372850600945 85.904371127122829 11.445481672421732
118.24438136483661 85.603281279038825 11.750985527053825
117.89189070474814 85.300454190642029 12.026573636492008
117.5195367292046 84.99626832271106 12.268372106223762
117.13070560938962 84.690654569812068 12.47224982059087
116.72879253435562 84.383313382547655 12.634339088615137
116.31706645819101 84.07395908131538 12.751741403331035
115.89850132890504 83.762589679951816 12.823222023719069
115.47558775771471 83.449650262791636 12.849772345890711
115.05024980312544 83.136016912345752 12.834592508323098
114.62374838468519 82.822937910289113 12.783084672685451
114.19665723985648 82.511858844282088 12.702488785855751
113.76896251834833 82.204180480624288 12.601162036809194
113.34022038475162 81.901039379998366 12.487723922407096
112.90974379055862 81.603218256869155 12.370366208097794
112.47673001588333 81.31104198480206 12.256148476734554
112.04040502863711 81.024401454220566 12.150534191216465
111.60011001786084 80.742801934406174 12.057259273525466
111.15533989571632 80.465462100449628 11.978626563751885
110.70576294336253 80.191412030139631 11.915826727574201
110.25123512059724 79.91965463541446 11.869372652875592
109.79179774412992 79.649392133280543 11.839648373686037
109.32775420991909 79.380262882456321 11.827410536704706
108.85974422360043 79.112426822248239 11.834038678131561
108.38893306405782 78.846736404165185 11.861812654451407
107.91716903073588 78.584803873524237 11.913953934943949
107.44709728630498 78.329036612357228 11.994487437167693
106.98212745291902 78.082512161876096 12.107892145366058
106.52631998192795 77.848765180233713 12.258706818827708
106.08422218207342 77.631467822743545 12.451000899456522
105.66050652695064 77.433932054237673 12.687778549577063
105.25948212367214 77.258560567929877 12.970345895976253
104.88472797179124 77.106596770485453 13.298145588775821
104.53869707232029 76.977817219922173 13.668493683075168
104.2224912904999 76.870459563065523 14.076742867327962
103.93593841760281 76.781421832498822 14.516831499235547
103.67789050742851 76.706699006621449 14.982058172597215
103.44661440802166 76.641931137709889 15.465779659564939
103.24003914844334 76.582953699304781 15.96206624528576
103.05597312416381 76.526408729097909 16.46618457920173
102.89205915905487 76.470189920310872 16.974791571595325
102.74564363727598 76.413502037842974 17.485763512194787
102.61362401955336 76.356797396344248 17.998011122007906
102.49236667566822 76.301432794468724 18.511184094698329
102.37789382694899 76.248976026815157 19.025295118101464
102.26646995363276 76.200402924382757 19.540447404711937
102.15516770229686 76.155676548910051 20.056693010715914
102.04265124302299 76.113277052423555 20.573953401734187
101.92968452944302 76.070211692171526 21.092005602798903
101.81917855189585 76.022369549099153 21.610485722640224
101.71562003810442 75.96513876749421 22.128889431186423
101.62436367418661 75.893966208507919 22.646563266129878
101.5507543546597 75.804940523481136 23.162687529539546
101.4992032565992 75.695174440181432 23.676294274154934
101.4724372873995 75.56293112286879 24.186308795472744
101.47127637147375 75.407423600247526 24.691604975173856
101.49424474207771 75.228702258877846 25.191037623170381
101.53757887229125 75.027347280500294 25.683448517969254
101.59557971554626 74.804119307621363 26.167597008126812
101.66136417480531 74.559618445288379 26.642018679229103
101.7277113627521 74.29406343561746 27.104896093538969
101.78800209833416 74.0070819731434 27.553880566613589
101.83715164795524 73.697693548390248 27.986039493154266
101.8721611213719 73.364481533552166 28.397978312026723
101.89191016700367 73.005926868560081 28.786168526173292
101.89677879591086 72.620802464028657 29.147373733344189
101.88776927379445 72.208754252344875 29.479308506377244
101.86540352016434 71.770960509293872 29.781391766927168
101.82886132151449 71.310906917783981 30.055575547116895
101.77586427057336 70.834648694606514 30.3065567831019
101.70270152942797 70.351505033829866 30.542359247146802
101.60512767186145 69.873865005437267 30.773837488550953
101.47966601719007 69.416553431825278 31.0135593787289
101.3247983876073 68.995453716977721 31.274011932130954
101.1417492150056 68.626155374925858 31.56597419933366
100.9351067807527 68.32231547015553 31.8966949134484
100.7124853021556 68.094334783007383 32.268899268284009
100.48369782629231 67.948399311855539 32.680580208538764
100.25957517098242 67.886576019401645 33.126023962281373
100.05097284270616 67.90677781983878 33.596731371410179
99.867668039763458 68.003189073557849 34.082856381724469
99.717617462719687 68.167234451306385 34.574648062449555
99.606529264311902 68.388660608892636 35.063536250143045
99.538129945062551 68.656646878175053 35.542460456269012
99.514163323277415 68.960662169896423 36.006218496723214
99.534950797205454 69.291211087519514 36.451203438036032
99.599942212578654 69.640050545654347 36.874980937667615
99.708267014371515 69.999916298121448 37.275799882701577
99.859116518571838 70.364093820658596 37.652282765177198
100.05205552476762 70.725847774161977 38.003262697351424
100.28711596536293 71.077845121777131 38.327804211830859
100.56455138490659 71.411919164228493 38.625462257848987
100.88442169531845 71.719322209679973 38.89647202364953
101.24605408670887 71.99115070188941 39.142040445727133
101.64745791145499 72.219180828729378 39.364461860379294
102.08494511371258 72.396754187090693 39.566997860397507
102.55310010509872 72.519328548056535 39.753531138383885
103.04501433681685 72.584510547188003 39.928212486390422
103.5524484839075 72.592043737002072 40.095166467620352
104.06624568676001 72.543194909919137 40.258293978223179
104.57665500144691 72.440123152530902 40.421250656787834
105.07360386605185 72.285379264012477 40.587517633675716
105.54684419944518 72.08166004017535 40.760464587533967
105.98606403116723 71.831679896589478 40.943418488087509
106.38094006226773 71.538155436286402 41.139701591482812
106.72114844333547 71.203803595683212 41.352636045124953
106.996365348954 70.831341281020201 41.585544004462648
