#spline3d 5 121 5 121
121.52597958963604 85.808484183673556 2.8635942141496233
121.32905080592474 85.244685913573946 3.2145811919599701
120.97434379568435 84.947204753910441 3.6071060536743076
120.55340471822271 84.769795058714422 4.0224772304197902
120.16160758481472 84.560248488224957 4.4416807606205433
119.86525433767964 84.209576886177729 4.8465472924307136
119.53980529839133 83.825115761158656 5.1963080353287676
119.119386829242 83.464821588029253 5.4621412084043826
118.67692681810105 83.083014835397478 5.6412955796033684
118.22311036163903 82.687405628462002 5.7451414279492941
117.75415975838818 82.295604687404406 5.7953313489046048
117.25940542658198 81.969690268395524 5.929157808762036
116.75886901190165 81.670849365731257 6.1209320633309625
116.31374887204558 81.262807411305531 6.2321167522291976
115.87545692130578 80.834267049360591 6.2452986471860488
115.3994773604326 80.454194161073374 6.1485064958032325
114.89934751627527 80.109549433654337 6.1339088523133807
114.42163480189247 79.751493978686 6.2838966362436395
113.98125419137558 79.34571290673199 6.4093203384648003
113.48497006532685 78.999765419781482 6.4750505358566102
112.96581322408895 78.676748278273038 6.4970334103865843
112.44983387154326 78.350506932075987 6.494581023297223
111.89998658294425 78.087374491690525 6.4868480240088058
111.34512470750929 77.842755213714909 6.4141758109264
110.81467613332376 77.547727793368921 6.3315785249460728
110.31394142248506 77.198127179344326 6.3172900746840579
109.83476717758636 76.8235205136112 6.3858542662728492
109.32803799169034 76.489625723876344 6.4388274483717849
108.80203781362131 76.183722797424124 6.467750076416281
108.28316965236594 75.862142531715747 6.4895938292175002
107.75149014648116 75.557729207767764 6.5228465945286462
107.21694802088891 75.30765445469423 6.6708314193807832
106.68898930848448 75.092213123706117 6.8977089806793019
106.1533788427558 74.897965390752759 7.1175683947297417
105.62345213031199 74.744028401529235 7.3765069166162123
105.13883462624293 74.607608384222061 7.7251505318772855
104.68726239536183 74.481505415443635 8.1185109529520769
104.26886696326061 74.386961582552416 8.5519972503699382
103.87357454973632 74.325585206961577 9.0123635702688478
103.46557282540087 74.309576332763911 9.4652233120124585
103.06074315738179 74.29023212091073 9.9256283593456285
102.73600832606353 74.211670647780664 10.435982631195694
102.51431163269473 74.140547729896014 11.002889108886338
102.32058413929475 74.115543948383632 11.584984933957699
102.21304829666809 74.117967005727024 12.185864261319846
102.22249306946512 74.107525678565523 12.799939414986554
102.27185706483654 74.006692373475488 13.401412584001472
102.33560891737079 73.8577664278979 13.990707710886435
102.47061493752345 73.697595260324121 14.563578488639557
102.66031903086235 73.543299482348061 15.122753850955871
102.88678435560387 73.394269437658181 15.6698577745797
103.11876931829714 73.207603930043419 16.202733315124686
103.37037358988594 72.957881875689296 16.699167175160095
103.61048913667447 72.693167253034915 17.193657507720388
103.83719641000816 72.427133963684838 17.692429228453719
104.06176215407571 72.136441244473502 18.18052393530812
104.26588015048122 71.793044774778878 18.644478342563396
104.47067079234643 71.372124956209788 19.03750503129012
104.7016120257651 70.903426708755319 19.358222192272894
104.97075478015977 70.418878053216119 19.611105740935475
105.22757768452995 69.911177881070742 19.830789273729298
105.44809369498884 69.370056528088682 20.018033921193545
105.64462388982723 68.794362109367597 20.101912154361152
105.75665212296428 68.191988763204407 20.075922530519097
105.82279975590305 67.589761442113797 19.984978821063606
105.98530242163471 67.020747632003918 19.842331264002805
106.17676499666965 66.463320047882348 19.676120192161491
106.34669659224642 65.905508723732154 19.49806062397403
106.51982067066407 65.372036293311069 19.259951854137903
106.68183519870249 64.848176852430896 18.984401720144888
106.76316697958872 64.285885891616061 18.76544435299078
106.77981785495092 63.689001467999233 18.61288032605388
106.80190002502759 63.086520552549722 18.517970737890607
106.80287868940019 62.476774886686542 18.555596526961242
106.73721252680367 61.868008543550644 18.628810390332756
106.60138369232901 61.294752357948191 18.786134885218296
106.4240222853004 60.775647108714161 19.074279249562043
106.17990666772975 60.359604048977907 19.450631238251479
105.85328167070146 60.044793180389711 19.874888414852261
105.46391095669718 59.86369813263061 20.310136327355515
105.04594407113761 59.808961510212761 20.759138008217462
104.63635451637258 59.847665999940261 21.212110117094269
104.19593454945797 59.952164650900869 21.6202449715455
103.73254876287282 60.108356690214237 21.987090068520654
103.29289078207556 60.316914131670323 22.359679479486744
102.84215554952283 60.58479099309595 22.670111751654318
102.37690830818674 60.898940914224021 22.912905614305132
101.91462696692724 61.209978557098339 23.16181220856636
101.44475254016425 61.531591042975201 23.380098448269912
100.99801539793793 61.909410472617438 23.558168166344689
100.62107141478145 62.33201257202024 23.786523761461282
100.29361904990309 62.777662511846223 24.047847952036328
99.981582689575006 63.242695441666413 24.29211022113482
99.713175015738159 63.741716205228435 24.513480458428898
99.490397642861211 64.26833750152386 24.727893586876522
99.275246573026905 64.8013402593824 24.94062307914287
99.164445648772102 65.358961526708072 25.166944602742291
99.18551700900818 65.925337902759793 25.404953896590641
99.269265489177926 66.488230592832267 25.624539497033126
99.368698923190109 67.034788651275107 25.879686928784551
99.543973652248255 67.568829923577212 26.123255186812727
99.848654506571052 68.070420903626371 26.309991809718149
100.18797156751658 68.496395134105057 26.586251958438972
100.52550078877327 68.867208234466815 26.938341304344195
100.95848062282147 69.162831525394267 27.258712093116131
101.44735998685788 69.39585408035299 27.553947190800805
102.00064364573024 69.528969947928118 27.756604113865638
102.5936354075909 69.644570032592512 27.90312831918876
103.17016201078393 69.679880049323998 28.104105735150963
103.68755279817692 69.512201589078956 28.397105985728256
104.1852619070998 69.286972041720645 28.678970358428074
104.66771296477586 69.044433296988075 28.952502606554674
105.13412020522249 68.774429144436709 29.247140017936353
105.53680228746376 68.462706395408162 29.581470425186634
105.85373512128319 68.086908049454607 29.947041615955911
106.15350668744055 67.697131457705694 30.308950875789257
106.44339961782879 67.323279142009852 30.691383336591503
106.71874004382936 66.977245639919829 31.115373972386063
106.94965190700754 66.664482387722799 31.587013232495195
107.07785886075976 66.411104646494294 32.136878459583684
107.04833074839826 66.240930860784374 32.792723047554489
