#spline3d 5 120 5 120
58.749681717279515 88.893215356751639 2.2005661665749447
58.845295049908842 88.540279644198733 2.8236599286549531
59.004402717422771 88.176258464701945 3.378755986319784
59.222631430576847 87.805324489537654 3.8688973640401936
59.495608295367184 87.431650576138139 4.2971264841887198
59.818956491062949 87.059407140822785 4.6664917747112042
60.188262135040588 86.692722416661439 4.9801000189856195
60.599006635663862 86.335544466875049 5.2412296822350344
61.046491745119454 85.991389505496358 5.4534817772322572
61.525805778607683 85.663030860926327 5.6209285510817493
62.031870649215826 85.352224755838805 5.7482165209866976
62.559573907927067 85.059555739770502 5.8405821102990023
63.103963692014077 84.784447026701201 5.9037334129985659
63.660474143290323 84.52532620637821 5.9435676446180938
64.225132446324352 84.279897739178693 5.9657575698686118
64.794692243382428 84.045431568212408 5.9753275408046393
65.366661822940088 83.818996065094453 5.9763621236991264
65.93923378337972 83.597616238384887 5.9719441100285104
66.511156341552535 83.378393444522686 5.9643372598753759
67.081600555357298 83.158648443342742 5.9553449484046102
67.650061710700768 82.9361193069969 5.9467164578413385
68.216300552924224 82.709182631452876 5.9404748173555904
68.780295928516182 82.47700736305724 5.9390945948424889
69.342170543024039 82.239547049580793 5.9455148432595628
69.902064232183719 81.997327435640798 5.9630123353330058
70.459966032959571 81.751085517244221 5.9949802977788114
71.015548072064831 81.501397071552375 6.0446668749010479
71.568055376466731 81.248445226106867 6.1149430225106389
72.116269624343431 80.992005248882847 6.2081617585942492
72.658547731736363 80.731653660830858 6.3261592561944191
73.192919929998737 80.467125185236043 6.4704120648981371
73.717205447926688 80.198662312959016 6.6422598672726183
74.229132241344814 79.927235017961181 6.8430762386899655
74.726461416789036 79.654582303246144 7.0742965293116331
75.207115609317341 79.383079388025081 7.3372833149888335
75.669290957897104 79.115459163955876 7.6330807728932779
76.111528926493961 78.854449154934272 7.9621481580515239
76.532742206383645 78.602422372978552 8.3241584154356829
76.932198285003821 78.361156245261995 8.7179207632095821
77.309469483217526 78.131754788776419 9.1414428493149611
77.664359008442105 77.914729064870073 9.5921040182983148
77.996800119518454 77.710173625114763 10.066893924157609
78.306720353740147 77.51794693646535 10.562669736688127
78.593882932775742 77.337792644784102 11.076394591968018
78.857752255382422 77.169390591066332 11.605327493415203
79.097451205592975 77.012368191377675 12.147142650760701
79.311858418990752 76.866316956214021 12.699972060071987
79.499831642677933 76.730837446800138 13.262382789547098
79.660482958729332 76.605643497219518 13.833325293627153
79.793408802067987 76.490769783109243 14.412092784312403
79.8987856123412 76.386840864172214 14.998300539390856
79.977270569739076 76.295230358455754 15.591849633763822
80.029704288980994 76.217942875392623 16.192833614294873
80.056646224759703 76.157053221987212 16.801324431414823
80.057902301925694 76.113745669630617 17.41701807077985
80.032240948954993 76.087163254652424 18.038761621537226
79.977450428015047 76.073393164680596 18.664036543428683
79.890774365823447 76.064889710001026 19.288500793414812
79.769656896345538 76.050547739977802 19.905716898690454
79.612636637479227 76.016477361888164 20.507176044542859
79.420185950032931 75.947409543159111 21.082695912838943
79.195287462640181 75.828541200104084 21.621207758843415
78.943585957927482 75.647517005263865 22.111867257122437
78.673006886210942 75.396069334240053 22.545295563295372
78.392941737363998 75.07102848835963 22.914792473161352
78.113207591598069 74.67436266260512 23.217234698064736
77.843075131939273 74.212468109128821 23.45363398125955
77.590580421115391 73.694802289100934 23.629185356360633
77.362268570491651 73.132325098539525 23.752835041701157
77.163304620546228 72.536146431485278 23.836554841470381
76.997881570765401 71.916635504410664 23.894374843457808
76.86973978971676 71.283145246540116 23.941373245393184
76.782634586911328 70.644299028531478 23.992687770542855
76.740575111289118 70.008647306251305 24.062617044447549
76.747715203698775 69.385431760371233 24.163815325430367
76.807852122313236 68.785214256198316 24.306584385492723
76.923620138361102 68.220116827997643 24.498287067468645
77.095606239524272 67.7035218796685 24.742939433805844
77.321614533833895 67.249245154418062 25.040993569262142
77.596338417828989 66.870307681186659 25.389415052229936
77.911549424117879 66.577541550788169 25.78208759874331
78.256802958225052 66.378323458300059 26.210546527926795
78.620561087982622 66.275687226315355 26.66497220167151
78.991508832854109 66.267938620556535 27.135265799999321
79.359795730581496 66.348845016037941 27.612048985004989
79.717939076486132 66.508405433354028 28.087464001091845
80.061233407108787 66.734080284010261 28.555698027151621
80.387614295773943 67.012267215025929 29.013180938022451
80.697055252395145 67.329778546083048 29.458478996312241
80.990650096879918 67.675075216780414 29.891932181015868
81.269619408769245 68.039116900471953 30.315100686501744
81.534473747666269 68.415804403701685 30.730072961893597
81.784483680068618 68.802039267119042 31.138738386699451
82.017515466381937 69.197426297993331 31.542171923917511
82.230223091428797 69.603653652348825 31.940275827273052
82.418518332049203 70.023618383353494 32.331758615496881
82.578161984210851 70.460442096474353 32.714456725449104
82.705303021545319 70.916547533398301 33.085855218606234
82.796838315387106 71.392942144832389 33.44370648100648
82.850533625355965 71.888823569911978 33.786562135906522
82.864954023491464 72.401533700976955 34.114086098826533
82.839297037696653 72.926819163907155 34.427063791766479
82.773192584605482 73.459328539302035 34.727091270502498
82.666501533136014 73.993224920813262 35.016046726409137
82.519138685967732 74.522770967657323 35.295537012126047
82.330980237825102 75.042764939938635 35.566528259705173
82.101930154869095 75.548761207338543 35.829306425323139
81.832180376321489 76.037060256623178 36.083825398978469
81.522623718389866 76.504503816137415 36.330374702693867
81.175287195410917 76.948157628557411 36.570347363863178
80.793662241658822 77.364983078858756 36.806874782836474
80.382828398660578 77.751573204101291 37.045142296058522
79.949354212382516 78.103994581442308 37.292344167133685
79.501012872653277 78.417746225187543 37.557338472000581
79.046399961528621 78.687828018074114 37.850133259758984
78.594560269949369 78.908885726031357 38.181367090120595
78.154715572637144 79.075376529032326 38.561926458332294
77.736127566348159 79.181695729874718 39.002753719257399
77.348060352870817 79.222232737057396 39.514794578126988
76.999777839055824 79.191377544924123 40.108994465610785
