#spline3d 5 120 5 120
61.045552347805199 83.060669116172789 4.6903476228639596
61.429510230187319 82.756181377642633 4.8948596561095075
61.831253718792937 82.466491597600907 5.065900994115597
62.248447412448229 82.189532702369689 5.2062628527431931
62.678755741355239 81.923237351001248 5.3187364894455866
63.119845266210682 81.665541426319137 5.4061125737377527
63.569408303791398 81.414418542936374 5.4711739599692386
64.02527368485633 81.168046897163208 5.5166621279899424
64.485517815096969 80.92498121147996 5.5452505627530728
64.948666588843679 80.684466694998378 5.5595087489279242
65.413861941950515 80.446699108314419 5.5619343622401978
65.880872484484129 80.212818710580819 5.5550686212453764
66.349991996950124 79.984708374800789 5.5416085863177038
66.82190464432162 79.764693631445041 5.52454745082344
67.297329321694278 79.55484951451291 5.5072276714567456
67.776737424548955 79.356478180400941 5.4932355140378419
68.260151391189012 79.169727781024449 5.4862555455098105
68.74699417954011 78.99331609287826 5.4898407629435892
69.236158590379915 78.824755965732507 5.5070984076847749
69.726231268287634 78.660918647701649 5.5405482691875072
70.215688107139229 78.498547664452175 5.5919681845345757
70.70315111215622 78.334932840796398 5.6623678698058804
71.187576347888083 78.168464172485997 5.7521392237220939
71.668241249482449 77.99865300258233 5.8613003425576062
72.14473629214622 77.826289110182955 5.9896409846465595
72.616795322566787 77.653215991236578 6.1369517479191824
73.084026958757406 77.48195336973815 6.3032410223221991
73.545734069396602 77.315303002054875 6.488846295636244
74.000668968032443 77.156047274246887 6.6946077188974815
74.446911628795874 77.006595011112907 6.921904399991492
74.881944093628576 76.868776976972256 7.1725087753354186
75.30285170564305 76.743764434255539 7.4483412368654749
75.706546698733078 76.631878073202216 7.751145772966356
76.090165361060116 76.532476464515895 8.0820055123325982
76.451325840162994 76.443910470707394 8.4410262608317055
76.788264753054918 76.36350724093721 8.8271465101897135
77.099921183240809 76.287525371255384 9.237954639202778
77.385726145111704 76.211394545011871 9.6698918666745968
77.645299979127458 76.130127927180595 10.118690457208412
77.878233916706833 76.038729131568147 10.57975176706719
78.083925404960809 75.932722309890593 11.048613034782774
78.261696038837101 75.808712327861215 11.521409160036432
78.411063972469421 75.664548014672604 11.995028709120417
78.5321106742757 75.499627091851863 12.467337005035484
78.625890072455775 75.314960191942092 12.937255351223518
78.694638616682482 75.112976035972878 13.404723549689194
78.741503361397832 74.897008876974354 13.870430044110877
78.770348427465549 74.670967379617579 14.335701103475172
78.785104729068891 74.43864440299501 14.802098463815295
78.789091311086068 74.203026044764457 15.270892271801705
78.784676892890502 73.965926648391218 15.742657095870157
78.772829901452184 73.727403953548375 16.21666374347835
78.753085412597684 73.485569218566184 16.69039502004777
78.723871254252288 73.236830267002901 17.1594214618598
78.682967241595591 72.976358320684199 17.617597525570151
78.628019963035442 72.698558736390723 18.057232859369911
78.557334643777466 72.397972294943557 18.469963211319094
78.470412490328144 72.0699683195906 18.847760617756194
78.3683796201327 71.711286153692384 19.183887273822663
78.254483278009459 71.320618633695958 19.474124602327009
78.134110909303459 70.898706398659613 19.717629586379765
78.01439132055917 70.448047378292245 19.917013069717854
77.903737021467563 69.97265471191669 20.078339300355474
77.811095281456872 69.477708738676185 20.210758801457537
77.744919930790417 68.969146246629123 20.325376338650955
77.712635946006372 68.45336005033397 20.433961004925873
77.720119513404725 67.937102004991303 20.547810204705005
77.771514911381132 67.427429033742982 20.676421143540416
77.869369592847534 66.931778751728075 20.826430024188976
78.015036772323654 66.457962235933977 21.001688795161002
78.208654592044013 66.014222596187622 21.202874505385115
78.44919821747834 65.609123882035362 21.428057168704772
78.734241625381415 65.251215476118531 21.673633934757717
79.059952003365723 64.948654262951592 21.935287332098209
79.42079154786137 64.708606200603967 22.208660725093626
79.809697646261739 64.536502093834031 22.489932747304184
80.218708156942995 64.435464788260717 22.775738290692711
80.63969801006472 64.40617371751334 23.06282627970058
81.065225133819425 64.446497979062087 23.347547056464911
81.489486340879893 64.551786392609358 23.62522708125017
81.908637877268944 64.715610631377402 23.890060332962893
82.320673012091063 64.930514383201015 24.135388944546065
82.725127435185357 65.188788677006343 24.354303312448714
83.121934008996917 65.48345820631323 24.541031865850464
83.510351071399739 65.808744980712362 24.69209686303163
83.888100184615567 66.160312385122651 24.807351897053039
84.250577818728971 66.535286924701055 24.890998838978305
84.590788719785195 66.931694013084197 24.95164707590429
84.90010619894953 67.347744443551917 25.001146444331379
85.169014684117613 67.781187179346873 25.053589561475363
85.388353187323361 68.228619490998895 25.123488060610626
85.550730813070999 68.685118672120339 25.223428303405903
85.650945252511178 69.144539901658433 25.362931061446226
85.68660749134888 69.5997430805741 25.546848006551603
85.65795886175961 70.043330772882868 25.774637150963351
85.567194492052366 70.468524718797724 26.040473514977148
85.417568186719379 70.869551598828707 26.334792796765182
85.212920482762229 71.24215493848375 26.645064617247598
84.9571597030845 71.583656591477762 26.958023117801829
84.65432261009127 71.892711007431657 27.261815149482427
84.308785563920395 72.168876685002317 27.547253327666784
83.925658672392714 72.412320189629412 27.809364780915903
83.511089072704692 72.623251705695154 28.04790193560223
83.072162550591443 72.80148965896592 28.266717498308306
82.616587942698729 72.946235017131173 28.472660744348754
82.152289187041461 73.055890147333585 28.674521445234923
81.686696485162713 73.12827699612096 28.881106829127081
81.226272896683554 73.161089569355681 29.09990866795555
80.776176071330525 73.152333089845911 29.336173738848593
80.339961612329333 73.10084443506156 29.592100836568335
79.91972264042613 73.006608668746694 29.866906394714675
79.516544749002549 72.870634437033857 30.157608067777321
79.130836617207223 72.694863808768019 30.459577099014449
78.762754751536491 72.481935543059151 30.767326307999635
78.412487089042145 72.234918134213643 31.075140877349778
78.080308178033505 71.957107457945057 31.377317121421861
77.766577802250481 71.651928604652454 31.668236146346025
77.471683503383431 71.322836605937866 31.942320167102423
77.196014113833428 70.973288788475031 32.193992838509622
76.939958495928295 70.606742344902258 32.417677973703633
