#spline3d 5 120 5 120
119.52975463545083 86.232475352466764 4.1311004981852575
119.8563347297945 86.487839268799377 4.6875256971015569
120.19868699798639 86.697367805473817 5.2737089865419868
120.54936518218459 86.859114170992356 5.8864826057666226
120.90092380327671 86.971130324514803 6.5226795943145301
121.24591326562188 87.03147479696392 7.1791288122986936
121.57685434371572 87.038258666832078 7.8526257193338944
121.88612376703163 86.989876182583302 8.5397800352628366
122.16583984433142 86.885238264663158 9.2368567140913704
122.40760870764261 86.724317388413624 9.9393586779087464
122.60252649264012 86.508250540508556 10.641857086916392
122.74128677112679 86.239743227208464 11.337432074154661
122.81469281035122 85.922758479380803 12.01774117302179
122.81455952316931 85.562541779959901 12.672807705418542
122.73436854200482 85.165139592725296 13.291655198384063
122.57056611504899 84.737274295979645 13.863040743402792
122.32266188231728 84.286051235692796 14.376527159739165
121.99400713636643 83.818799923171852 14.82399832069712
121.59099318827461 83.342740093896126 15.200264441007398
121.12302323862984 82.864401288674998 15.50426232253359
120.60135289503951 82.389208386591335 15.738453391771152
120.03840269887196 81.92078803392242 15.908766032844966
119.4466286828883 81.461063715119167 16.023076011278484
118.83738951294086 81.010196786933989 16.09008968167025
118.2202607019758 80.567293192782429 16.118096313105891
117.60209065817763 80.130936661919336 16.114121509212012
116.98711594710704 79.699833641677486 16.083920476862442
116.37671448962058 79.273260579838023 16.032152582073525
115.77018726986918 78.851102115725055 15.96302879474591
115.16527479425223 78.433662970670326 15.880786936554255
114.55915926618952 78.021184464258212 15.789954408674539
113.9492787853176 77.613313500549339 15.695420665072932
113.33388856249937 77.208879721698239 15.602356156064626
112.7124671959571 76.805872969187774 15.516278650766949
112.08560189138603 76.401917300940454 15.443163362558376
111.45486671788802 75.994996372526799 15.389750477555767
110.82245535878809 75.584173889027753 15.363666849167284
110.19098711840873 75.170392876301449 15.373492772402086
109.56334250850989 74.756713505252421 15.428394094120339
108.94264772335865 74.348553458898607 15.537479506299116
108.33228344319367 73.953281825848748 15.708975411115549
107.73599687227933 73.579692821129669 15.949193972849001
107.15801448846628 73.237025705889849 16.261897784365054
106.60323862226262 72.933800817579808 16.647681022841777
106.07731777593784 72.676761094652377 17.104059059527529
105.58664529633509 72.469826068729532 17.625645053746293
105.13813106485048 72.313602955274604 18.204800851931701
104.73879232257943 72.205089977244413 18.83229240446278
104.39516790095729 72.138113025581546 19.498092772882597
104.11253816355254 72.104192822280126 20.192182987051417
103.8941222023923 72.093942253592559 20.90530175017328
103.74017992331015 72.098728365041424 21.629639799393157
103.64729450894255 72.112207872447442 22.359344161925851
103.60786202399953 72.131433151044192 23.090867822662048
103.61011597676188 72.157005633660788 23.823055470935142
103.63882830259008 72.192135303252627 24.556932365341535
103.67661815873642 72.24083446341173 25.29517547748258
103.70581129251204 72.305528147482164 26.041141106538447
103.71034956319571 72.384682951140704 26.797572079214099
103.67740465271685 72.471099403055149 27.565042728963146
103.59855447760891 72.551006031045304 28.340273568027076
103.47010435099654 72.604842190178644 29.114860473570783
103.29320910036836 72.609073826959232 29.874244985865413
103.07325429806517 72.539585068406225 30.598041645998272
102.81937956390512 72.375617153624518 31.261014703856528
102.54349827249186 72.103329208931527 31.83564272681247
102.25962750978594 71.718926974273771 32.29537122493732
101.98302074851648 71.229168898109791 32.618262195844892
101.72952031896905 70.650987705747795 32.790675236654224
101.51480075332674 70.008370803723665 32.809071559184495
101.35352682497218 69.329104012268758 32.681422781320478
101.25859849365963 68.640708160177113 32.425398680330851
101.2402112869718 67.967022985661345 32.066586468483699
101.30535002823027 67.325959026721151 31.634751190661721
101.45709306914787 66.727750307316441 31.160741045392065
101.69457928936663 66.174995099363755 30.673775992482366
102.01265361726777 65.662566509416394 30.199645203925609
102.40223188687123 65.179266710853014 29.76018376950271
102.85017108293547 64.709231846644272 29.37288720575668
103.33987158975404 64.234571512004408 29.051503964272218
103.85144700825671 63.737973500245602 28.806114180526897
104.36267381084694 63.205294925234341 28.6438682108355
104.84971731547371 62.628387468898921 28.569080447038289
105.28834767913406 62.006301472014549 28.583745181609501
105.6551749617323 61.346934342206872 28.687299843446812
105.92883569600656 60.666075278738553 28.876688590240924
106.09166199710663 59.986954890653038 29.145794814819993
106.13067823441561 59.337480646371681 29.485520093811825
106.03943623621805 58.747715214680483 29.883420171803913
105.81819030313193 58.246506907457217 30.324306065536881
105.47500764659985 57.858016941659116 30.790686285938314
105.02457862951853 57.599785644646232 31.264206105366785
104.48805480075235 57.48052698001981 31.727324862888782
103.89106054677937 57.500975220419384 32.165012944066227
103.26250655270859 57.654111487778628 32.566758276298302
102.63243340926394 57.927902953602157 32.926979652875588
102.03007552225353 58.306865543781072 33.245837776451332
101.48208926418921 58.7742850713718 33.527905214590071
101.01017314627194 59.313414061074589 33.78144474461935
100.63023460223117 59.908281287213299 34.016429108552892
100.35055869242277 60.544306971063534 34.243211787233115
100.17254242060459 61.208454109108594 34.471359675401551
100.09027404702258 61.889704132215257 34.708819109416126
100.09273214451439 62.578841052641408 34.961901346717738
100.16488743953217 63.268576110613509 35.23514712943097
100.29030144485874 63.952864130236065 35.531920850632453
100.45324284008544 64.626338886317953 35.854735445788862
100.64032681665877 65.283389556892914 36.205849053158403
100.84226758840393 65.917154556619195 36.58759212780339
101.0536543438445 66.51911002313993 37.002463977041451
101.2734081592037 67.078455415028799 37.452926492134814
101.50335083586252 67.582600174966586 37.941077403090134
101.74771805693393 68.017232813161129 38.4682336620942
102.01180690838396 68.367105575263622 39.034966695439024
102.30138079333534 68.616366591674932 39.641075216377224
102.62217825448506 68.749001903892676 40.285945484087861
102.97982228449314 68.748970313741495 40.968719306827253
103.3798869489468 68.600246485422232 41.688487320292353
103.82794050997624 68.286807631497638 42.444333312649917
104.32955219638278 67.792630574204978 43.235342359290797
