#spline3d 5 120 5 120
74.300549814494588 111.26012641130639 2.9580507606488387
73.760265300720519 111.23071011771943 3.5601913657288593
73.294385076159045 111.16387734830998 4.205786241174267
72.901153337977021 111.05846289607261 4.8875064919557651
72.578813895890491 110.9133015212289 5.5980227711950432
72.325607642213626 110.72722995924475 6.3300040699897488
72.139660899670233 110.49912458725395 7.0760233288685885
72.01874567700871 110.22791112713952 7.8282903592887481
71.959958363290866 109.91247163537439 8.5781774951624534
71.959428032976433 109.55138442885929 9.3155242406253951
72.012359307788699 109.14279626497041 10.028164066913247
72.113388034343188 108.68469400966057 10.70185980218961
72.257293486870978 108.17575396699985 11.320742521439168
72.43998753366057 107.61675190729112 11.868701388275623
72.659155127361302 107.01159478243882 12.33095707690028
72.914789951627952 106.36831921092913 12.695944744930449
73.208888808644446 105.69882759730679 12.956975993054785
73.544436480327704 105.01743920849975 13.112715900035921
73.924183723930739 104.33917169634003 13.167798353372962
74.34917951946035 103.67735060927419 13.132416450807964
74.818054906110845 103.0419871924335 13.021054000433338
75.326819524283863 102.43876904677347 12.851038250591531
75.869237689625933 101.86877542976987 12.640477897171287
76.437757622595385 101.32928688554391 12.405992633552703
77.024438562709889 100.8149288304211 12.161119907723846
77.621887813040104 100.3188456961481 11.915053995675249
78.224165809186601 99.834080042466766 11.672619926895281
78.827193016118116 99.354431358082721 11.435430261931499
79.429178348368438 98.875122546400434 11.203128863861345
80.030461241287782 98.392989996428099 10.975480860621339
80.632845191509375 97.906178409317803 10.753929877303488
81.238843867868738 97.413822357494979 10.54286294151462
81.850575550961025 96.915620360828783 10.350239184835322
82.468835549574209 96.411621623332891 10.187172197000148
83.092475528382863 95.902321044124761 10.067096319637814
83.718041682444451 95.389076497126595 10.004433209555932
84.340006062741153 94.874646609992823 10.012849595981454
84.95133186964469 94.363485496196859 10.103895512792153
85.544101687417992 93.861965170779555 10.285636486353464
86.110432381217564 93.378002688895819 10.561780281877942
86.643163248159823 92.920272440950711 10.931820445943643
87.136575402886749 92.497357862301271 11.390930942905699
87.5869819421778 92.116675283987789 11.93071353815559
87.992890860558333 91.783818515101956 12.540295381555307
88.35508681130456 91.502065570819596 13.207292736667979
88.676352587364931 91.272234097067738 13.918974087604333
88.960750562944725 91.093037324152192 14.663274151859188
89.212827513468099 90.961598346594457 15.429504452027368
89.436756423137808 90.87409235750026 16.208962009778872
89.635539667229253 90.826563642529138 16.99519011900065
89.810589149809203 90.815394363548791 17.783887021616692
89.961291673908406 90.837428120393682 18.572958998159145
90.085052157562231 90.889354392339968 19.362228226802348
90.177877764520076 90.966784790971829 20.15292629669452
90.235139438572688 91.063110450462332 20.947249071593696
90.253019612068115 91.168451617174114 21.747547138377321
90.230055053476306 91.269375858277442 22.555407949085598
90.16872509474392 91.3489466940201 23.370649898528583
90.077004208274772 91.387398057999548 24.190130094864873
89.968719928336512 91.363715838777864 25.006819142101548
89.862572049211778 91.257544612585676 25.809346416211721
89.780198039390143 91.051647534358565 26.581584751016784
89.742331242549028 90.734800002217426 27.303239454255337
89.765528994733955 90.30330905533593 27.951276550342367
89.858691017535008 89.762992610289885 28.501432486522596
90.020850480646445 89.129363902464732 28.930637966748101
90.241363734465168 88.426072539160373 29.219130643867686
90.500656885792964 87.683190201901027 29.352612245298989
90.772631124736904 86.934345645691224 29.324239904579414
91.028211044808145 86.213294649007437 29.135396591776544
91.238637972900491 85.550805220920594 28.795529298102505
91.378800693953366 84.971357225319792 28.321504146333648
91.430043128490794 84.490277030856859 27.735644312563192
91.380927485988934 84.112882077691538 27.063453593609751
91.227988014283724 83.833075375114475 26.331919001998308
90.974593735450455 83.634181954344882 25.567820816170588
90.628980160205813 83.491467400534248 24.797063326442643
90.202778754442363 83.37456003318961 24.044507964158434
89.709652515878659 83.251107905352129 23.334277846158336
89.164757735023699 83.09047478992602 22.690044072656793
88.584888790728698 82.866828094175844 22.134875166252176
87.989058103292138 82.562097019979021 21.690421499325176
87.398859045895577 82.167653678225321 21.375298041731927
86.838148969425305 81.684373977623565 21.203481341467704
86.332325548586027 81.122896005228128 21.182078337660567
85.906452412345146 80.502000976049146 21.309827745527823
85.583345667549679 79.846169002666386 21.577288466158322
85.381385949181379 79.183528640558322 21.966925251990975
85.312573434050705 78.542994720666258 22.454897643269462
85.381771690193602 77.951915093767866 23.013710121609865
85.586293434411161 77.434228996197632 23.614829268683913
85.915916911890818 77.008945986471332 24.231729968986048
86.353756693069556 76.689501642019067 24.84276426815239
86.877400468213381 76.48374801901673 25.432955874567657
87.45974814376045 76.393624660058293 25.995733417323116
88.070704063782301 76.415335024005685 26.533015775775056
88.679137148157636 76.540162706033925 27.053377627178541
89.25495854057931 76.754815674697753 27.570300747020049
89.771773438495117 77.042839892830628 28.098606709457574
90.208635813698095 77.386493889000903 28.651246521758466
90.551455551460492 77.768688169872533 29.236668083753671
90.79351124900812 78.175192224804036 29.856972969748551
90.934530306475935 78.596098337284687 30.507878685057054
90.979289435739233 79.026231411973029 31.179767174111102
90.936136264712999 79.464884014986495 31.859280002780302
90.814971840824967 79.914064800167992 32.53189660847071
90.625669247834111 80.376472931250859 33.183964004514863
90.376747763928506 80.853564445218311 33.804405122490245
90.074412540419431 81.343928321946223 34.385565575655022
89.722406748202658 81.843020856840738 34.922761415403073
89.321934830674309 82.343268415308131 35.413598676342843
88.872084898729199 82.835018964585217 35.856696989858939
88.370544581959336 83.30766147109216 36.250722617031037
87.814225060627706 83.750394846108847 36.593953304408473
87.199829990922808 84.152705340575764 36.88425441579524
86.524152456976125 84.504434518445066 37.119300214131705
85.784104064600612 84.795654055999904 37.296714681357102
84.976654453953017 85.016523290958503 37.414120623937549
84.09877533475192 85.157204467240334 37.4691407408164
83.147438522983904 85.207860009613569 37.459397753749336
