#spline3d 5 121 5 121
125.43467017785707 110.58197796432802 2.4574844235229416
125.89554727688305 110.7349645372464 3.0086447418742801
126.30293839343182 110.68871459050747 3.5393249589054117
126.6615029570404 110.51869711255949 4.0657744954415014
126.97433252598357 110.30257069489751 4.6053560393678854
127.25739001298105 110.11246803134409 5.1694378325117265
127.54045572297113 109.91542312763694 5.7304696609923278
127.82074783674838 109.70012447704984 6.2876656064511627
128.05645581719054 109.5000464019393 6.8699652752302143
128.22001393943859 109.27252924974421 7.4700735435604537
128.35782903884763 108.93911893489886 8.0247196874795215
128.41354690737563 108.59223415498009 8.585337174369446
128.3712069794224 108.26174380707124 9.1527760545031782
128.3397453134202 107.90265887560395 9.7081422009273357
128.29486395515696 107.54038074402155 10.255032373390899
128.11129769879395 107.10380972556442 10.721508335086861
127.94725284950353 106.64565303491371 11.168297868071276
127.72519484577421 106.16960291717307 11.563713439766335
127.44589876089738 105.69621367258885 11.935876934735596
127.12266076640574 105.21401267226851 12.246013984488632
126.74718406027189 104.71096415784936 12.459852987582806
126.39626713558319 104.17920268393017 12.628936606034053
126.00262223013901 103.67501867740391 12.786713448001221
125.59901866763116 103.20125458122379 13.008105859017864
125.19673925453772 102.70753160887163 13.176139769193707
124.76962405893559 102.21598678429895 13.288362564766416
124.30770014051546 101.7673619418978 13.429183932859168
123.84565400909214 101.31919693508739 13.567438576344092
123.38976560081588 100.85157298124528 13.66870790653317
122.93772319992293 100.3734114837352 13.715034763679009
122.47571448349338 99.903227666035093 13.670206012855539
121.97621476283965 99.470179056787288 13.678541418276341
121.4205723798772 99.114990746726974 13.741325558580172
120.83103628104632 98.819467850607367 13.741268539657527
120.26192864008878 98.487683952863676 13.709578903718439
119.73759286992524 98.083777045964069 13.706545626277835
119.22706187479007 97.673641379503451 13.638554867615568
118.66932145893715 97.339298174083083 13.518821180680369
118.11211106858791 97.003724522568916 13.41368477661304
117.55346824104747 96.672348591189277 13.300845119256895
117.01231538822749 96.29719447012215 13.250651756117731
116.45700364736241 95.942214489606414 13.240665544909136
115.85811763049834 95.663919321213186 13.248752464152856
115.26383321429837 95.379237611448858 13.242721206301137
114.68822316738772 95.057327576307486 13.229878860627824
114.13163174971977 94.70599913978144 13.247768010154521
113.58123824150401 94.342097649627476 13.309721531159159
113.01692212174504 94.038828577805674 13.472122646716461
112.4979999499711 93.741798178012601 13.774669464789774
112.07780520853619 93.461623910088207 14.19603247119371
111.7169647010416 93.205052659962433 14.688564110392795
111.35319610511169 92.939409124594405 15.168900803092159
111.01879327729168 92.646140816200258 15.654588961809917
110.68898851492311 92.336608356252711 16.13341853357732
110.39057329722105 92.016277056827334 16.633221647368728
110.20264707423217 91.748809140279903 17.205846197333397
110.09219277183976 91.51653681296699 17.816397557847981
109.99086313822225 91.246787893552124 18.415241462937445
110.05018304710026 91.102814731469522 19.056673943085254
110.16432656036551 90.960021364198056 19.694539348918703
110.26254894702717 90.806578956478234 20.326616983816471
110.2829076509335 90.727470619310409 20.981975180128401
110.32549978711829 90.668805317416968 21.638782684568579
110.44344499180205 90.585304272634133 22.283083148799829
110.60867235169388 90.41735191630751 22.899495100042468
110.71873185045986 90.347532796007314 23.547471268406813
110.87080647002547 90.21275527700719 24.179045440547355
111.08504106641725 89.906454325144651 24.729297542962428
111.3019405448053 89.533802059887577 25.236235352918182
111.52627647359107 89.058951057488059 25.636381747777044
111.7415708742956 88.480177032193836 25.899060624820542
111.93590720776662 87.872434298686571 26.066015473407298
112.03379897039594 87.217285971137315 26.105673636780363
112.03218096366064 86.554534408376057 26.153499345979842
111.94299321129023 85.902410936053144 26.154479651556283
111.80750394617283 85.257878320919104 26.076748192441642
111.61928356421998 84.632389426945124 25.983788852472319
111.33335282284526 84.049276993412604 25.865148532413038
111.11858079167315 83.458823814071422 25.657754015169747
110.84857068059556 82.90529515293278 25.420962534393485
110.5673976981858 82.343825164419925 25.221321398511005
110.3451501216239 81.73130003706089 25.106819374644925
110.09917215847389 81.131298078632113 24.981892834580265
109.79574232084622 80.5617440201504 24.851037775801387
109.44206881267041 80.01824069738349 24.734785705745072
109.09541162483349 79.45454001483148 24.65517505990541
108.65062565406494 78.968980572214932 24.686209987317497
108.13099741417597 78.561995021734049 24.794485203348803
107.60143995578144 78.22022950552936 24.995612857175505
107.03151619919007 78.018494447045441 25.275967060159136
106.50213636214444 77.889588479614744 25.65051422489945
105.99515800963924 77.804565793190534 26.058031283551578
105.54050980781126 77.726166152843689 26.557576055049378
105.11578341915761 77.913772093565981 27.027706625747108
104.78170973454809 78.286005794770944 27.486051312545548
104.58803753731161 78.572501693497131 28.053798376973994
104.51934800100348 78.786246471464551 28.675934603580654
104.48123913461906 78.955701759857291 29.321567900939197
104.51022762732062 79.25482227619716 29.903704000138809
104.57694457025593 79.701936425375422 30.401683513430314
104.70854673936179 80.095201536426586 30.912508202437081
104.96839581181469 80.41359001545122 31.432835386472387
105.21011642378052 80.769320205382982 31.93414454910868
105.50119806580204 81.067834104783586 32.44333541480416
105.86830471543533 81.331463230704117 32.927557389231758
106.23870325806097 81.695502361125037 33.337238462935709
106.57376453972032 82.101784979936298 33.736507641484884
106.96446369975268 82.530595030900443 34.054984814435883
107.3660091581558 83.006645402606196 34.274988373436784
107.76111128518539 83.506691575413527 34.447402963140441
108.16868713733095 84.004220259009969 34.587069995732634
108.57378322443972 84.520306622868134 34.670556548264528
109.02474222433719 84.982442901605751 34.804686803931141
109.50908152156394 85.40379378759809 34.962284706939357
110.01972191840299 85.827356342506292 34.987465183250862
110.59684449937578 86.143436158667001 35.079241792390292
111.18838478683071 86.318576790884293 35.345848860991197
111.74824881885027 86.440470941808599 35.670300417688182
112.2825614017477 86.578298985427125 36.026621177257624
112.79317759772042 86.741150278670659 36.418356330783666
113.28474309436206 86.947439018007799 36.842817559637069
