#spline3d 5 121 5 121
115.03581279761056 87.149123402035755 2.1898460124750865
115.35500039749165 87.403885348606707 2.7635297534755288
115.76037657132153 87.734031298936685 3.2092780662701546
116.19623188914245 88.089143896454473 3.6122244257158629
116.61034647435947 88.408776251975908 4.0660256184281671
116.9371325162283 88.685172841004686 4.6133901890714579
117.22434360531035 88.899629979020105 5.2035448756588911
117.5596819021048 89.028793658897783 5.7962663728201687
117.89355778694173 89.098161834947263 6.3982252569318963
118.09102013558082 89.084056142856355 7.0668958920105274
118.43545352469533 89.066543470483225 7.667753409201981
118.6862402608585 88.975552218880225 8.3069876577457791
118.77516041793841 88.752008672992886 8.9661562175369909
118.87336075438402 88.534810351710945 9.6084764343838973
118.96000321827275 88.369366942101877 10.277088665760372
119.02871353823735 88.031645996148285 10.881996399759709
119.0580233791183 87.656009313451833 11.460855617844722
119.03352946172795 87.257898198626805 12.023933635303386
118.94954367811138 86.829419814331416 12.56060645508618
118.84706145877551 86.399575156063037 13.091547476647955
118.65346197171355 85.922778258388746 13.554494903547901
118.45420462424508 85.432022170044249 13.998176444944743
118.19831132076554 85.023966464290439 14.493813968481639
117.98320722997485 84.600184027852038 14.996125227396155
117.67435452582458 84.166081635178855 15.439512288427895
117.29242895833904 83.703175077674672 15.788033224388425
116.83433006746228 83.282220614919311 16.098322179432312
116.28152624276802 82.898323660443239 16.265972909094963
115.75746040304469 82.473100331420639 16.411023418343873
115.25378723353315 82.020644810076448 16.547208395614241
114.74923998590964 81.555046471387769 16.624474014862209
114.23878347547837 81.087776388715426 16.615187343393767
113.687060809036 80.671871113539098 16.614944668705721
113.10545232674006 80.304037378382489 16.54760369374825
112.5267289973055 79.94033972725903 16.442057705971671
111.89147213877216 79.664735912063549 16.42205046731932
111.29512853154741 79.315736974288328 16.409379218050127
110.69751247353396 78.980638040456611 16.349903433582792
110.08501037518934 78.649529649732031 16.334825053807709
109.46307418450637 78.381689600936923 16.213290671306584
108.79202926078601 78.247080201746215 16.083432783745849
108.14562284147058 78.023244250327167 15.992835475960156
107.53876879638963 77.69840412796087 15.89631895088872
106.9411797938144 77.399123000684867 15.733450793579282
106.35198829719363 77.120207789784246 15.495125638603122
105.72806805399176 76.85778916511768 15.366121015230068
105.11553055881032 76.558628023402079 15.22720203913412
104.48177325631893 76.28827954864245 15.215754236350762
103.8486006708942 76.021773485774702 15.360673939510891
103.26276412105392 75.74960966275097 15.627880778148855
102.78318118758109 75.587547668372352 16.116356385004302
102.40595683927654 75.412829785848828 16.680203553601281
102.26989585360818 75.295725034158224 17.352196554483687
102.0928934277528 75.160947885605779 18.010364394832187
102.00940729260175 75.123680622085288 18.692509160211571
101.99368821885986 75.049198192473369 19.380636917025377
102.00930997992458 74.839949637394341 20.04634470182306
102.19254207836835 74.707492502519045 20.701753146137033
102.42782129934098 74.528987918061233 21.32794222296797
102.71624827803198 74.303408568693513 21.916070957265578
102.99674154655061 73.939907516983851 22.436038589317754
103.24949707643493 73.664514191779261 23.017312899502429
103.45209019895188 73.382641791538532 23.615422101321371
103.61004002278233 73.018045573543972 24.180803424155773
103.75165033080567 72.746322423098661 24.804793343577217
103.94544393253021 72.361005926531774 25.345399429275044
104.14748526673758 71.877529867822545 25.804954776007552
104.2954517070184 71.35067304334882 26.22279643883693
104.38050568950646 70.821068140518733 26.660134646221643
104.41302695595492 70.254299932070765 27.057943432471323
104.50848436698939 69.639192458874831 27.353049545310402
104.56826249664714 69.004137823717357 27.636326972492448
104.64867058561211 68.32388676262093 27.760452980249202
104.73378259747719 67.634778274296963 27.674666564836798
104.81564992673569 66.954916237994837 27.631450525599323
104.95721775611132 66.280890784771799 27.536379283555977
104.99016363994873 65.592104709954299 27.538443743704608
105.01737833041692 64.898880737799274 27.529175665855902
104.97652025151896 64.212912780077573 27.477538368125938
104.82664518779649 63.53775857751387 27.499545292010033
104.67571663024998 62.853747938590629 27.459582182447431
104.28088635146801 62.273257343240189 27.536757713426923
103.86909907076495 61.791750725247823 27.840870506717046
103.46979341819525 61.366290863880366 28.211457696931291
102.98724618654389 61.085237425414356 28.619981570521123
102.50319312127554 60.85982962871087 29.077240680378047
101.95055402717381 60.8413411324672 29.494468647639387
101.35989059396138 60.916846965534802 29.84864317089221
100.78831378756479 60.984102591371332 30.231972137852551
100.2316006148755 61.121528794074848 30.628885074523943
99.607138916332602 61.446088310908145 30.739270031805326
99.081097854791707 61.862642084617526 30.897817294491055
98.62836513649907 62.353570649778405 31.081997932106859
98.229517420920317 62.890139510916057 31.273992891307508
97.974771011299353 63.475418376908941 31.541556508641122
97.706636798459755 64.012255726845723 31.893538344956934
97.564889645467261 64.606854090014707 32.210399252905781
97.468193817202021 65.2155963506261 32.534077149619229
97.46709299693191 65.852708220915332 32.795214498406565
97.550396743714472 66.47616115409555 33.091442596276671
97.699363911560113 67.08939162630854 33.362014726994687
97.854710196102772 67.726023727047135 33.592038630116988
98.102303916887195 68.310992407060766 33.864830579509423
98.428109847399767 68.888850498408246 34.064771134014251
98.767176890976515 69.462778559262716 34.237988791659731
99.154270361289619 70.007484676116448 34.426843607021226
99.570055001165912 70.559886661651987 34.463321734470114
100.01285483755422 71.086628528405484 34.518616329034586
100.46146336917366 71.600291546919919 34.62293128436712
100.89484465647389 72.13505733444704 34.687089417796471
101.33260952013147 72.659556242195592 34.780791908577044
101.7816160442501 73.150660551268217 34.974055757671024
102.20930578534103 73.678864863226963 35.092752565516726
102.65417821791809 74.188834469496641 35.230665887730638
103.08115829201742 74.711498677224597 35.371080853128447
103.53333653729166 75.194607006364805 35.576470461592251
103.98343972088612 75.64155660952791 35.859566257756882
104.36285857966213 76.005789226130602 36.313281635367019
104.81580149656943 76.303460374879194 36.747837000465857
105.29805542654617 76.62044574261202 37.118487352655123
105.79828063517243 77.031555540466343 37.355527654301113
