#spline3d 5 121 5 121
61.75551306602928 88.430162709923792 1.6585643359050972
61.566555920162664 88.398217228876817 2.2678180144897997
61.227416187871249 88.452111037986896 2.8960810760286733
60.846333534673541 88.496058100525033 3.544304708956715
60.565959296813993 88.435371785448552 4.2324718647248627
60.368890483498795 88.144081575944824 4.891318216816348
60.124523395749605 87.777801801191572 5.4917244240567706
59.914165059582864 87.589893579496874 6.1764966892467248
59.761484777558771 87.389899188887881 6.8732701114335359
59.654941025899561 87.129024423466163 7.5620657783384768
59.631698158286397 86.7903672066561 8.2146749001100634
59.724846648362842 86.39070541294123 8.8463139071324122
59.979500868745347 86.017406125019207 9.4411557213383457
60.50739395317828 85.672486264179781 9.859668132813308
61.052079461347745 85.288243611506317 10.181399601312489
61.556229579682487 84.837692863311844 10.478973225001729
62.052374098355024 84.345722245952103 10.729103261788936
62.550394377238611 83.811465417784021 10.855574439914109
63.066975057059203 83.290510168779264 10.934635392420345
63.565081420920173 82.742236588613608 11.013707777240329
64.131490709596164 82.271848848359426 10.972124367047755
64.731872076908431 81.845771550257567 10.866015311909774
65.248581997163939 81.328684996676472 10.761540554976593
65.783810337728625 80.81769801727711 10.727661275600942
66.299728191376161 80.297433747478493 10.625401852258154
66.853179542040166 79.84555310220621 10.418010281156167
67.47986151916443 79.480859299483328 10.272809574897556
68.109660459810414 79.127802433899234 10.101977362120882
68.714482597467764 78.814592201429548 9.8136896436545769
69.327931974542466 78.534498795111219 9.5031487637508096
69.950474621626597 78.175996379551663 9.3215837143276623
70.515028862649345 77.746303710630841 9.1034659073704507
71.111715933513693 77.408736514714136 8.8268143662798852
71.781115158149959 77.170951300500704 8.6065329660796444
72.48049404471378 76.983071000397473 8.4318065506274067
73.223706432473151 76.893440373976475 8.4162423542591327
73.951316761449007 76.949372174303861 8.5574690201595107
74.659874065485781 77.096777505446425 8.7919726367098985
75.199431577578494 77.15920802299344 9.3102364786683065
75.583674002968309 77.16856734320659 9.9628196537267666
75.863793253341996 77.197661710976561 10.642977563231097
75.968218889258225 77.314298305855033 11.374252396965543
76.115916385949589 77.535402463460883 12.072625151109781
76.310051487557871 77.493263313543395 12.785687210182155
76.40201721374234 77.448530839577273 13.524077679957776
76.39365355605355 77.540421810313674 14.261429052397521
76.342631189480045 77.589135943444376 14.996612219829435
76.315914573106781 77.620629306856628 15.735667128340413
76.343171662629729 77.784725414548518 16.458859075493613
76.342562048086293 77.961348362236265 17.1772221874329
76.400352876803325 78.082913168585634 17.903335652781426
76.476936944950026 78.248350735288 18.621615978329285
76.48270657860877 78.45123072819743 19.332969442648427
76.39157122221367 78.654021369275256 20.039729808477563
76.309020202921189 78.890676352863977 20.736710565108147
76.355039558919685 79.105372575016744 21.444731082073432
76.449922584540289 79.234438665696118 22.169487842175855
76.489606198209984 79.422021993712448 22.882833056421656
76.529393062774133 79.655614780734368 23.583468598104016
76.675017057930816 79.831562307307465 24.28637847355607
76.852733498121879 80.005870224721008 24.994811521658988
77.145880430737378 79.980897675978497 25.677121304773358
77.453088558483444 79.731264522422791 26.328135540415904
77.828868084147743 79.391166419978447 26.857514250260621
78.370651522338136 79.01610277541586 27.251861526122319
78.785321963966268 78.455739500868262 27.504810465863869
79.092846789251368 77.773948554361709 27.593127017657384
79.377108926558734 77.096132803310795 27.676063692265998
79.601070353780372 76.393260064458303 27.610717269275295
79.756952394294601 75.686415964021378 27.430707409609603
79.799337310833067 74.956905035863528 27.308220401577408
79.735557214446047 74.238376956307434 27.139759905383624
79.703321988722792 73.532035132259153 26.927218452127594
79.715141061815089 72.824078816338968 26.706445158318534
79.620923444026673 72.123098168174863 26.482887017305405
79.359007345885018 71.457219544302973 26.272029945734548
79.081464717145224 70.786839789775598 26.132443949717619
78.844934075404836 70.083212603450903 26.102533917092888
78.482700764118988 69.447517376396533 25.981332201559855
78.076057274492243 68.845667452858351 25.815496810453389
77.635892295126013 68.251285986883133 25.845255018415987
77.236768868467706 67.628789797920248 25.898440811485351
76.911503975268801 66.963295513664036 25.964264172136136
76.692974222457835 66.279052208440078 26.157865086417349
76.559815899961308 65.62448762226866 26.498670357030115
76.505715042550719 65.034318315117062 26.941953588102926
76.521322034957009 64.490251417926501 27.444024736176331
76.587665102986435 64.007046776730235 28.017876936347029
76.898300382656245 63.656799991009414 28.609270605311181
77.369977862507938 63.496372624819138 29.174241660401272
77.869983196020243 63.514869279646092 29.724898287956698
78.411236010411599 63.658449309670395 30.212339969683317
79.025772935911547 63.859653635493444 30.582779773697382
79.604637580802233 64.159315907791779 30.929640256236489
80.135526649635452 64.555056451998396 31.273538785102144
80.634197896690878 65.055782155188183 31.499068772856148
81.072817141284915 65.629765708183186 31.672551071012094
81.40648109854699 66.2676719319075 31.860262515011545
81.642637092138102 66.928181550411722 32.091947584359126
81.80902035076403 67.588478168979591 32.391646031656379
81.94178632283311 68.222648484280839 32.744496508905321
81.990271850501784 68.837310619601254 33.156820853652867
82.002289677568882 69.472784489072083 33.539985117754711
81.895019939806673 70.129735999972894 33.859626022735085
81.761288384870525 70.794785369925435 34.154780212144942
81.550689605777606 71.410937236578178 34.514530202858573
81.263396991162239 71.95595361425093 34.929181440518001
80.918777895376209 72.398748008003267 35.413093124639595
80.552075801836423 72.785204169923176 35.927897942327263
80.150459135260817 73.179874780417109 36.412967712039396
79.648082365254524 73.633801898474886 36.722754893485423
79.126261286395618 74.086132631366098 36.990574053238866
78.620166050937073 74.512498824779442 37.317057140930729
78.089895041480716 74.964936709991633 37.565629216467165
77.528626770830357 75.386649903294924 37.816041226528824
76.954704315242623 75.628119938961476 38.230301781493353
76.45906418629859 75.893779107038128 38.710500363704263
75.987216071494629 76.156053102329736 39.213736863176024
75.457783623515198 76.371901352459744 39.684501541900538
74.882050836780621 76.589788549737193 40.102689939394807
74.253980898984082 76.838940442646617 40.443107766197045
