#spline3d 5 120 5 120
55.211209813777671 87.793011808798227 2.0590721324482821
55.700902368208332 87.250365752128232 2.3763183871450346
56.227496327451561 86.888381912785292 2.7662583545411454
56.778986889501105 86.636027078781737 3.1954323802800797
57.337411943952183 86.417317451232265 3.636580730617168
57.916211441937335 86.178126884564634 4.0299825993487906
58.530866707095797 85.927085436531016 4.3843907269644875
59.227671614787447 85.757444257881971 4.5878416197707272
59.9410679801924 85.536910005636528 4.6570915529992396
60.654424370518548 85.343408525444573 4.6926983706924084
61.397017589705882 85.25749379719079 4.6355251351424132
62.124786079981774 85.183724296746206 4.5011872155182635
62.824479621358101 85.013639392850564 4.3138141085621431
63.511805599039391 84.827015695220211 4.1015455399521192
64.217540137604502 84.707941564601072 3.8986906588918488
64.90450869408609 84.568206106751461 3.6517928638965587
65.557371810417081 84.346295726934954 3.3695530956165318
66.220510789480031 84.186530190070059 3.0771750692319868
66.88811008198401 84.054226201612863 2.7729306868831203
67.531027097924891 83.773710356428069 2.5195909095199385
68.145470258403279 83.505178998111518 2.1948950733514101
68.761998109547534 83.190784934433921 1.9295199725622791
69.409275237610842 82.859638273872534 1.7580959658339705
70.032379641295009 82.491535550840624 1.5887685649071743
70.56654638824682 82.018768368876891 1.3661340044521422
71.119092198722342 81.554072039697289 1.2053101269249937
71.681993890668878 81.077898175285753 1.0681049042507287
72.162205607190387 80.504749221413363 1.0725149161664671
72.55250857114261 79.871012109292451 1.1506249144827665
72.921127574168665 79.246465040691064 1.3173606652316934
73.239712169144681 78.637315896705545 1.6018009054902835
73.551893295189586 78.025846645226366 1.8886576238416108
73.889147157620414 77.479786595493252 2.2846832384085998
74.178387524725409 77.134015261528205 2.8952236125734117
74.38569732326566 76.82033773705075 3.5339585686678459
74.506810978711115 76.484914332189717 4.1862251070773979
74.653689362882972 76.183453255902336 4.8512865467217026
74.848448627939078 75.804973402121377 5.4584025585748597
75.03856399791583 75.419524207375773 6.0710207583279114
75.091518036180361 75.102002856306413 6.7467209342078478
75.150300147991615 75.016415506026902 7.4958254553781778
75.202148831279601 75.005906762234446 8.237161114288309
75.228481392984477 75.155069301974493 8.9687676762072552
75.250165781915399 75.228296871113315 9.7069164623662498
75.247041320508714 75.261906499685665 10.450262522057965
75.18836317160752 75.381458160533484 11.182967168745344
75.147763560257786 75.528930624270075 11.909540023093479
75.172051827205863 75.69746113661995 12.635086087593395
75.079918209767513 75.867257051442024 13.352331826500183
75.018215465745513 76.04529814015639 14.071357866510628
75.061375976776347 76.250470201404241 14.786516333128047
75.149645712828516 76.484098721100793 15.489334202015597
75.279218885003147 76.844332197204011 16.127420439852436
75.415985025194317 77.154974686665511 16.790743447941676
75.631120649425526 77.45238493757094 17.433564197985852
75.871612491188728 77.758869704606454 18.072977779891989
76.205115566252402 78.025213029237122 18.678356298926907
76.646200526103058 78.314052259907342 19.212056936419941
77.121961487145512 78.487421092099055 19.75673370396429
77.678534091096708 78.543252405239357 20.265818262282892
78.166150117706849 78.325972558793069 20.795237254176051
78.756061722019751 78.035347531512627 21.159222402256724
79.265120385734932 77.6100981947002 21.507644178955715
79.653926442667313 77.007490109680674 21.741764800330593
80.033805410514134 76.385519252197085 21.885517545062545
80.417167305147288 75.753412482147439 21.955567722347656
80.813433167623003 75.118912997621294 21.940402642918997
81.053069938622158 74.412573878277058 21.883012753207623
81.221750496373843 73.701023522490274 21.734647018686864
81.28616891091302 72.983249977490487 21.541521772410409
81.277508409999967 72.307416459831884 21.208881526452917
81.112868576607298 71.707282876485692 20.793812144927283
80.877828849501597 71.171085971093575 20.33343061185802
80.578544769895402 70.681509807036136 19.848632240126893
80.056792380914004 70.225430400879858 19.545570998341642
79.486161930219637 69.898913990464152 19.194510916217567
78.93043346845019 69.499432450914711 18.908238052822462
78.390117840382487 69.044554039227762 18.675593987298274
77.809954536618818 68.664193813870583 18.396313700081347
77.220772724650459 68.238254854630483 18.257007268196645
76.574418587233879 67.85110649218548 18.172517720995188
75.965060909013886 67.448552561211798 18.340503224103106
75.493117874054448 66.94766693661164 18.65883222788953
75.075342882976074 66.411144755768092 18.931448666215392
74.678522240592059 65.851432671454688 19.255299005262387
74.533365816328583 65.246951084724358 19.699452386032636
74.614364264932618 64.793241782283218 20.299409883019134
74.768530336535719 64.44104672861387 20.958736017949583
75.236549333510084 64.246076281240832 21.523447312845573
75.810527934990944 64.13560359156034 22.003428304798675
76.381671580004706 64.251649227764773 22.469164033409601
76.929679636547888 64.499972500996819 22.920418838667029
77.58958628394511 64.728369017263191 23.183505801707785
78.213357568627217 65.014337093476399 23.473819921758484
78.784096437812451 65.422316387379354 23.742689509172823
79.236929034293041 65.95805031955085 23.986650013585241
79.703891513369229 66.489590029966493 24.227149366945273
80.094544657824812 67.055555498108248 24.497422666872172
80.361733852224901 67.683287050848307 24.816218884217086
80.603320207823074 68.340087583793959 25.063766295856919
80.694727308459719 69.064730011646873 25.239695405499969
80.691424994114541 69.749230175512636 25.535726984086647
80.600153162136337 70.43522413515268 25.810335307957796
80.507338223494187 71.143292637294167 26.012177747219738
80.410462903609627 71.879846469904777 26.109860665013468
80.22019754425996 72.557653053662008 26.363958035190848
79.934436875687553 73.176551849157292 26.661426346019454
79.607768667013545 73.80018259101648 26.901468337714402
79.243713398560985 74.385785487614058 27.188369521914154
78.743447838361533 74.857557255007293 27.479685517366768
78.105575739837889 75.228221631453664 27.688617846774079
77.371329901522614 75.361712308741218 27.788534938928859
76.641936130703499 75.268862377680577 27.906445213205348
75.898788468899667 75.286172140311209 28.100760668925304
75.228704547813365 74.96582968054237 28.149655618892357
74.571511625213844 74.599237912817259 28.201629237177286
73.935945672580516 74.305206240370111 28.449384082862093
73.373074054513538 73.928645365124879 28.794554805420084
72.952924426864627 73.678934381706739 29.35997618661338
72.757055727435727 73.691769518374713 30.250082478604781
