#spline3d 5 120 5 120
129.09497969306335 107.83359320878914 3.0338251611675831
129.2224497466002 107.6620631117223 3.5943657255242818
129.34287299999659 107.51037422265017 4.1778221109352547
129.4535218637584 107.37101918112597 4.7790958601454143
129.55166885002581 107.23649039829321 5.3930885339844741
129.63458519098148 107.09928392209386 6.014701747195641
129.69952153011033 106.9519679400573 6.6388439675255784
129.74364249731886 106.78742204088958 7.2604657483021757
129.76392096443533 106.59930363197996 7.8746445614811336
129.75707420599642 106.38265718552262 8.4767105781214411
129.71964885423557 106.13449639444799 9.0623829007930645
129.64828206331703 105.85397770969993 9.6278346048237076
129.54007796530496 105.54233325240003 10.16971983846561
129.39303422783652 105.20241237246367 10.685144134758874
129.20637319174313 104.83797971844925 11.171624896466229
128.98072904297689 104.45304103223182 11.627111596078104
128.7181546107733 104.05134390005355 12.050066352030735
128.42193599577593 103.63610819716584 12.439555805801556
128.09620433613779 103.20998642927205 12.795263589275212
127.74547163609985 102.77516153730889 13.117424204770918
127.37412567668234 102.33352842639454 13.406698774783314
126.9859482458603 101.88695032363484 13.663999405504173
126.5837501723702 101.43750416116131 13.890340701986261
126.1691639984783 100.98765381354437 14.086752409493771
125.74264147396227 100.54028587086768 14.254290745839853
125.30367702425406 100.09855900991163 14.39416050040956
124.8512144808975 99.665611213902707 14.507894889932514
124.38409084792455 99.244184107289954 14.597601182824787
123.90150478530026 98.836254486561046 14.666166536078913
123.40335084448944 98.442787780696463 14.717362546001363
122.89038964308665 98.063675001457554 14.755835319782937
122.36425743383136 97.697866665166259 14.787030560975948
121.82738879235279 97.343638157303502 14.817094943007072
121.28288018041671 96.99890280945128 14.852726067301186
120.73441647840183 96.661467391720635 14.901039589807839
120.18615750242711 96.329276041770015 14.969342578352538
119.64257143905209 96.000621785627786 15.064790849064725
119.10818072200786 95.674334429497549 15.193916237201503
118.58723450467976 95.349920715675509 15.362094652112392
118.08334445758229 95.027630354898633 15.573029050239496
117.59920871745348 94.708382865133359 15.828442687570327
117.13645177328452 94.393585786625223 16.12793964756921
116.69562484653446 94.084823687645738 16.469076760886566
116.27643779594979 93.783453430283856 16.847754957569279
115.87812099522462 93.490230336133649 17.258784791813884
115.49981085527735 93.205061592981167 17.69652153522178
115.14084682974487 92.926939709373727 18.155447839054613
114.80089598650385 92.654059509705405 18.630603739222146
114.47988811929295 92.384043206146927 19.117786380098448
114.17780816296958 92.114170600163803 19.61361296084042
113.89438217864468 91.841641098535618 20.115391679565189
113.62884079303659 91.56379602221763 20.620975660521697
113.3798851617353 91.27829188243517 21.128683425840151
113.14587210129035 90.983173186218963 21.637286664706391
112.92514660902285 90.6767880348565 22.145977443416378
112.71632393108071 90.357587214942072 22.654215149458473
112.51843967892218 90.023916152273785 23.161456380996999
112.33082528877729 89.67386809871563 23.666681426959244
112.15275013967724 89.305269116745421 24.167782532984987
111.98301348707498 88.915749586524811 24.660886367249979
111.81971621888052 88.502843779045676 25.13976283869405
111.66039774084391 88.064113698827711 25.595490963834621
111.50257278982103 87.597327331617819 26.016703319978358
111.34454025095505 87.100757023011113 26.390261081860938
111.18637921586982 86.573658328085131 26.702603940806014
111.0308201962506 86.016876161501798 26.941644674523413
110.88372589844629 85.433426366547295 27.098749413341736
110.75402512570268 84.828870574187889 27.17034706138627
110.65308610314661 84.211295326839704 27.158702928433229
110.59369443117384 83.590773302442997 27.07155452047758
110.58891948093861 82.978468244645768 26.921104333162248
110.65084446506228 82.385345263241945 26.722587044853778
110.78921009244567 81.820581590903473 26.492612873366493
111.00997181743121 81.289970977307888 26.247884879088442
111.31385777597613 80.794644315071409 26.00438751411323
111.6950960196145 80.330433195174209 25.77700665012409
112.14074926055517 79.888296508049706 25.579425782174532
112.63089452110573 79.455793186403156 25.424088400042567
113.13922348453789 79.019315645702576 25.321976076138544
113.63490584913299 78.56719737902516 25.282239571170763
114.08513465668091 78.092732517244698 25.311578521999831
114.45807787465208 77.596410924476274 25.413361176443281
114.7258514462934 77.086800887665433 25.586530616267265
114.86709218329477 76.579759681783557 25.824597688708003
114.86860820192224 76.096264506236906 26.11527430154505
114.72669688174693 75.659713357902433 26.440630919174836
114.44748047018088 75.292651518086132 26.778581549385141
114.04623614493977 75.013965899152751 27.105672975667208
113.54583565572439 74.837189309504552 27.400471661653441
112.97464412432591 74.769756399903358 27.646943377993761
112.36373478287291 74.813493520501666 27.836474136683123
111.74425638513539 74.965187612989595 27.969096518358139
111.14469919919783 75.217592610409426 28.053208176594453
110.58859670688597 75.560431703721505 28.10403713909011
110.09297739740249 75.981201604541681 28.141243803064963
109.6676857869567 76.465697236253703 28.1862116879329
109.31563617845812 76.998357465955038 28.259425384017799
109.03415059289185 77.562609840139459 28.378519582447844
108.81665716270501 78.141219986991771 28.55686139276429
108.65484246505447 78.716741658233957 28.802690640535516
108.54085371704187 79.272045120783048 29.1190490311538
108.46897802464427 79.790887420341519 29.504098822593743
108.4365408398275 80.258526526892666 29.95176428359013
108.44396661061617 80.662389578353256 30.452472584785401
108.49404891208607 80.992641009155093 30.994059640775237
108.59082819102869 81.242576245359643 31.562739410103209
108.73827343614529 81.408939821988795 32.144177366764488
108.93895460388664 81.491899989107736 32.724712363424906
109.1931636945499 81.494788454149884 33.292400305266028
109.49853168117626 81.423801121664809 33.837795593441975
109.85021393016223 81.287546896713195 34.354279019638625
110.24146775550865 81.096494762551458 34.837892567412858
110.66436410968595 80.862395731103689 35.286815617468228
111.11040893596385 80.597799080607771 35.700770522379621
111.57103195340603 80.315616023353869 36.080315416421968
112.03778167270681 80.028884374391723 36.426363163406876
112.50232650167349 79.750673376496167 36.73992517007126
112.95638167159174 79.494058024407792 37.022026902354369
113.39166625132017 79.27211336903909 37.273694287394157
113.79989896161221 79.09791447816275 37.495953238681366
