#spline3d 5 120 5 120
75.768674874909976 108.02504065795711 1.6790109051720066
75.762502167625698 108.0178466627623 2.556616974056316
75.643973409671531 108.04389133807878 3.3623767422862589
75.427243048977189 108.09552195592376 4.1065862682601084
75.126465435164533 108.16508591911338 4.7995413566363014
74.755795847026576 108.24492924037165 5.451538572759322
74.329405072942151 108.32737413293532 6.0728616231911019
73.86150840222389 108.40466813567359 6.6737112050926237
73.36636832393711 108.46892661730155 7.2639487350542487
72.858249084875908 108.51209617753612 7.8527267002032861
72.351286729001032 108.52594432167781 8.4477113750212229
71.85938005933005 108.50218795245721 9.0546673050614022
71.39601956680481 108.43285680906186 9.6765071569832912
70.974255474714312 108.31078942995647 10.313393024891271
70.606524505035907 108.13046251915792 10.962426295722693
70.304438791462189 107.88869386999717 11.618261953092423
70.078424784604977 107.5852681975134 12.27367586387966
69.937060531988593 107.22353626198652 12.920428979916629
69.886717537752943 106.81012369928996 13.55009706218919
69.930589345968016 106.35480914952898 14.154755833200932
70.068785151351989 105.86903506341888 14.727160703924138
70.297675496901874 105.36457676294131 15.260749761914143
70.610380425095201 104.85177412999802 15.749232991220971
70.996932478828754 104.3381586576526 16.186274556506174
71.444890195397022 103.82758222139589 16.565410977063589
71.940191624523464 103.32053004905947 16.880320578119804
72.468231613502567 102.81472415422073 17.125559161047597
73.015120519246636 102.30680706545716 17.297094647912171
73.569277125406188 101.79385595395397 17.393341824260126
74.122302958031327 101.27474318134061 17.415424412985036
74.669888826033485 100.75108672267608 17.367661359678294
75.21166516332238 100.22724657591165 17.25730498212932
75.750431985866072 99.709612135776325 17.093942475590037
76.290990986829669 99.205337809619095 16.888646671504592
76.838641538317702 98.720988109647692 16.652873617350252
77.397914938816072 98.261098535152968 16.397469636406804
77.971926433758341 97.827740832922174 16.132067316887802
78.561937709113764 97.42002645578421 15.86453603370572
79.167683575189969 97.034649318911647 15.601066138258314
79.787799281446155 96.666438598422587 15.346436015261935
80.42044292951735 96.309186820171348 15.104671364889125
81.063771754979399 95.956404279688954 14.879807240142847
81.716204776472864 95.60199946057962 14.676784858179907
82.376307209336076 95.240661643945501 14.501827941718807
83.042381073225144 94.868362202384134 14.362891738588022
83.711761294996137 94.482363747838505 14.269249774208332
84.37987673300843 94.081220169181634 14.23100404700048
85.039299290581184 93.664491719998182 14.258059201086514
85.679345107991068 93.232494831187651 14.359170631196971
86.285799737274587 92.786402294071436 14.540592777227369
86.842083323472266 92.328432146423623 14.805673030215914
87.330540475643744 91.862706567736922 15.15392891828315
87.734624931292032 91.395664193906981 15.581628513969594
88.041237171018764 90.936745205136148 16.081860391238269
88.242630871923254 90.4980537580023 16.645415995089387
88.337427821101173 90.093576330036626 17.261455798787722
88.33104393578337 89.737615250059804 17.918313905387517
88.233945060535902 89.44325317350885 18.604293067642839
88.060461420428325 89.220364589529581 19.308541982777722
87.826307633494821 89.074981419693628 20.021593655530168
87.547125482663418 89.008344657436879 20.736075146121919
87.237470259733215 89.017639404403667 21.446893368351738
86.91067439764538 89.096884511501187 22.151338904118109
86.579343849537295 89.23832566189617 22.848936200846211
86.256133186040472 89.433579993972089 23.54084572952808
85.954574368320536 89.673942291985782 24.22940612629926
85.689223591923763 89.95001662086284 24.917332777312449
85.475470950619609 90.250586337172265 25.607057400306378
85.328373318590891 90.56178806324219 26.300090811951303
85.261133337434472 90.866399467233705 26.996504368092186
85.283033483153517 91.144069272891997 27.694594302224697
85.398113003016704 91.372437419580592 28.390900092838493
85.603222404818069 91.529107895787348 29.080104035106526
85.88882196404397 91.593737183617677 29.755475785285164
86.238762276581284 91.5508961646632 30.408867406916809
86.632906123910303 91.391259075456816 31.031088602747932
87.048972411874132 91.113125183574198 31.611950490005491
87.46514307876545 90.722053062519805 32.140550613939624
87.861711729218499 90.229817801606572 32.605605113078575
88.222623865133997 89.652910794175412 32.996153024624078
88.535486200067041 89.01008564157712 33.302311961271442
88.79226775322401 88.320248587981254 33.516719595330478
88.988590556540203 87.600477959297365 33.635389564763059
89.12407693218951 86.864230486253376 33.659382601811892
89.201849122746268 86.120566294526995 33.595595414038144
89.228187217997956 85.3739072917637 33.457471426134127
89.211774189909804 84.624499810776484 33.265486447921859
89.162536328410695 83.870006348380528 33.046017600443854
89.090589038786263 83.10748917220161 32.83042920397348
89.005460232803358 82.33574784250176 32.652032187362401
88.915609640144893 81.558097818011049 32.543054103394304
88.828496741049491 80.783818614152096 32.531230969377383
88.750620715842089 80.02921458292596 32.636898034999646
88.687472915179256 79.317108161242885 32.870611826937932
88.643380420176413 78.6747735974579 33.233018817160456
88.620685124014329 78.130967249278584 33.713829609788881
88.619348836034973 77.712381733855381 34.294721502752616
88.6356970164166 77.439315095092866 34.950461651826672
88.66239125196519 77.323265940637569 35.652951051770124
88.68832060516462 77.364453385564602 36.374269286182155
88.699818367332327 77.551788684044084 37.090267690626845
88.682264959747116 77.864567214240239 37.78260709810025
88.622247088600233 78.274565037738071 38.440851677483579
88.508913484275823 78.750019944138202 39.061388491208795
88.335571868878887 79.258710774285248 39.64731953770908
88.099408736561287 79.770817825390679 40.205628212957144
87.801510160906972 80.260985570855937 40.745402613974584
87.445761387885625 80.708907394907087 41.275469997221585
87.037982739867672 81.099104894833559 41.802997071629058
86.585140364446701 81.420294778135101 42.332348074930593
86.094805215806147 81.66406263787816 42.865125580644147
85.575050948205686 81.824227400558485 43.400008973909827
85.03438529473317 81.895775109511987 43.933691974040649
84.481833940850393 81.874425919455874 44.461252961520877
83.926822032713517 81.756151678025006 44.976922191661998
83.379059529843744 81.537014570077602 45.474438166031106
82.848386350030523 81.213081585239706 45.947354463843922
82.344679463553049 80.780418014940551 46.38917510265356
81.877817831000741 80.235088470084648 46.793402130864138
81.457680241261471 79.573157710304528 47.153537669109163
