#spline3d 5 120 5 120
131.95142775366784 114.46332216325268 2.8488136284768393
132.19891982941598 114.39887982083957 3.4217409769228526
132.44883746588803 114.273153765373 4.014389433975377
132.69198243437634 114.09063048736036 4.6201891021881005
132.91915688424888 113.85579647621677 5.2325699780437205
133.1211630145917 113.57313907352221 5.844961793975731
133.28885076088355 113.24716288126284 6.4507761754901836
133.41327531582945 112.8824017628038 7.0433689971063442
133.48604928965739 112.48340461086894 7.6159825490901358
133.50000813667486 112.05463052305899 8.1617056202304639
133.44985121545778 111.60028981742883 8.6735605772657784
133.33284721188843 111.12419221887959 9.1447438301291317
133.1495250829042 110.62966733076024 9.5691396309677526
132.90365115081107 110.11969072773638 9.941916749644033
132.60178268993027 109.59710204749452 10.260002989614165
132.25252947540898 109.06491243407218 10.522544341284233
131.86511274477934 108.52666430068344 10.730858267835513
131.44814076785909 107.98660988721652 10.887984886794552
131.00848066174945 107.44984809376913 10.998291832513516
130.5506265401585 106.92205725570871 11.066670826068894
130.07704636930703 106.40896391618314 11.097909087511765
129.58848013858656 105.91564329480937 11.096160646744282
129.08501992785227 105.44557847740847 11.06466654623361
128.56699586893731 105.00022940403078 11.005919741229501
128.03559912249619 104.57866473636523 10.921907071120433
127.49300794128149 104.17787143490877 10.814579025895105
126.94189400546868 103.79368628665175 10.686286108121656
126.38477686312444 103.42172412258029 10.540164396184847
125.82326036696898 103.0583612970007 10.38047292889966
125.25764761096352 102.70126143582866 10.212601193748108
124.68698992497197 102.34941462322028 10.042871536207247
124.10938645539211 102.0029507790738 9.8782719791492415
123.52272217375837 101.66258478305518 9.7260797440431155
122.92532419138853 101.32914908662967 9.5936547616991188
122.31666570930861 101.00322179543191 9.4883635730178035
121.6980054945093 100.68484514380557 9.4175526245426013
121.07251091514264 100.37349447275771 9.3884689887263679
120.44560608568956 100.06801199491117 9.4080697300167433
119.82479272422225 99.76672110375749 9.482690823945882
119.21900512166977 99.467681512387145 9.6177553933610103
118.63790483776202 99.169022759278306 9.8173015396893621
118.0906826882108 98.869474249137909 10.083391864502497
117.58497220769057 98.568734146937018 10.415766831911418
117.12599109914727 98.267620641377377 10.811552695963853
116.71594360694633 97.967899034953618 11.265164633428187
116.35430556633976 97.671703125263065 11.76890200733372
116.03843450481057 97.38101758678846 12.313739151583853
115.76420782460727 97.09726051687403 12.890225809281326
115.52677224646543 96.821222401670482 13.489531836761282
115.32090747915245 96.55331695789441 14.104022303117281
115.14110152100314 96.293897950110093 14.727792181825592
114.9815530521989 96.04361820806443 15.356803393596712
114.83628734876423 95.803462239761984 15.988583094846076
114.69935198868315 95.574618568240282 16.62214181998328
114.56515518119026 95.357934533518204 17.257506826385715
114.42866501465456 95.153345247215995 17.895198251076359
114.2856216294449 94.959227079877195 18.53577379369834
114.13273508531468 94.77190563936405 19.179305381052629
113.96778949105499 94.58573158292657 19.825006361025828
113.78980165800888 94.393289099497665 20.470881546932898
113.59920217763116 94.185753281174783 21.113302699232857
113.39777443670019 93.953463316056201 21.746732038772379
113.18846975427057 93.686474772479585 22.363607935874544
112.97526023037693 93.375232908547758 22.954204681185725
112.7628364188858 93.011579468797677 23.507102767441847
112.55633405227893 92.589559580075104 24.010041120098609
112.36117531637437 92.10664543838007 24.450877376989979
112.18289565862464 91.564618091129546 24.818992265529246
112.02706560213051 90.969314236105916 25.106048943954107
111.89928036477022 90.330698727099815 25.306937119907264
111.80516938740615 89.661730583352153 25.420124810885742
111.75031795711173 88.976759060227948 25.447246924685466
111.74006926187204 88.290030945050816 25.392985874135249
111.77915102222875 87.613862575513139 25.264742937827695
111.87130100812351 86.957407558343718 25.072300601579304
112.01884558991661 86.325744272703858 24.827815511604989
112.22207861999883 85.719210603369106 24.545990617109656
112.47857302217334 85.133838224733879 24.243900327503969
112.78243554985573 84.562281583931011 23.940587628510588
113.12312522232537 83.994977055663725 23.65649796310004
113.48488880659025 83.422271720498728 23.412176850483313
113.84729750972744 82.836292868671237 23.226949591923585
114.18570123289773 82.233120016053704 23.117233274057572
114.47352140786691 81.61468244348157 23.094705444429838
114.68485198564323 80.98890173145692 23.165671452409427
114.79737486987317 80.370300365365864 23.329752056420727
114.79558692765802 79.778689967025898 23.579903375516871
114.67200568482075 79.236806516664657 23.903900777361041
114.42894136962695 78.768018632164242 24.285550946529103
114.07857950038476 78.393218670750258 24.707141555925844
113.64113706937368 78.128774517291021 25.151674815145423
113.14312107449871 77.984746260062039 25.604752029096037
112.61432921219944 77.963797338523989 26.056156642860941
112.0844740950922 78.061791533368449 26.500157046127828
111.58035838801145 78.26852985180102 26.935425915046508
111.12315231898538 78.568877171658812 27.364506557073135
110.72715208069985 78.944737515325556 27.792413469583803
110.39977611256057 79.37688973821605 28.225214279152137
110.14174627526619 79.846927575692916 28.668509084145491
109.94909892769424 80.339234163004974 29.12587025926765
109.81542315050564 80.84194146882308 29.59807727961088
109.7338079026286 81.347899240358473 30.082348480646562
109.69890910172866 81.854413582641655 30.572481815930569
109.70768552383186 82.361917245119557 31.059835339086096
109.7600465891929 82.872964305721254 31.53408620994669
109.85843329489583 83.390286298800703 31.984833274900197
110.0068053105839 83.915313913045992 32.402940368201492
110.20969412672184 84.446796638206337 32.781923081346612
110.4709770878468 84.979768263604583 33.119170704062483
110.79300570289132 85.505496172229499 33.416240905412771
111.1759361552793 86.011620211230436 33.678961641254396
111.61723691480027 86.482633296790993 33.917154902454463
112.11183078961676 86.900852784545648 34.143644042764898
112.65248804169715 87.247202238010331 34.373347390135102
113.23024878024462 87.501777264694965 34.62256444569492
113.83516120171299 87.644321072034757 34.908247589561647
114.45682027409455 87.654449464547625 35.247606343601056
115.08467785531636 87.511751474285191 35.657916040049564
115.70818372540467 87.19581666911445 36.156452031266014
116.31678683926948 86.686234315819007 36.760490203299888
