#spline3d 5 121 5 121
60.604367278298881 87.823810720839248 4.4306205196194908
61.084004750549227 87.719181974360211 4.8741792541182889
61.485512400132855 87.434107104438255 5.1770661266345526
61.846478342476701 87.055594888781016 5.4071233973762185
62.205348115676486 86.673674648326568 5.635238393611667
62.592698938287043 86.349447919720504 5.902589323424376
63.004420794228054 86.028477259406941 6.1331897636710044
63.428284392391667 85.681437891578994 6.3004923629451106
63.869170121641929 85.348835630748923 6.4488863206796907
64.32854544569966 85.026858540712198 6.5566864795352151
64.787686836550265 84.691080788772666 6.6164953797872377
65.239537767501986 84.341054184819214 6.6332514908939881
65.692154460877106 83.992461976121106 6.6142460257483853
66.132579321536866 83.631151371054074 6.5757316744550103
66.555660805737986 83.250010036535144 6.532648566430785
66.984748496646517 82.874308947251947 6.5042801506639387
67.414937111602399 82.498820472467401 6.4856070352824338
67.85195840453683 82.132390617306783 6.4569877685575161
68.304968242089899 81.786400706680936 6.4173944102868141
68.741821565827493 81.423451258013941 6.3671041693573374
69.174090540844688 81.053794562111435 6.3081068289106854
69.625743514966501 80.701614677010298 6.2664379661225897
70.094665155253978 80.379169558137789 6.3056009068504419
70.568670788311366 80.079626373435744 6.4215030182528512
71.032396184225263 79.761945869085849 6.5255961450965794
71.474889547039069 79.413358285105502 6.6176677314271659
71.897628317166678 79.049170554294179 6.7389930293119127
72.334332323527263 78.694270734878586 6.8423469231303811
72.789260600654842 78.367834980503389 6.9596782006300613
73.230979859997888 78.070605203128338 7.1668636068587386
73.650687766490336 77.7820490680337 7.4306837593948813
74.065190823393564 77.512857714640347 7.7188131563241154
74.454240199076139 77.265890364595407 8.055682998077021
74.804911338004231 77.033186858012854 8.4438214272379355
75.16355303092999 76.838492065427602 8.8434877053029677
75.55386470662252 76.685685420388253 9.2316536399311513
75.955669776026824 76.545706306820676 9.6146088131479956
76.32552863966481 76.409917367013847 10.028541659011477
76.645712678004912 76.307093516721508 10.491470281309283
76.937362746315983 76.231900138708326 10.978785244179022
77.197565640686193 76.161140021104657 11.481898068805513
77.431767851320586 76.109328424074818 12.000182241856798
77.663423633102283 76.055864073626481 12.519736713655213
77.888424975622897 75.988220488211013 13.039944674822182
78.096656504697236 75.91394840739396 13.566650031058716
78.291932485571337 75.838022474435647 14.098783479640765
78.452426340639377 75.770063797552638 14.642798808642763
78.585935790415945 75.733744692527367 15.197314859535981
78.75860248257797 75.703873072033474 15.739759226835801
78.951212041717184 75.620539908941524 16.271624731897976
79.122306947789127 75.498846654930176 16.807358786046429
79.223651619636499 75.354655368286416 17.349103212411194
79.228931883886659 75.178326904716414 17.894221255398133
79.255058619246199 74.956676641370066 18.420832545081421
79.325463299463806 74.682051654487893 18.918340168099288
79.395181965403779 74.368535862089203 19.392139067315671
79.448034073088408 74.006570999022202 19.830547944694576
79.497435691499106 73.592696502865365 20.222946025377855
79.549902435575646 73.130394210616103 20.560955773272383
79.604440489228395 72.617040013036473 20.810789305012502
79.647523495429326 72.062634646803275 20.957182180376254
79.674096970422269 71.494111407375115 21.015165822703658
79.720741347159006 70.921653235819605 21.026702575652291
79.765037978931517 70.352798521956004 20.992721965911446
79.752937117242709 69.798183404901167 20.860376359748916
79.716577292476416 69.257521065342104 20.661938791266206
79.648809025947259 68.727981812223632 20.45305364020043
79.479991445970001 68.21086495394033 20.289350968165529
79.246576432665506 67.705832011885605 20.144914844831156
79.026765036456581 67.207797813102587 19.969019694658602
78.77071259575618 66.72247950232709 19.814232823999284
78.466598621126295 66.247418143660312 19.714821128068991
78.156552330741604 65.769902648234307 19.657368964009258
77.862861031523224 65.282625167968561 19.611928446840356
77.585366789096824 64.784862369975528 19.57489891450912
77.310203710520753 64.283413488714899 19.569038810235959
77.026948314891285 63.787920733025771 19.614514088332061
76.72810620336017 63.31204976481412 19.722711754564468
76.437454341036272 62.847294063291052 19.885605833822765
76.173428596357709 62.382189709925164 20.08740413132773
75.905737198371241 61.943431086216485 20.340947725324838
75.653954836208598 61.538027137288651 20.662597461263221
75.503184489182161 61.167269064096018 21.071393754363161
75.423218248409739 60.866147685869372 21.561342755854444
75.422218004161209 60.630331501888186 22.087248459273788
75.569995876711218 60.438902771976124 22.607969668979671
75.811939020851796 60.327987006135011 23.117259163222322
76.120068298860517 60.29249600107763 23.604188662806621
76.496169765413171 60.31225527159377 24.042853016762145
76.913267113342954 60.475380282887471 24.399738148651821
77.309201141153338 60.790530869214578 24.68725940407024
77.671022497420779 61.1680881794383 24.924058636148047
78.003630209673261 61.570928579141821 25.150015338635928
78.332353412919772 61.978230265842456 25.380600081109836
78.701333055615621 62.35894286659034 25.590032237852306
79.127542403090331 62.700478376807411 25.773482504114444
79.519949157061546 63.05624004530646 25.996135325714306
79.770599655876765 63.483969278716245 26.276315961700149
79.947116104659784 63.945429451803285 26.574998861916683
80.152098652385817 64.391117691656405 26.866167570115806
80.367160244431574 64.835885432544259 27.149648682915792
80.573011227551405 65.283289135153453 27.439880393156812
80.774259836482258 65.727813132164073 27.74131629249888
80.912415507916748 66.203484360718932 28.025162493214403
80.967737723942676 66.717170448938759 28.273126334269001
81.001893405887728 67.230041812745029 28.524392727450063
81.041162252021635 67.72663090599643 28.801945593529222
81.063598075573523 68.229042243702196 29.071794231658362
81.062636854138049 68.73304474748177 29.345007303425383
81.021734967639802 69.208931189547656 29.659973575665926
80.899764779474538 69.634996537556077 30.024637107877968
80.690225003108779 70.031418673718122 30.381640521442186
80.40717086104145 70.405407554169699 30.708910845379823
80.089692620657232 70.745946629410582 31.039888113625882
79.741435221887599 71.057871985327154 31.37140255540648
79.351709832217622 71.311710480622253 31.706310379599035
78.951238905394177 71.471049169924996 32.081766091975489
78.567410454844236 71.566416102614369 32.498244596554784
78.218779045069383 71.629630291183091 32.948086392910945
77.915231379061211 71.682356465313589 33.424069863879403
77.667312517499909 71.747928596984877 33.918501597666449
