#spline3d 5 121 5 121
115.91617141416465 80.63660368749126 1.9001677484715898
116.2516561572522 80.505579906789535 2.3751047634969553
116.57861363511834 80.389461821714818 2.8581880930623815
116.89354442533261 80.302451203793709 3.3522976673203524
117.19209888920047 80.26321340888417 3.8611664731019411
117.47890178864432 80.247592992422511 4.3795520484985779
117.74762483472232 80.188497897674807 4.9042241643437805
117.97901376095454 80.055598707499527 5.4361315912583947
118.14485777077623 79.862591631072306 5.9726773208240971
118.23045093667312 79.625206805366247 6.5102732975187738
118.28414121815587 79.36178515680183 7.03558425007816
118.34861893159116 79.062254697029587 7.5444623984682782
118.40532661232697 78.729828567159842 8.0413033631454951
118.26287160505458 78.449790224149268 8.5393176587953885
118.00721138857719 78.18778841768885 9.019108560605515
117.76200684133846 77.856333599022477 9.4417782300472961
117.46171990223981 77.481999497127546 9.7940774589721826
117.11526963039924 77.091601733282729 10.075409867536827
116.7260693069006 76.673435508622106 10.243258145976727
116.31101021275641 76.264066164528643 10.365093619709091
115.83406016934536 75.921383045706364 10.420085554155309
115.33203503573147 75.602442810658857 10.441093902490096
114.83014248440548 75.290736405854602 10.423709031398706
114.31255144732557 75.009311126754739 10.345186999794509
113.77408482316231 74.768617563083026 10.304075623933656
113.21073299793197 74.581914721682551 10.324295002382057
112.64560592521357 74.406492574868651 10.298640494760871
112.08811265879461 74.225077185151093 10.213961885478183
111.53062338111771 74.047834821761242 10.125426532411634
110.9630588870492 73.888049194604903 10.07345622937838
110.39630076393577 73.721798340954436 10.033541279989217
109.83508987602688 73.539221692747162 9.9940333408728801
109.27804916133631 73.34206877591032 9.9584793498376669
108.70933522461198 73.17512901396023 9.9482126479664252
108.12796774981169 73.062650517150203 9.9622650078539063
107.54060299696604 72.993761119397433 9.9931164791012943
106.95422241433852 72.908572421626047 10.01076324411776
106.38125316296572 72.766878936757053 10.057766437127864
105.8232198876497 72.603762931768145 10.177300742609463
105.26779936769842 72.466066377185356 10.325328040390064
104.71210048014773 72.343423275188997 10.490670872341006
104.15995038137666 72.246159529488935 10.691414899252948
103.65131670464422 72.191903141360697 10.990009434508076
103.20256120253673 72.134867242187454 11.379331974934598
102.79013998369115 72.068302308823988 11.797620404314065
102.40532963058659 71.992888206663594 12.239007528064262
102.02680868688267 71.900852050198949 12.689194358823043
101.70969436946112 71.789537343886437 13.176853741611273
101.49221122580596 71.673637574426763 13.715817247433574
101.29080552515519 71.569445703291507 14.266080486035191
101.12635681282123 71.497516091099158 14.82890910949123
101.05667853579037 71.455681859300327 15.416220439334108
101.02856315566433 71.397291403188774 16.009728313245592
101.07209510645964 71.326354266394915 16.594732090077763
101.23587254474234 71.276838854133473 17.163554517319323
101.35759881183282 71.264963960554752 17.74340758848307
101.49178469472358 71.255489411177962 18.318111749910056
101.67640451392296 71.240648341961304 18.881434968512973
101.85448987146836 71.260109882781734 19.446344250844117
102.02940768512799 71.342964177589536 20.00575787356064
102.15910778863548 71.443725913901517 20.574397770151744
102.25827751231277 71.547615147930799 21.149647596148313
102.35808765905108 71.6247897189442 21.729263522079801
102.49928191226454 71.580751249168401 22.304876169524512
102.64475193737211 71.436179086971421 22.86687462573768
102.79504853314178 71.214947933440399 23.394468962542124
102.9523611355386 70.888960817840299 23.86859115588496
103.01691143054597 70.497720255408808 24.309985151900577
103.00604289002668 70.0470250468356 24.706441779273188
102.94160538248386 69.545009117514468 25.014593832707586
102.77015340116175 69.031392046822873 25.258113261519867
102.56989157166807 68.530349021627345 25.501166958384029
102.34733574269812 68.014313850542251 25.697178612710015
102.13837455716289 67.475323493686972 25.841520953497774
102.12885032941338 66.899212349357498 25.978103045174397
102.17545720678527 66.323400790542266 26.132860117579771
102.18228114775567 65.761524836785824 26.31357843306737
102.19691399270029 65.189507258369687 26.462343996536909
102.20554415100034 64.60480320408513 26.561750369218945
102.18295787201465 64.018811127564859 26.64834529483878
102.12514483446367 63.445985948548959 26.783293644587253
102.02260435903236 62.882253280304383 26.934886691907824
101.84656213342437 62.324015836083767 27.050999882901444
101.57259056939603 61.817845564009133 27.207558242034505
101.23539613911052 61.403551465043712 27.47084340381813
100.90089869632894 61.047799248068408 27.810272023867171
100.58066586197683 60.71812677221034 28.185561714277206
100.24619477207266 60.463098810580831 28.602493961044317
99.89871011029868 60.324091120212614 29.069210386868651
99.608208448073114 60.263450578137757 29.583146467143912
99.356380079303108 60.264398711078158 30.120919842183799
99.104400708708468 60.328224432985216 30.653583866648603
98.867741804959863 60.474780148753439 31.178938581317599
98.658723853851896 60.699827184779281 31.688559777687257
98.53224128294076 60.998123116091847 32.185248398601331
98.477227566700776 61.327297244578247 32.679470427844144
98.417274957532456 61.731059441987568 33.10827433861909
98.395130524340658 62.213167861775219 33.459462944930479
98.42913619266028 62.724152203983934 33.760035217576807
98.513663594206449 63.251643643727768 34.015637339219303
98.630068783538889 63.768696297034097 34.279367920891822
98.795493597560935 64.260097585882377 34.565367327496027
98.975535040560331 64.757372030494722 34.831200019970773
99.134886638341044 65.25416988653096 35.111017340387264
99.306610039090685 65.743422217630211 35.395516030095486
99.517528810303091 66.243516868814908 35.631814793109314
99.705508568568433 66.75161972409559 35.870036016011035
99.912725888212805 67.243425203200744 36.129145054695627
100.16050951577381 67.738234101639989 36.338808739650098
100.43560431963182 68.245875571330629 36.475438895510798
100.736917789541 68.729638069920668 36.635149140147071
101.0471689435993 69.19430205106984 36.833808608818316
101.37011307541373 69.635211779982995 37.058052143308821
101.74235331391472 70.046997826559732 37.263399564456122
102.13782511131218 70.444683757544624 37.472715895688296
102.52135113342281 70.766318567727495 37.78358604648519
102.90917198538352 70.984209059005124 38.183464452713565
103.29967133620491 71.177468376576357 38.587001845130331
103.63429259645994 71.358436452202596 39.034234682257804
103.86332826307662 71.509194406485065 39.58238367728427
103.93715747683677 71.615776236865258 40.285616100685786
