#spline3d 5 120 5 120
123.56675453128403 86.951875338192082 2.5263323106344706
124.18041952563095 86.845447746445615 2.9790205478259844
124.71007402573746 86.670554887197355 3.4620252318223819
125.15446277320017 86.436762030483735 3.9695043565803259
125.51232971551526 86.153635053947824 4.4956161758469388
125.78242670073004 85.830734596475011 5.0345160460066714
125.96362062043484 85.477548227772559 5.5803125934825077
126.05527219765156 85.103191981938451 6.1269185874208096
126.05763109622022 84.716037452643619 6.6679239614736252
125.97244235874363 84.323107006202406 7.1964644987619009
125.80335721212575 83.929623961019573 7.7052883097653835
125.55615463554092 83.538798086450356 8.1870471594426082
125.23844424165875 83.152125766074391 8.6346640984487202
124.85941783229352 82.769625615621536 9.0417793148297267
124.42906212750741 82.390524841335875 9.4031121941004105
123.95728490191367 82.013969872667218 9.7147368612535363
123.45325712488406 81.639544354983116 9.9741103876020318
122.92484155709091 81.267622438527169 10.180270186035372
122.3783956261874 80.899341429728196 10.333773626787913
121.81882793958037 80.536276793993054 10.436610788911143
121.24988943419299 80.180019474740476 10.49198540031295
120.67433581614301 79.831748394444432 10.504302291424555
120.0942316336305 79.491879216543424 10.479026275415919
119.5111596203804 79.159899539161643 10.422557990289249
118.92638835045202 78.83445695886104 10.341980627758231
118.34094394814643 78.513445031479577 10.244810437938801
117.75568844113242 78.19429480850269 10.138554519019785
117.17134740608289 77.87432013465147 10.03024009109512
116.5885127290602 77.551059213538252 9.9260581324466628
116.00760880083573 77.222623669011384 9.8309303075123005
115.42889081868832 76.887905907244132 9.7482679928272962
114.85247619213359 76.546593763789616 9.6798861698608381
114.278397590279 76.198996097103773 9.6262119380563558
113.7066379452162 75.845873908484833 9.5864589887430185
113.13714813004091 75.488164132987023 9.5591179585487502
112.56983917435842 75.12674187422563 9.5424280463318443
112.00458714399662 74.762242715350652 9.534748670700596
111.44125532638114 74.39488964718204 9.5348972071986999
110.87974120715708 74.024434611042011 9.5424693650253722
110.32004411421659 73.650239851567122 9.5581879114737838
109.76235284913325 73.271462355612883 9.5841089732134144
109.20722303641617 72.887264867399679 9.6239393779188092
108.65580922824623 72.497087571835223 9.6830390791994301
108.11012473270323 72.100949119707423 9.768182981603724
107.57316630307075 71.699696392405727 9.8870291366698293
107.04909479601221 71.2953950569038 10.047483180008147
106.54316960546883 70.891612329324019 10.25679171674469
106.06154235178552 70.493595707608094 10.520743850101864
105.61090147518557 70.108132800768985 10.843247033087506
105.19807994021338 69.743362727324737 11.225842471049516
104.8294605464947 69.40808581666488 11.667605032917484
104.51026050739331 69.110854666809374 12.165164767977945
104.24392929759127 68.859150119045097 12.712987702277061
104.03138334003376 68.658533400648054 13.303556184166004
103.87062479850718 68.512213470152901 13.928068121313357
103.75678664648825 68.421133867321771 14.577356794119005
103.68252357457953 68.38434991544932 15.242789399337202
103.63836995037991 68.399259346992238 15.917153919867266
103.61347836132541 68.461746941382259 16.595241208474754
103.59645759771232 68.565852944001406 17.273928415520022
103.57627025505899 68.703246217983732 17.951824206650986
103.54330410773053 68.862326728741166 18.628733866280644
103.4904871086173 69.027729952289135 19.304653811665116
103.41418066585015 69.180588705746999 19.978735949388827
103.31466874183228 69.299613319040205 20.648482817187197
103.1966998248551 69.362784878838795 21.309017680006992
103.06915992940208 69.350068180961415 21.952947679313411
102.94409415054065 69.246118032141993 22.570863897258469
102.83529337841848 69.042090586647376 23.152299949254573
102.75671220832238 68.737344584770184 23.686954466556386
102.72047093829238 68.339203805587246 24.16621867983514
102.73526096625176 67.861219163253125 24.584243857239553
102.80519152814919 67.320763000413237 24.938508947379432
102.92883625763393 66.736286815199875 25.230072188543662
103.09940755667968 66.124289252530446 25.462973177043501
103.30587411077362 65.49736284163653 25.643217527849341
103.53440732823648 64.863142805846195 25.777803865165282
103.77006646984287 64.224037871064439 25.87395155934643
103.99847431448606 63.578370917442278 25.938862783577417
104.20666924677114 62.922307999182564 25.980117846409556
104.38338613957734 62.251954732909674 26.006383822149967
104.518956347193 61.565729792599846 26.028263371325238
104.60500051173807 60.866649709466174 26.058706367546392
104.63434021390121 60.163566937554883 26.112495577992902
104.60132234617271 59.471808710294745 26.205096074588702
104.50257386452719 58.813004735256627 26.350762392598718
104.33800186903957 58.213311725474426 26.560106575511206
104.11139102718326 57.700591580948554 26.838393930591696
103.83084417925726 57.301249004179049 27.184295603457151
103.50865706302099 57.036786995918469 27.589663857605206
103.16040083802606 56.920499594227536 28.040577089135226
102.80319857148902 56.956508388776903 28.519616049466663
102.45398090738529 57.138986157901606 29.007890192398154
102.12760721459006 57.45329471232693 29.487336848044663
101.83551059534837 57.878608923326354 29.942654610023386
101.58557995659021 58.391198835711393 30.36204074857384
101.38204787930867 58.96717489643865 30.73782499578078
101.22613103711416 59.585148360249413 31.066118294146328
101.11672048441987 60.227983137685285 31.345981293965398
101.05114435974637 60.883049220197719 31.578256988396245
101.02556209411699 61.542485587053889 31.764812196309808
101.03544804345231 62.202412571484224 31.90789759920856
101.0760499757998 62.861787484088943 32.010195395817313
101.14285068309502 63.521011038211874 32.075287113147773
101.23208417092748 64.180843595093663 32.108569276049501
101.34118908266382 64.841309609828727 32.11814177514303
101.46906403044333 65.500951394489277 32.115303003716612
101.61589182772472 66.156670751725585 32.11399749540049
101.78298584164438 66.803596907498402 32.130058125649285
101.97235866257516 67.435398662600647 32.179554374388537
102.18631667620943 68.044739779408658 32.276881509722635
102.42716699624962 68.623790512186417 32.433601457412131
102.69702952606164 69.164564215363512 32.657472273066993
102.99773536476656 69.659156839515987 32.952644299814672
103.33080965846412 70.099763516094143 33.320586868272201
103.69754913994126 70.478610915115766 33.761340334626006
104.09909347563392 70.787909599723363 34.274273072803332
104.53653409027356 71.019855410526858 34.858628550639359
105.01095894242778 71.16664399564641 35.513639983289323
105.52345630432411 71.220470916452058 36.238541885260545
