#spline3d 5 120 5 120
118.0823272270699 85.202128686343329 1.9656582449258033
118.36544158575704 85.353742096058824 2.5557143433657612
118.67281453879913 85.453726919847824 3.1322083101604044
119.0004575268953 85.504832855517634 3.697010869147122
119.34438213469967 85.509809426238746 4.2519927044853638
119.70059680478781 85.471408196140118 4.7990252382440879
120.06504243318787 85.392407063155687 5.339994851750081
120.43336744090723 85.275651590491506 5.8768502196505397
120.80048920641549 85.124059705641642 6.4116645424913505
121.16015378431985 84.940568617648182 6.9466444003242289
121.50438329313039 84.728041416403826 7.4840547202125549
121.82326135291142 84.489166515770549 8.0259604856435249
122.10512360455135 84.226395012109947 8.5737872611959904
122.33727640058022 83.941938450421333 9.1277987606212285
122.50701108078864 83.637817483390535 9.6866322968605498
122.60290877840173 83.315947999228072 10.246776318515153
122.61617038614162 82.978294511918534 10.802375905931276
122.54168203999927 82.627077672187923 11.345300140304863
122.37833189291024 82.264995404343722 11.865623278196331
122.12898053427888 81.89545783261697 12.352221151501219
121.79998408698835 81.522784656020775 12.793564191254818
121.40026039725953 81.152235072130949 13.178623633568835
120.94024345891287 80.789787194107021 13.497833402758092
120.43094596511696 80.441665464372136 13.743808789232284
119.88328239542301 80.113742323752859 13.912164885211773
119.30748057043611 79.810781115653043 14.002127746141943
118.71266550092372 79.535782238329617 14.01675223151722
118.10649710636692 79.289504910125274 13.962861106596339
117.49508314022567 79.0705764303069 13.850311392218778
116.88270505515172 78.87558685972445 13.691493457281476
116.27179733016021 78.699824521503643 13.500196330145274
115.66300902185014 78.538195965762938 13.290450465214972
115.05544555750906 78.386128070909749 13.075393805271274
114.44709566320067 78.240079963079111 12.86653130748207
113.83524759214934 78.097850457306649 12.673078093709202
113.21710087919597 77.958415629828181 12.501862365901141
112.59034774892923 77.821535046255846 12.3576437004275
111.95368965173296 77.687237289088245 12.243802149029825
111.3072279236975 77.555315556117662 12.163091984586432
110.65291795736836 77.424798110703463 12.118358446350269
109.99478179883374 77.293610606439287 12.113115049689721
109.33893217537772 77.158627283312214 12.151736579390224
108.69322419706117 77.016159007173698 12.239213788285669
108.06675365964273 76.862612369516427 12.38066547076799
107.46910170161178 76.695257007360098 12.580650436179615
106.90935011541451 76.512851507167497 12.84246209958644
106.3949992672961 76.316022802404319 13.167454552780496
105.9312138133058 76.107196578864077 13.554690063100898
105.52019192174656 75.890460679602242 14.000632194140687
105.16102521005125 75.671231391561562 14.499248379985303
104.85028702044362 75.455832518447522 15.042645410472744
104.58317685064141 75.251045239315744 15.622024733575016
104.35484383103366 75.063605450276697 16.22863490223515
104.1616087231164 74.899590260852193 16.854575012188441
104.00183999060968 74.76365739864292 17.493308157593855
103.87613641598142 74.658271295918638 18.139764228191577
103.78684789838516 74.583093592934617 18.790143308674622
103.73721107843656 74.534895966045795 19.441566536902812
103.73044888072342 74.50744781793118 20.091851953861855
103.76877881527935 74.492083508848722 20.739264843497249
103.85263403042093 74.478527173172395 21.382389990498911
103.98029303138334 74.455955389201833 22.020034754424003
104.14786932216595 74.413948025144578 22.651133589730019
104.34949224293008 74.343333767819814 23.274598200489283
104.5778465533336 74.236635492559515 23.889084820703005
104.82470014472966 74.088137121651883 24.492698860737718
105.08138490344911 73.893616353084354 25.082747736547386
105.33915637983711 73.650099759294605 25.655508707976104
105.58955144776152 73.355671964294217 26.206071618265227
105.82472048403321 73.009419149104346 26.728416265507715
106.03774964803527 72.611629554070447 27.215747352943932
106.22281841126723 72.163957268683419 27.661069338356928
106.37537758975603 71.669629601988106 28.057840063783118
106.49220368017788 71.133374673361047 28.400724713616544
106.5713120466382 70.561010436437087 28.686238042380907
106.61177787120461 69.958821063696092 28.913378219505269
106.61341697749795 69.33298506259375 29.083845109572966
106.57656624156057 68.689149822043817 29.202581380234371
106.5017925842826 68.032324394857284 29.277842176169386
106.38968032729676 67.367202843633862 29.320997791378641
106.24061633117805 66.698915760023681 29.345874988139204
106.05458157145031 66.033869775416946 29.367708747824402
105.83088197021789 65.38080116468555 29.401967984863941
105.56804774371834 64.751483276249459 29.462847703746526
105.26407926271514 64.160844734539126 29.561873119769707
104.91714221715085 63.626164005967269 29.706880894500774
104.52647076441826 63.165616192204723 29.901514965666717
104.0934712940755 62.796275397481381 30.144864193624009
103.62258974352545 62.531793844430084 30.43198394015733
103.12170577952175 62.38047316371641 30.755045088067465
102.60186593127111 62.344484313818654 31.104916848836609
102.07680962695889 62.419663399426945 31.472753492103013
101.56212046956438 62.596248841882684 31.851567573222844
101.07411536171939 62.860546817658779 32.237203402619926
100.6285886594752 63.196898525318502 32.628502496530103
100.23977569756606 63.589488229281677 33.026444266125857
99.919235994876274 64.02378552140884 33.433066761205829
99.675105148352785 64.487580181288479 33.849858716541796
99.511835634403226 64.971393945756631 34.276331751745893
99.430506938112984 65.468375147373663 34.709018801026517
99.429640625923156 65.973749275671722 35.141257914798885
99.505907585527311 66.484287907377549 35.563125933085871
99.655083300754526 66.997377077433086 35.962334072433883
99.872693919904577 67.510022978079661 36.325711832879968
100.15436838485576 68.017860738965311 36.641211776009136
100.49590821999962 68.514443824626113 36.899827755562775
100.89317942268252 68.990647461707994 37.097673468324565
101.34184231002763 69.434766548345351 37.237211760832423
101.83700647291361 69.83325345572878 37.327500929320287
102.37291527878736 70.172043708127177 37.383054166808193
102.94265935096553 70.437990387526796 37.422293258431758
103.53793706592472 70.620329787753931 37.465725047455344
104.1490640803524 70.711527083592514 37.534212247536928
104.76515282186348 70.707310932399267 37.647991650529377
105.37447807818639 70.605828471800805 37.826470248282696
105.9647700213325 70.406828388055274 38.088345627430634
106.52351950503729 70.110755039540791 38.451951289157741
107.0381561350917 69.71822808490306 38.935519086897813
107.49610607820497 69.229877053428453 39.557274366654504
107.88479573472951 68.646330821512208 40.33544296900758
