#spline3d 5 120 5 120
120.10495888157011 90.02508143940355 0.63538285774670722
119.71794228447185 89.652243099718291 0.7016331695978133
119.32867842112894 89.28124172947966 0.74526833582653085
118.93646287508396 88.91326277980275 0.76907278536933255
118.54059121019422 88.549491733978286 0.77583095081107056
118.14035939877168 88.191113420242488 0.76832726362361259
117.73507048241515 87.839301859986719 0.74934736434223126
117.32406171434683 87.495180607478531 0.72168357402427752
116.90675406090295 87.159749471481916 0.68813707082440445
116.48269240868869 86.833821457065667 0.6515086181701617
116.05159739944295 86.517935898485561 0.61456125560041652
115.61337696597346 86.21232541057725 0.57992667767152151
115.16811317941664 85.916917938663985 0.54995178438936154
114.71603344318656 85.631373897479591 0.52660233682973268
114.25750808737368 85.355093764998088 0.51143118282409239
113.79309313236666 85.087178918710421 0.50562941698493435
113.32360781140497 84.826379712871585 0.51023324718700291
112.85025666638957 84.571042185685812 0.52638848279686223
112.3746763984086 84.319170923429908 0.55553724766211754
111.89900059840174 84.068523891529168 0.599580301395233
111.42584343954537 83.816859345089199 0.66097083973206028
110.95818012361055 83.562280698898832 0.7426891133130048
110.49914160728332 83.303652604248924 0.84811214352385556
110.05180603973351 83.040761525996132 0.98077590175358365
109.61898518240729 82.774561942630939 1.1440983654191843
109.20304284132108 82.507077237382887 1.3409736656473479
108.80580447809848 82.241084684670696 1.5733678103112985
108.42856032209997 81.979661913488115 1.8420374966765016
108.07214426094532 81.725823289540031 2.1465097398774655
107.73698184225678 81.482201709273568 2.4850178179193056
107.42324658114286 81.250840224010119 2.8547757969274894
107.13103755114925 81.03309988195609 3.2523330280105331
106.86055848574168 80.829670903092961 3.673968499539539
106.61224336250501 80.640602856409743 4.1159838523753765
106.38684849960943 80.465313569387106 4.5749624229292527
106.18540375956518 80.302714785961356 5.0479252529537648
106.00900554901533 80.151413388333779 5.5324024768550757
105.85853310810757 80.009981137386191 6.0263933487962653
105.73432628894706 79.877215872096585 6.5283478815693234
105.6358198894427 79.752419794687029 7.0371100843665131
105.5613295810343 79.635543927560988 7.5518172576901677
105.50803092952653 79.527205903392073 8.0718002483520408
105.47226723176033 79.428550169066895 8.5964846084543947
105.44982043678672 79.341191974052052 9.125326267879954
105.43639599595313 79.267099397501113 9.6577426107122282
105.42801585363607 79.208490794560333 10.193058071173654
105.42118925533222 79.167673822301666 10.730446139185393
105.41282193855297 79.146862006578488 11.268901776116742
105.40005796124719 79.147930118855001 11.807191069353502
105.37996338100142 79.172159144199014 12.343859828573919
105.34929674248541 79.220006372709165 12.877296483947001
105.3044871202604 79.290949695859439 13.405866134914817
105.24177740233449 79.383376829806693 13.928062237864841
105.15752530103492 79.494367495052416 14.442713663089297
105.04866502442229 79.61963626283746 14.949177838899704
104.91320353954424 79.753516370865214 15.447479743603619
104.75044449372679 79.889190259335905 15.93826242222022
104.56113119929732 80.018922032320617 16.422674516138787
104.34741118859239 80.134462098772644 16.902096608842825
104.11247953918188 80.227593103223725 17.377714251420738
103.86012778265358 80.290691143006271 17.850028231831175
103.59433498017997 80.317043630181402 18.318599430942253
103.31901359067038 80.301190241726147 18.781769732157517
103.03787012091314 80.239086260036231 19.236609773407945
102.75446948713589 80.128076847385884 19.679125333248098
102.47241850354669 79.966804059931079 20.104662726655476
102.19549269542263 79.754958192980268 20.508369204512864
101.92770353795764 79.493268929620527 20.885608949846421
101.67313739085436 79.183370648730502 21.232359786707462
101.43556451921521 78.827772659485163 21.545407440858988
101.21795035298416 78.429829347771573 21.822301937190034
101.02213045065665 77.99367263589015 22.06113745038045
100.84844235018888 77.524239475285697 22.26029869752572
100.69582168898421 77.027165725625053 22.418110374454852
100.56234149858693 76.50868053564038 22.532668400169161
100.44616083004441 75.975426095712123 22.601974416751428
100.34649774067029 75.434287262368912 22.624305631663656
100.26477106721016 74.892171397036478 22.598936429901098
100.20531697090915 74.355710289204694 22.527063701537781
100.17540654485438 73.830855081531013 22.412859325449961
100.18418242820488 73.322551337325947 22.263845381842994
100.24126175571021 72.834305013641327 22.09131125191524
100.35448303923098 72.367762758069858 21.910095242133107
100.52756355472049 71.922482197075254 21.737566795795733
100.75815750160356 71.495957547684753 21.59193059617985
101.03776695766007 71.084164450312031 21.490550167458782
101.35160618605545 70.682131282690221 21.448291659511156
101.68008247883218 70.285066210733632 21.476014925321277
102.00121968265508 69.8896512004562 21.579802329787285
102.29356564388297 69.495286629490977 21.760847305935275
102.53822955427253 69.104472685277159 22.016246537214041
102.72092818714883 68.723363208681533 22.339219178782539
102.83307265310451 68.361362152482101 22.72006142799151
102.87185510546374 68.030227444086719 23.147017867399889
102.83951959648637 67.742759139435577 23.607173155138437
102.74183477265565 67.511532404301519 24.087254537825789
102.58717861524785 67.34757276836929 24.574318694609975
102.38503625475693 67.259067251942881 25.056489607863174
102.14500637616014 67.250418188910672 25.523564863104145
101.87619928819979 67.32195487823148 25.96743540096573
101.58706512537958 67.470353252192069 26.382200122858066
101.28536987905419 67.688965901114244 26.764502834130322
100.97853213600985 67.969080752698346 27.113399256296365
100.67410239301425 68.301095927030218 27.430204238086596
100.38017502790838 68.675468624902848 27.718084767045791
100.10559997277581 69.083204257737279 27.981693379684646
99.860022978661334 69.516082220992658 28.226817754631391
99.653513113279075 69.966451893130795 28.459853605634372
99.495871233922969 70.426811949577555 28.687332480658817
99.395966299370855 70.889437661786729 28.915578680381344
99.361079935530753 71.346116115448922 29.150476418923624
99.396308182197188 71.788011894722899 29.397307462856798
99.504417078189817 72.205780713493013 29.660725233156771
99.686060206587328 72.58980868039248 29.944769550722068
99.940420459719149 72.930433139893282 30.252989704443912
100.26567996222339 73.218072107645511 30.58853787007736
100.65957703672109 73.443255996398435 30.954347180760781
101.11973990337707 73.596561080596999 31.353286887230741
101.6437893378795 73.66856752937646 31.78822151006862
102.22934648258227 73.649855295508232 32.262015818855566
