#spline3d 5 120 5 120
130.30024473783473 100.94976636105075 4.8496474201362867
130.61036885539428 100.77801906323762 5.2301072625932514
130.98594460927396 100.63706972438483 5.6209675010447953
131.41199077569499 100.51763882259722 6.023512682738585
131.87352646198019 100.41044663550791 6.4390273028053624
132.35556653109344 100.30621849374806 6.8687960923630689
132.84306223992118 100.19579002485828 7.3141024885416561
133.32075003140284 100.07044414659725 7.7762192940380039
133.77297271563444 99.922580602912873 8.2563360918466167
134.18372302024346 99.746391486917474 8.7553387114189185
134.53699834220598 99.538608031408344 9.27334064401966
134.81763475488358 99.298966805433381 9.8089468606088523
135.01246740974941 99.030105800266313 10.358451105445054
135.11156672542677 98.736939070558293 10.915196279427859
135.10900243330425 98.425654812972397 11.469546582681385
135.00324788490371 98.102769971678384 12.009317634172337
134.79733005604535 97.774304135095647 12.520691517553406
134.49835736936791 97.445287346489863 12.989704579150668
134.11677898451683 97.119672557964918 13.403849286847059
133.66532552216992 96.800545725962792 13.75343898395348
133.15785903268454 96.490401888617086 14.032315124906711
132.60828665443844 96.191253281122187 14.238351361226613
132.02948445513121 95.904545458047423 14.373125264467497
131.43254806223931 95.630901475741879 14.441296405541809
130.82631174106584 95.369912841691487 14.449943104211325
130.21732255591613 95.120203327429039 14.407918545241182
129.60972022151728 94.879585466029411 14.325473908846996
129.00551815956413 94.645533487870537 14.213605491364536
128.40499742113872 94.415749782846902 14.083253756092043
127.8072286007811 94.18872714672888 13.94421736950506
127.21067665731887 93.963986070800573 13.804224989931592
126.6137143340606 93.742125580053695 13.667973517754767
126.01510452957467 93.52446478640222 13.5367171348881
125.41427379024209 93.312421664646337 13.408580088898702
124.81136082526963 93.106793796774383 13.279572619393923
124.20703370672355 92.907244360357339 13.145073985444768
123.60221943446098 92.712028568953428 13.001330537139843
122.9977620754851 92.518048862906568 12.846924257207274
122.39411442706755 92.321387525130021 12.683707880317138
121.79118747375507 92.118114765463375 12.517042070918869
121.18843114349224 91.905147236733484 12.35529189427503
120.58510618099756 91.680847503230112 12.208872172710082
119.98069657754816 91.445476421706857 12.08921697386929
119.37542095166094 91.201143194413405 12.007569806006604
118.7706606255601 90.951384037361322 11.97408276479408
118.16924657539488 90.700412507066105 11.997161023556409
117.5753753282235 90.452291627349666 12.083231775426908
116.994513126802 90.210115057240131 12.236284707424316
116.43291931719921 89.975366937511794 12.457617371332351
115.89705546123274 89.747662982751365 12.745637155309973
115.39296340972366 89.524879143887304 13.095865415307671
114.92588053930305 89.303679191846584 13.501440799195418
114.49999288078536 89.080110289182926 13.953711672102379
114.11838890874061 88.850427234884819 14.443241176324992
113.78310602615051 88.611957092561582 14.960928039742271
113.49504476068739 88.363888458281366 15.499003239334126
113.25373446895813 88.107655245180979 16.051590583451112
113.05696249587233 87.846968486996332 16.6149163665924
112.9003346645482 87.587472784611947 17.187265123532981
112.77719540735907 87.335820182980413 17.76853464383229
112.67888153364545 87.098519181090552 18.359716786434568
112.59540101609623 86.880720476494105 18.962258623374133
112.51624918747611 86.68528314536529 19.577433725815819
112.43130020488859 86.51182599194172 20.205619254911774
112.33179651011913 86.356252662838159 20.845513075155036
112.21125200746609 86.210690578618923 21.493406148589564
112.06626147391457 86.063898556179026 22.142538091287136
111.89663515652238 85.902316776046433 22.783088352612925
111.70572108137479 85.711073855139105 23.402088353692381
111.50005994921339 85.475589275256112 23.984316190639273
111.28887327656059 85.18319185257522 24.513824867053579
111.08331886151286 84.824823771768422 24.976272128434545
110.89549459885289 84.396073868146928 25.361197925414661
110.73738220509945 83.898112030177458 25.664402855394989
110.61951575498088 83.337838294299772 25.889767917860372
110.54970463572636 82.727188425991031 26.049813756272361
110.53190409163543 82.081873646676598 26.164931713851459
110.5657767534358 81.419785886381945 26.261053841489488
110.64649178864694 80.759641188476991 26.366940619431716
110.76511210393791 80.119697583271929 26.510696934428339
110.90972419822435 79.51680045065703 26.716259570008781
111.06697966787546 78.965792278594336 27.000507156484776
111.22367572217408 78.479310290870487 27.371784787060349
111.36789986671273 78.067775466210207 27.829662906320547
111.48972491452859 77.739337806100252 28.365352619609904
111.58115260190053 77.499887624679047 28.96356170249496
111.63555918786514 77.352902607449494 29.604744938113143
111.64707587117108 77.299206287277215 30.267451818220472
111.61032229964808 77.336911987125973 30.930261411006033
111.52073840771736 77.461307708317108 31.573389457323579
111.37556459581823 77.665398214503966 32.179871277449934
111.17515936213674 77.940909989066441 32.736178284941005
110.92436349844728 78.279569241427652 33.232589729614489
110.63284252837829 78.674026158088225 33.663025642189481
110.31550269600653 79.11842565865679 34.025391140233474
109.9915777489465 79.608190257535341 34.321554095824432
109.68307189411674 80.139192374558618 34.557296099416725
109.41255987454042 80.70656198969364 34.742048197603623
109.20109173984292 81.303756118793956 34.888110215092901
109.06615633563904 81.92176165867599 35.00993018908418
109.0201785165028 82.548913303886707 35.122864128868059
109.06977700615846 83.171317909072073 35.241801512518798
109.21575829342578 83.773812889340348 35.379750693029727
109.45400634842989 84.341160378784423 35.546872796737041
109.77636062274257 84.859210791975514 35.749699939526359
110.17178061761709 85.315999896016251 35.990766995731093
110.62751267674668 85.7024312866412 36.26887710206595
111.12996060314507 86.012425943160764 36.579905153053048
111.66517771280624 86.24252130160248 36.918030491099024
112.21900962537785 86.391251154876898 37.277027709068037
112.77700417142522 86.458512458030924 37.651493508826967
113.32424339008882 86.444980322603868 38.037688187493323
113.84524235129557 86.351826281222714 38.433808341412011
114.32398909357842 86.180633737498113 38.839768343197512
114.74409635840277 85.933352563161549 39.256697689296331
115.08895409588727 85.612247067813939 39.686492714182059
115.34188382273497 85.219752469026403 40.131348662018787
115.48619998318115 84.75835416436253 40.593529350246015
115.50521773511909 84.230540673145057 41.075301326679131
115.3822520948722 83.638800288811851 41.578931069271732
