#spline3d 5 120 5 120
133.30229401930134 108.93665642309382 2.5370253341307647
134.18826348506795 108.84641633183256 3.0220879443351936
134.94139082700522 108.61096920000438 3.4982625288910665
135.56540966721539 108.25253185916934 3.9687444497248605
136.06405360070352 107.79332128094555 4.4367289973267301
136.44105847047547 107.25554903274447 4.9054087654001268
136.70021858232275 106.66128862192538 5.377881691728029
136.84551911364073 106.03202485968569 5.8568198576967827
136.8812896207057 105.38793955136312 6.3439280985559039
136.81238508246409 104.74687185120656 6.8391343067698793
136.64434585405002 104.12327385219659 7.3397704470275595
136.38346371824235 103.52782713698618 7.840315065320052
136.03683525114252 102.96717840940364 8.3323173642501125
135.61223996396191 102.44433989217401 8.8049703532093115
135.11787730434887 101.95957837340623 9.2462589657085417
134.56211132014769 101.5113938588126 9.6442561073343889
133.95329098033926 101.09720094125083 9.9885205571842555
133.29967197821651 100.71381087233092 10.271448897593157
132.60943765699918 100.35749219489733 10.488980828863314
131.89069307366202 100.02384363196965 10.641052234869846
131.15134449776576 99.707708835619911 10.731535273685211
130.39875871308189 99.403404297681021 10.767583911349012
129.63941272231071 99.105247781531972 10.758496410657113
128.87839049960201 98.808305355121874 10.714731429624711
128.11900595135475 98.509294367167172 10.646602628303272
127.36271145047394 98.207136973495196 10.563360824619064
126.60922666347727 97.903093744433704 10.47272009765555
125.8568802171561 97.600441507386364 10.380815926673417
125.103319872523 97.303379561730836 10.292718882173853
124.34626832833196 97.01574232234924 10.213070840390181
123.5842439936775 96.739709066734974 10.146563724893754
122.81714645963773 96.474809661205683 10.098220442504362
122.04645073976788 96.217740780653187 10.073326685831768
121.27505440629905 95.962885667333424 10.077205224654872
120.5069398425931 95.703279972741043 10.114905157445714
119.74648876301144 95.432293096349454 10.190863318260584
118.9978233320746 95.145126792553967 10.308727725512917
118.26424586078203 94.840157128427009 10.471214904037369
117.54789696615578 94.519646895104955 10.680082461096207
116.84983211034707 94.189358171536298 10.936196654103666
116.17040753241547 93.857339813326362 11.239669685482292
115.50974467284186 93.532499409385935 11.589916996288206
114.86825835014697 93.222828675187841 11.98576065389018
114.24691303958917 92.934285223794305 12.425551217110456
113.64726904596206 92.670139588812347 12.907264801920588
113.07127202230058 92.430871268734052 13.428572283852745
112.52074352836142 92.214731944967838 13.986788600024324
111.99689490693179 92.018694333266325 14.578778717550318
111.4998687417377 91.839332018791453 15.200815080639362
111.02865619306438 91.673840404070006 15.848626305396342
110.58149459526558 91.520711367683276 16.517689221828284
110.15650020662343 91.380128567669033 17.203653751530084
109.75247993585049 91.254147118601708 17.902893094719275
109.3697581036291 91.146436874687367 18.613096937034395
109.01049890662026 91.061602476909357 19.333545626133056
108.67886550184744 91.004281299679107 20.065351562836959
108.38050517626807 90.977588278385866 20.811221507309966
108.12149475516514 90.981173449667295 21.574728500340299
107.9070778475791 91.009545027057939 22.35925721430057
107.74015176975183 91.050397664578838 23.166568705729379
107.61977541991037 91.084290597287946 23.994969913388456
107.54053614015376 91.086208425823926 24.837944055196143
107.49226219916891 91.02793378308786 25.682727332634478
107.46085992562992 90.882099721905789 26.509565897272054
107.43043172232098 90.627111778198667 27.292168509039243
107.38589193655375 90.250809183936127 27.999471505179976
107.31597594762779 89.754121476985361 28.597872864286373
107.21608599547372 89.152188901367964 29.054988088993401
107.08957880158279 88.472510344920479 29.343420181450551
106.9480266387063 87.751751803908036 29.444323377749878
106.81029039057015 87.030981763249883 29.350686687325943
106.69996938054337 86.349509086789993 29.06923432839406
106.64225266645897 85.740157616644765 28.619374645596281
106.66089874733929 85.224738613103852 28.032384784441902
106.77522001965923 84.811521990735542 27.348008813034983
106.99814748593207 84.495202980906413 26.610379788978602
107.33535242182488 84.258735798614907 25.864266263429112
107.78434631876416 84.075503642217768 25.15171165796885
108.33437897575401 83.913237675474008 24.509273363508271
108.96702624397879 83.737947805886847 23.966750603274214
109.65645193592513 83.517588083692843 23.546037653021237
110.3703152265465 83.225884714886547 23.26058983890389
111.07148474116087 82.845603826754413 23.115476281797296
111.72039638629371 82.37008564528027 23.108264399614161
112.27773649639924 81.805055716600179 23.229410684134791
112.70812848274701 81.168381811997989 23.463720327413238
112.98346557040389 80.488286649305365 23.792157799109386
113.08594687866047 79.801063431674152 24.193683650653014
113.01079148803629 79.147994550993772 24.6472796931175
112.76743662341738 78.571003442436918 25.133970738999537
112.37812096934422 78.108627281551904 25.637931686635408
111.87657004057614 77.791894885138646 26.147373761025541
111.30436413491626 77.640927055850199 26.654703943249334
110.70638852505688 77.663153837351217 27.156200345696334
110.12645264281518 77.853926673286267 27.651199891553905
109.60302848761988 78.197140904053541 28.14133717104421
109.16578251349395 78.668224672171959 28.629223956157183
108.83436329207557 79.237631638158945 29.11730226079645
108.6183940885863 79.873973653553776 29.607037025786468
108.51896366639588 80.546965123003034 30.098491718098305
108.53142398850876 81.229796545613397 30.590385015506651
108.64828844569672 81.900084306253547 31.08050476961872
108.86106050136391 82.540783762536236 31.566097342502825
109.16138963468239 83.140072293197278 32.04449298206584
109.54107445918808 83.690553040626369 32.513807066693374
109.99157229334227 84.188098015440261 32.973586689168016
110.50325683121146 84.630613378155402 33.425472503959774
111.064764507844 85.016499763641789 33.873474744044522
111.66291852109997 85.34349599178492 34.323581975460044
112.28291500325433 85.607784322366911 34.783122300898263
112.90901658300426 85.803487858580667 35.259618137031907
113.52543307672865 85.922798376970917 35.759593516929286
114.11693888958634 85.956563710901221 36.287908977216169
114.6692735473595 85.894925488105926 36.847392808022228
115.16913717313332 85.727984546096536 37.439163061951433
115.6039049821744 85.44604900756481 38.063256512177432
115.9613198654006 85.039632758963961 38.719175406398634
116.22923343716299 84.499333287647005 39.406281216877623
116.39550260011006 83.815752422821745 40.12392961125488
116.44798401109972 82.979491802038552 40.871476409746684
