#spline3d 5 120 5 120
122.12631517527322 82.051583777630142 2.5405519362954365
121.898633615332 81.810985477484607 3.0085255658506407
121.6330601707928 81.551950174195198 3.437606201532597
121.33243702668486 81.278385609412283 3.8283641754836855
120.99960654943769 80.994199573849087 4.1813699275249991
120.63740855474286 80.703299008628861 4.4971924067591722
120.2486515965841 80.409576894095295 4.7763827706048474
119.8360472049727 80.116865263757234 5.0194437893357415
119.40213428509745 79.828834141512147 5.2268210844476597
118.94924053092272 79.54883007345471 5.3989692422433615
118.47951754771837 79.279651286077097 5.5365253943778434
117.99504007536696 79.023320320255351 5.6405378261533814
117.49790633028248 78.780916723719614 5.7126540080780037
116.9903070465748 78.552436961475848 5.7552587179838
116.47452431773999 78.336839310570028 5.7714405525574834
115.95286050335021 78.132217763302265 5.7648380176829184
115.42751776255011 77.936096077760482 5.7394164704828334
114.90045601843082 77.745790154265222 5.6992450115656696
114.3732529790461 77.558780701113562 5.6483060651950554
113.84703250948932 77.372967902499155 5.590377239330067
113.32241412886395 77.186820203349939 5.5289638437386364
112.79953033385871 76.999366034494656 5.4672968215725586
112.27810885954246 76.810042974836165 5.408370566587509
111.75758937667229 76.618501749915168 5.3549634077736306
111.23726011615845 76.424445234031538 5.3096260440310585
110.71639285150057 76.227577033707234 5.2746775045249956
110.19437171509851 76.027697970694604 5.2522791722223374
109.67080180057084 75.82488130634222 5.2445981619513047
109.14565786652791 75.619720426393926 5.2540509345504454
108.619450611248 75.41353821257897 5.2835834689319165
108.09341210563385 75.208497453588194 5.3368754945021282
107.56966534953442 75.007573225896181 5.4183797966469101
107.05133163380006 74.814369498906331 5.5331328947598886
106.54255414354046 74.632740283864749 5.6863271462816742
106.04837974426657 74.466253464687355 5.8827615626062633
105.57457456187556 74.317600049886153 6.1262841133938117
105.12732751135776 74.187976085968756 6.4192138492282265
104.71280423418995 74.07667428551872 6.7619005138206596
104.33665032029211 73.980988024236424 7.1524729817866373
104.0035444484032 73.89648249594336 7.5868523063030677
103.71690283463194 73.81753253323491 8.0590218127255717
103.47878219172456 73.737999481274855 8.5615447573513723
103.29003373370371 73.651864740528808 9.0862475379699656
103.1504266867754 73.553785603448773 9.6248561371755983
103.05881526251957 73.439576804814777 10.169661087071241
103.01322932725479 73.306531093603397 10.714051967554354
103.0108856957974 73.153539893151361 11.252872613594663
103.04817398368769 72.981006017671916 11.782602591935969
103.12069821722677 72.790557634800479 12.301355436474898
103.2234317660583 72.584645670394039 12.808726197097167
103.35100331308861 72.366114156249679 13.305468208300667
103.49806039775672 72.137816580075622 13.793196249633025
103.65975432485133 71.902205500781051 14.273895231353986
103.83217243242812 71.660958893925624 14.749401842785812
104.0125871575576 71.414658291027123 15.220897565303899
104.19939796716615 71.162588692771763 15.688514969273669
104.39175895396571 70.902664560652156 16.151082138539749
104.58899501923463 70.631574160739646 16.606090986014603
104.79001865130931 70.345047309131644 17.049788422668126
104.99277410977179 70.03825555168288 17.477364564705891
105.19390371854519 69.706389369167781 17.883324771200861
105.38872491027605 69.345289641258759 18.26194129522376
105.57155192418445 68.952068075522831 18.607755367225803
105.73628651408204 68.525559918799672 18.916031309008265
105.8771383447632 68.066541264852219 19.183147124040218
105.98919101236856 67.577542626303085 19.406804670797015
106.06883489598292 67.062572242886048 19.586277522808619
106.11396680602205 66.526641764023566 19.722643533969027
106.12389965324641 65.975258937094935 19.819003467198435
106.09906457937882 65.414036530816333 19.880681027527114
106.04055512460093 64.84847704845167 19.915298941511359
105.94960914991138 64.283944107810555 19.93261317904447
105.82711504413813 63.725775682840862 19.94399749803485
105.67331338945245 63.179432846365181 19.961553479850814
105.487594674102 62.65064075996051 19.997012672885834
105.26858804818715 62.145425690285556 20.060361946326054
105.01452596184168 61.669990858621595 20.15865580544261
104.72385536655867 61.230436883096068 20.295304551053267
104.39593629672163 60.832417122265177 20.470109978237417
104.03171598600979 60.480811627200211 20.679957056963403
103.63413942128535 60.179541498736612 20.920083080874157
103.20834246861956 59.931474565281256 21.185377557199519
102.76168291783877 59.738354018794773 21.471618878210297
102.3033917263041 59.600802919920838 21.7763376864959
101.84398489351057 59.518327617906763 22.099061397530267
101.39450025427548 59.489333396368515 22.44096445076838
100.96568940962082 59.5112042448051 22.804085431366904
100.5672551259656 59.580521502439979 23.190335473717102
100.20735255457059 59.693449500791687 23.600632255571156
99.892144043609534 59.846168356072745 24.034128991393839
99.625529187297275 60.035374765585914 24.487634011372897
99.409089801651675 60.258696360067695 24.955365226625517
99.242237775535941 60.514904010704278 25.429066885718459
99.122619075267167 60.803822077555019 25.898567007059537
99.046715621323102 61.125943863082796 26.352711947074088
99.010561763931079 61.481781817805107 26.780649737789698
99.010330110686169 61.871228401812417 27.173017431081135
99.042750565743646 62.292920938660771 27.523213544142656
99.105269885738139 62.743844821415728 27.82832674308403
99.195959715260145 63.219265310018592 28.089556446096068
99.313317490376221 63.712986496300196 28.312019328404649
99.456097077543717 64.217866952377435 28.503952779232645
99.623243837009923 64.726470170423866 28.675463155234251
99.813909652552042 65.231711020121253 28.837044747603983
100.02748898549535 65.727344620523596 28.998291493944325
100.26364717535036 66.208369109263828 29.166756260036198
100.52227246356895 66.671169424564042 29.347284349775833
100.80337250957976 67.113417631839667 29.541911088752553
101.10695671248774 67.533749021013662 29.75027242062642
101.43292822410801 67.931303361323714 29.970376273948393
101.78098094194692 68.305241010824616 30.199521577215414
102.15055017237735 68.654386732071856 30.435061754535866
102.5408040534092 68.977000458003658 30.674889455247182
102.95069816629794 69.270704691374334 30.917626814313664
103.37906593162526 69.532590748311307 31.162500485634617
103.82469060311966 69.759415777913219 31.40909381716331
104.28634072368597 69.947789031654935 31.657138769617323
104.76278241796683 70.094283257949328 31.906402225204971
105.25278172983857 70.195468693604695 32.156653318134069
105.75510470491758 70.247915739460566 32.407661042080093
