#spline3d 5 120 5 120
124.84477691779155 103.23763181291503 2.6374254134662558
125.2749250227688 103.12356015680346 3.1613449009624501
125.7266083962233 102.9855594474587 3.7051485058792268
126.19040103758147 102.82051392348579 4.2658063916233422
126.656876998611 102.6253087147265 4.8402887191619337
127.11660703286225 102.39682799096174 5.4255670083640899
127.56008325172347 102.13203695723689 6.0186483394495651
127.97758431483662 101.82818995316443 6.6166360668726112
128.35898231408981 101.48334122441834 7.2167840788083746
128.69376250984084 101.09667776162476 7.8164240392297124
128.97113011978414 100.66911161558923 8.4127746455757624
129.18049696530926 100.20332895948552 9.0025869379301806
129.31208129436621 99.703724490167914 9.58176696424621
129.35797802735331 99.176098428398362 10.144868590703554
129.31274995509489 98.627049015751183 10.685055622467139
129.17453107174686 98.063577307644977 11.193960593196959
128.94505619969178 97.492709085449022 11.662287494608897
128.62950815074814 96.921414237300809 12.080522144597417
128.23584650690239 96.356703735405389 12.440140921613235
127.77350888645698 95.805744426685905 12.734443993904197
127.25240725898891 95.275875116387411 12.959752638035962
126.68193927452251 94.774195040226388 13.115744298385309
126.07060581844853 94.306872675556804 13.205647965803735
125.42595775951307 93.877952961242741 13.23612798870507
124.75491769959703 93.488868015471851 13.216232846914298
124.06392232378813 93.137606673597674 13.156599778399332
123.35904327608041 92.819216280676002 13.067929573162374
122.64587655107098 92.526414393348759 12.95986147224543
121.92920542188781 92.250802341340574 12.839787487037086
121.21280786003423 91.984075335764672 12.7126814850415
120.49905861467163 91.71905362144247 12.58071191471843
119.78899617605508 91.450076582502419 12.443990658809284
119.08241546074689 91.173030964058228 12.301335816782037
118.37819699737635 90.885052934196608 12.151721822810527
117.67483301713855 90.584022008565199 11.995556755636274
116.9709976200335 90.268334719956911 11.83632514487171
116.26620007593863 89.936802602906027 11.681300710074911
115.56137749487135 89.588876574039617 11.542061879798171
114.85954757285954 89.225168305444001 11.434266987861596
114.16588149184287 88.847757953535492 11.376251935906277
113.48806264371309 88.460786909002465 11.38744666329668
112.83573708353735 88.070377057567967 11.485842678778205
112.22004044198115 87.684573977599783 11.685620233601398
111.6526346860485 87.312818809945014 11.994559283626824
111.14483940384133 86.965141999761471 12.413490217263284
110.70669681857386 86.651279049364362 12.935175512546543
110.34652028579067 86.379885324133866 13.546286568791974
110.07046399637996 86.157921521474705 14.228928139928179
109.88195140009425 85.99021325789937 14.963422759863146
109.78128128619625 85.879617362417434 15.730570347474622
109.76406981312084 85.826988137469243 16.513707944658933
109.82068165955066 85.831801375029215 17.299601515418459
109.93561769213446 85.892525101087486 18.078956773857843
110.08797608377409 86.006922495686794 18.84634604355243
110.25339487305207 86.172055044640743 19.599276739216371
110.40603748818992 86.383637736940088 20.337724556076378
110.52144023450862 86.635247459031049 21.063063536974404
110.57889879274983 86.917266303774397 21.77751975460529
110.56398630552582 87.21581489366902 22.483602681014311
110.46913991545996 87.512847539517438 23.183744096567899
110.29506857526168 87.786053164299489 23.87986599113189
110.04936686141019 88.010705417574144 24.572902081806486
109.74564442915515 88.161586978198855 25.26208612370203
109.40127367722525 88.216201621673179 25.94390195950729
109.03494899431016 88.156863634552082 26.611616049680112
108.66436290041108 87.973439438867814 27.254310959381076
108.3045111326693 87.663519778665673 27.857404639989504
107.96677454758783 87.232521988514819 28.403292522581996
107.65876540673329 86.692875237176693 28.873063452470024
107.38533327099222 86.062110795750598 29.24845263036401
107.14938659964889 85.361889734691118 29.514238661337888
106.95334080194438 84.615944545353116 29.659930824295216
106.80003989874845 83.848686793743283 29.681056988552946
106.69351458317077 83.08334469246617 29.579924170303375
106.6389435929828 82.340766818399345 29.364594029902772
106.64241090193667 81.63768257082701 29.048643428402237
106.71006018438396 80.985952845778357 28.649222233219643
106.84734404516351 80.39169159546266 28.185801088681746
107.05809615484372 79.854545639457015 27.678626923843289
107.34409895791661 79.368395697907971 27.147698151883485
107.70408568263181 78.921097776021455 26.612019026159967
108.13322264365802 78.496147880292853 26.089478953578489
108.62214315806894 78.073913065687989 25.596922272602928
109.15578598055659 77.634000176123408 25.150387850318232
109.71348373502684 77.157639604598813 24.765306258129126
110.26835299951112 76.631081792776968 24.456209223883437
110.7890931260408 76.048128245410268 24.236077133532955
111.24176330734343 75.412757731307892 24.115166560293236
111.5933876596624 74.740884160152291 24.099273882511181
111.81509707558814 74.058639405092819 24.18913194613036
111.88668431567875 73.401341143020218 24.378920904146106
111.79880354065428 72.808180028738263 24.657084286695241
111.55475413847398 72.317573646382797 25.007112037404656
111.17094305976876 71.96086888025458 25.409612452479635
110.67371465572566 71.75943650615649 25.844927734605051
110.09751971473642 71.720868108667062 26.295872468263131
109.48031135580514 71.839938527294251 26.749954843795404
108.86030754774318 72.10060151457219 27.200370970640574
108.27234774241825 72.479219604095491 27.6462468713231
107.74639667610992 72.949094235213906 28.090495112575159
107.3054977016965 73.483668365942364 28.538069994255618
106.96600718097687 74.059264453365984 28.993328839970612
106.73801309133879 74.656161824925277 29.458623371452099
106.62582373754596 75.258988408482693 29.933410763435951
106.62955347669154 75.855340034642666 30.414968291198534
106.74538316454047 76.4349361581979 30.899010702443249
106.96661596895494 76.988260940428617 31.380979163496953
107.28427845076428 77.505964921997688 31.856840627120658
107.68762061833517 77.978632043321937 32.323857624643189
108.16475720388925 78.396946312161973 32.780705859833709
108.70279375814184 78.752037822599448 33.227825543477003
109.28801575356346 79.035796197229018 33.667317866152359
109.905912894228 79.241014103300103 34.102842266492594
110.54118577484319 79.361431374877185 34.539470674058293
111.17797632349985 79.39143168149603 34.98319037388768
111.79999691530442 79.325866257819115 35.440637617442412
112.39078048170528 79.159766693964968 35.918694946561082
112.93379933944681 78.888222971899893 36.424323556763589
113.41252415018113 78.506326522008081 36.964486003912789
113.81042540059592 78.009168968874874 37.546145236968492
