#spline3d 5 120 5 120
123.035530614479 88.471196903115782 2.7151591146022112
122.75059193388159 88.006604736384418 3.2668996416464484
122.42774398494569 87.538108451477484 3.7449827481684315
122.06964532865554 87.067652514281875 4.1534952079837781
121.67895468906855 86.597181238136443 4.49652399452156
121.25833050547389 86.12863852338009 4.7781574040025587
120.81044669836042 85.663938680088222 5.0025417154576965
120.33803281432635 85.204890382620775 5.1740225615634943
119.84391589150627 84.753087407720926 5.2973549594503266
119.33102351568408 84.309788965780385 5.3779500813366612
118.80228576033072 83.875880579886186 5.4220006379695374
118.2604896654734 83.451936247433039 5.4364233794587928
117.70809339573071 83.038286899333613 5.4287903692347799
117.14707853373314 82.635144947007475 5.4070099782868413
116.57894556093218 82.242689911459905 5.3789303656857141
116.00469301232746 81.861116249703954 5.3518829918257449
115.42491090904444 81.490613970987638 5.3321807509916885
114.83995801710242 81.131242126712991 5.3248255710342578
114.25015157099678 80.782744123735228 5.3333915871872266
113.6559646745245 80.444309597242338 5.3599932555530012
113.05818317076292 80.114420330516026 5.4055447702575359
112.45790634870171 79.790965133372609 5.4701948113658636
111.8565314406041 79.471400820819127 5.5536483363349038
111.25562351083657 79.153204198564694 5.6556530574832653
110.65683244435685 78.834240793892405 5.776336901641276
110.0619008312666 78.513039782477449 5.9164794055309944
109.47276317921001 78.188954602875441 6.0776943298577608
108.89169538860402 77.86216278520574 6.2624461039175232
108.32140738341249 77.533567585722196 6.4739205151257337
107.76514499277141 77.204757615078364 6.7158895349038268
107.2266459853254 76.877812567513587 6.9923047143410146
106.70996530086784 76.555021747770311 7.3068306805498153
106.21928960975272 76.238570521137959 7.6622825527879375
105.75863091156707 75.930167639783591 8.0600571711230558
105.33151716083501 75.630875839397632 8.4998886994174523
104.94072036297874 75.341123235846169 8.9798351906889948
104.58798829114203 75.060837597449776 9.4964113705213382
104.27392828577507 74.789718576710072 10.045069144178392
103.99811922008951 74.527432920052277 10.620724505708976
103.75905428420928 74.273733134430941 11.218130634981701
103.55424879415222 74.028534961083423 11.832274478151337
103.38040975320349 73.791972827774003 12.458600802331183
103.23355883258016 73.564517067935483 13.093232081094238
103.10922014975212 73.347176374686256 13.733192825960186
103.00272665571543 73.141682923953397 14.376596823928059
102.90958070465696 72.950449862844152 15.022716735744053
102.82590945855856 72.776334825615507 15.672113040999365
102.74893278293878 72.621778486203922 16.326430852695626
102.67706849539671 72.487837084256626 16.987889763241245
102.61004832872808 72.372898147795794 17.658664017003687
102.54864083571002 72.271597467685041 18.339893909883802
102.49407076379499 72.17469745744495 19.030763902956604
102.44737434105991 72.069531692794982 19.727659624081046
102.40870964922186 71.940960701434506 20.423322702564807
102.37692096624342 71.773094975977813 21.106527131359755
102.34973101980992 71.550859353791296 21.762690131538331
102.32414019414709 71.261713110690735 22.374387766218288
102.29744200741833 70.89739253428742 22.923176058494125
102.26806210402313 70.454738626798402 23.391597299734546
102.23628375946518 69.936561892162899 23.765265920731274
102.20470010236461 69.351761169839037 24.034920628751703
102.17806487256611 68.71412448057545 24.197176199352171
102.16288677594349 68.040755855652762 24.254360104666926
102.16691209755878 67.350336377647011 24.213959754037024
102.19824877133043 66.660893473260245 24.086915228103123
102.26465664916797 65.988382614388101 23.885845969408003
102.37288653268911 65.345136902842739 23.623909019933908
102.52818945804684 64.738819275830352 23.313992123434158
102.73406770646267 64.172239843008413 22.96879976012956
102.99179754395833 63.643130030074609 22.6013188978717
103.2997258305483 63.144334891205389 22.225574099360351
103.65257965833482 62.664830972474448 21.857230829525136
104.04120004953376 62.1912384386737 21.513648144212006
104.45205072135511 61.70949931093768 21.213658983608646
104.86772818794368 61.20756332822971 20.976314765459989
105.26829683412471 60.677346492897932 20.819398819205894
105.63260683284815 60.116977743108066 20.757598277347185
105.94034283596649 59.53216525103948 20.800643129782525
106.17375835239746 58.93581116854557 20.952385805341386
106.31905623602586 58.346960532981434 21.210253487785177
106.36757012733307 57.788963177246139 21.565006967952204
106.31608530001731 57.28638547523633 22.00163009668066
106.16631087049437 56.862317408858409 22.500896776284794
105.92489340818625 56.535635633978721 23.040605918992142
105.60261256950598 56.318935145767583 23.597817292747351
105.21334112760482 56.218341865681737 24.150680421153684
104.77333086258753 56.233300826299548 24.680191132429897
104.30002197529738 56.357685424377884 25.171639361194298
103.81073011665229 56.58165759576071 25.614977565566861
103.32143230617412 56.893262337904595 26.004759430029381
102.84552650433261 57.27983419308412 26.339855493228484
102.39300473322369 57.729193769483786 26.622627006273575
101.97063276999859 58.230184136326081 26.85796015257112
101.58197581596858 58.773130734964965 27.05291396275949
101.22844492872653 59.349884899887293 27.216176302901111
100.91051758365076 59.953516938622208 27.357643968000644
100.62877918057393 60.577976497610251 27.488151054146755
100.38485481377559 61.217540312705268 27.619085463298227
100.181836585222 61.866232626734657 27.761802840630637
100.02423320603532 62.517481724396838 27.926951376085746
99.91777810872577 63.163922150394583 28.123552568764602
99.868721252552334 63.797604775624016 28.357902020613299
99.883029714902037 64.410463387320448 28.633135988302183
99.965483214072449 64.994864540505063 28.948540906879778
100.11871711434738 65.544239648760097 29.299768254141057
100.34271977398889 66.053379665927565 29.679935270558001
100.63448998651263 66.518549745797088 30.080970047541623
100.98782766637986 66.937459992512004 30.495277157545608
101.39357818841017 67.309039037099296 30.917373786357597
101.84020257249064 67.633200944888216 31.344593591284198
102.31406665132634 67.9108615870893 31.777727322234949
102.80013582628077 68.143963659227694 32.220655145108992
103.28260014278887 68.335423371988682 32.67942101496137
103.74528604110833 68.489108220965605 33.161545325688301
104.17199008027359 68.609613900890039 33.675266954858103
104.54659627317854 68.701946528034298 34.229077113441349
104.85307038799598 68.77129471751519 34.831523869655136
105.07541597219701 68.822893987749652 35.49115353136915
105.19763867848576 68.861980601999051 36.216511399065816
105.2037440861866 68.893791046138176 37.016142915924149
