#spline3d 5 120 5 120
117.9684616022378 87.283873649707147 2.8115366001884321
117.67849584123449 86.842130697818234 3.0310278516574587
117.35720889433864 86.433212813500319 3.2220477790509001
117.00756087970312 86.054442068778329 3.3857684178605094
116.63251190087323 85.703140652417545 3.5233615998859276
116.2350229006221 85.376628776733469 3.6360012115992615
115.81806768908291 85.072202406943276 3.7248786131700045
115.38464946959085 84.787073292128198 3.7912715808363893
114.93778539101675 84.518346870714822 3.8366124104836552
114.48046254537783 84.263001930453925 3.8626082762947029
114.01554964988779 84.017925975111396 3.8713508127213072
113.54568161617787 83.779992745444233 3.8654338174148983
113.07321693998315 83.546138253873849 3.84795139285362
112.60016200352879 83.313452968490026 3.8225616174213126
112.12815331387249 83.079277735299215 3.7934301283006859
111.65847828512062 82.841312125544022 3.7650540104167831
111.19214836463468 82.597668139115598 3.7420289351516907
110.729922671959 82.346997950091421 3.7288426404249035
110.27235177068323 82.088619065744339 3.7296530294487296
109.81982253884939 81.822627311155898 3.7481426979835049
109.3726251066623 81.549849324373767 3.7875204701555698
108.93102726393613 81.271808710391042 3.8505067581695589
108.49540088366149 80.990567106920352 3.9393507503043335
108.06640045602074 80.708390241154447 4.0558366207144765
107.64507519679672 80.427431106432039 4.201284990369456
107.23294811271377 80.149496883296479 4.3765202914448675
106.83205475334121 79.87586426439735 4.5818337648426448
106.44482090265642 79.607300478991021 4.8170417988343033
106.07382611152856 79.344252484656991 5.0815875646224073
105.72155969897454 79.087041005890043 5.3746086731312301
105.39012175115229 78.836057459452846 5.6949596200984631
105.08097449103091 78.59187418259836 6.0412321436472185
104.79487356747858 78.355163276298896 6.4117509732237652
104.53191743959397 78.126549244206018 6.8045684998925093
104.29158375479817 77.906400493100534 7.2174211333501814
104.07295030546321 77.694646425483015 7.6477585044911311
103.87497308813603 77.490718790340694 8.0928441881023954
103.69673274529933 77.29360479965591 8.5498856513169734
103.53770072540971 77.101862285646348 9.0161812621112389
103.39791549808056 76.913745600773481 9.4892819352945263
103.27792702807986 76.727335593684103 9.967098121889876
103.17854296787192 76.540668764084955 10.447900996127762
103.10048810874427 76.351858823799674 10.93036809744123
103.04389545540118 76.159216187576178 11.413513587150408
103.0078715984956 75.961285003711168 11.896583167334532
102.99047105649225 75.756766923210023 12.378911059020759
102.98854922246228 75.544415086068938 12.859771601870001
102.99804912099516 75.322809969046347 13.338170914294963
103.01444713197534 75.09013237010852 13.812623553074719
103.03322418635601 74.844140707995777 14.281106278678996
103.05034893100834 74.582148181466479 14.740924975947204
103.06278682015905 74.301240403762179 15.188771864034237
103.06893759365835 73.998649193309234 15.620882145065742
103.0686070084739 73.672032728101541 16.033279938619643
103.06312648256201 73.319809844355248 16.42199844096881
103.05503948230529 72.941391053995829 16.783383038886939
103.04751441655202 72.537282221239863 17.114423007080024
103.04373117430015 72.108928775093489 17.41291743611507
103.04635079422329 71.658675461813786 17.677754228468896
103.05704161447127 71.189570381801914 17.909105863470987
103.07630843395184 70.705073368535892 18.108494994335956
103.10371291896784 70.20873416393313 18.278553736460822
103.13807559299572 69.703909315531348 18.422856912693668
103.17781446766448 69.193451567198025 18.545626668934069
103.22128859724349 68.679485564621743 18.651405734967867
103.26696584653395 68.163407580920179 18.744847271501939
103.31347133825285 67.645932330432373 18.830616339906236
103.35952399877191 67.127247160500175 18.913364495722785
103.40368502044011 66.607385148486003 18.997822427272396
103.44404953008262 66.086643786815827 19.088932025039316
103.47794529408068 65.565975871289297 19.191957676280179
103.50155796525762 65.047481421566587 19.312582133863984
103.50978062506134 64.534796662331772 19.456792539109994
103.49646971886264 64.033201345759835 19.630491062677621
103.45491124508439 63.549548155929841 19.838996934585303
103.37852179522163 63.092205652129657 20.086263550559249
103.26190026943434 62.67059284233882 20.374026003966517
103.10173995580779 62.294617799880399 20.70122863849565
102.89728289372029 61.974169272668107 21.063948396857185
102.65103159430325 61.718548942782448 21.45506219462893
102.36868442828025 61.535894905045801 21.864714899256594
102.05864831043885 61.432580709535891 22.281054853434711
101.73103646684496 61.41300377132626 22.691243574362165
101.39687874074217 61.478855707575264 23.082389489135402
101.06675288781535 61.628822540762101 23.442892604121745
100.74949625630163 61.8582284359506 23.763961181606149
100.45175879595824 62.159546030060241 24.040164441613104
100.17718781233546 62.522253376534778 24.270812188717361
99.926503391032057 62.933647550547285 24.460236394496761
99.697963680858166 63.379861768775292 24.617643986791677
99.488403637008901 63.847023558110088 24.755619960905879
99.29401166173993 64.322315439621278 24.888959475978581
99.111372042360074 64.795095327318734 25.032549134312006
98.938293958030101 65.257646830663674 25.199162425281397
98.77409083102684 65.705112990255017 25.398356752504224
98.619783558800734 66.13544916444134 25.635642589824478
98.478074163288795 66.548956614197877 25.912255858693644
98.353041241516749 66.947362303964809 26.225831056863321
98.249682437258315 67.332872711792632 26.571574520889531
98.173553688331069 67.707424885807384 26.943152285676248
98.130331162299271 68.071920907243083 27.333661217271086
98.125297754798524 68.425700623068607 27.736508097009917
98.162965412101514 68.766539357475864 28.145811343542327
98.246779937086643 69.090829119097407 28.556555744945353
98.378791891336533 69.393932030048546 28.964635690517383
98.55953937830995 69.670915712507124 29.366683238071975
98.788098007575826 69.917231253008993 29.75992768083211
99.062190127531281 70.129201376133793 30.142130557097381
99.378165401042097 70.304548124416186 30.511654861090658
99.731199354199049 70.442607774892465 30.867534129458484
100.11553620524846 70.544186474867487 31.209518227714927
100.52476476110233 70.611181465196267 31.538028082095927
100.95199769189026 70.646240410902251 31.854178490038667
101.39011964394945 70.652231544340623 32.159631089429624
101.83191897594247 70.632006262458248 32.456428084201455
102.27016276621403 70.588343825526636 32.746812909283562
102.69762770527106 70.523961072837892 33.033126089387181
103.10709973874883 70.441560384365886 33.317721145646566
103.49136520099195 70.343842974230924 33.60295354165121
103.84321045962953 70.233510139333617 33.891178494484009
