#spline3d 5 120 5 120
58.213696391245435 84.200485175534425 1.8790577020705042
58.133126542750304 83.705936812996512 2.5590599711797002
58.152557214912179 83.206495612155834 3.1697161720260389
58.264450251852011 82.706449189447483 3.713190503455599
58.461267217678277 82.210084365119712 4.1916471882724498
58.73546845120817 81.72168705983978 4.6072513098712085
59.079455848803605 81.245429241587672 4.9621892078577288
59.485458237943675 80.785101466331284 5.2587058639489035
59.945364774238556 80.343651067727265 5.4991721165981344
60.450605669350736 79.922605464330516 5.6862046758865024
60.992256218595017 79.521853316581854 5.8227905228270345
61.561292022558803 79.139594599364074 5.9124416442805394
62.149099967331196 78.772664046977695 5.9593549153349343
62.748069035799816 78.417320664691999 5.9684284133407139
63.35206757344146 78.070019447618094 5.9451700728081915
63.956932796983018 77.728184405827747 5.8955080977690031
64.560528530304651 77.390652208608074 5.8253859632528346
65.162429955929767 77.057603178174347 5.7404068153030412
65.763684434838282 76.730408670100616 5.6454820718275478
66.366206872331375 76.410992939419387 5.5447637107891516
66.972230102616876 76.101208971559799 5.4419649615563914
67.583870701209037 75.802228288047786 5.3407565880919385
68.202676799093581 75.514046632255415 5.2453519911107014
68.829436678762988 75.235507375127852 5.1607451010742436
69.463971619966884 74.964446003707707 5.0928278792222468
70.105038563510121 74.698260407681815 5.0482074182137815
70.750377630372412 74.434562714907031 5.0338685706708697
71.396686834875766 74.171692714267692 5.0568976321681669
72.039565873004221 73.909073795037543 5.1241924063376754
72.673578309551857 73.647141610608728 5.2421480819532587
73.292370986188104 73.387054206372113 5.4162887151807437
73.888819063287087 73.130283335192203 5.6506700297902226
74.455427555524892 72.878055678750457 5.9473081085473796
74.984786313072505 72.631054605161737 6.3060170727201648
75.470140024426868 72.389266132073971 6.7241311241247192
75.906161450953448 72.152334236654525 7.1968634469477077
76.289375708876435 71.920122401068056 7.7180350470505825
76.618908138332202 71.693382200732955 8.2805816918870789
76.896877344904112 71.474331477412051 8.8772959765192763
77.128161648338946 71.266647193091856 9.5012434750083958
77.320259310223975 71.07535067341783 10.146030829160226
77.48254742565058 70.906248217807118 10.805904456698757
77.625171820426388 70.765227017707019 11.475670381441647
77.758032896768185 70.657668485102377 12.150630945842822
77.889740117145479 70.587968350500489 12.826544706217241
78.026979763512614 70.559476658426178 13.499651925567653
78.17425627333661 70.574665784994096 14.166807156368273
78.333633151706636 70.635306779538027 14.825787338371086
78.504834234542628 70.742567106068535 15.475637301235633
78.685522155887199 70.896825567859963 16.11682638294095
78.871254736253405 71.097036173561477 16.751523733248352
79.055671793888536 71.3395610545751 17.383435116616752
79.230904712184994 71.617382402744013 18.017181743648315
79.387756797052035 71.918641726321198 18.657573641519733
79.516352141961193 72.225934218133901 19.308183960008218
79.606904958884172 72.517079190693451 19.970135424904196
79.650642391419225 72.766099614247935 20.640623601857452
79.64109238473003 72.945848443565353 21.311711281865971
79.575116012553238 73.031200920553829 21.970421522841608
79.453887468282403 73.00213708351545 22.599312712081272
79.283711938864386 72.846995925812863 23.177998103468706
79.075571542821493 72.563789875317937 23.68575845001299
78.844040362559539 72.16012962355498 24.1039431937774
78.60572105360454 71.652695484418814 24.418593441104125
78.376809519038929 71.064221146664323 24.621987398698511
78.171246022428207 70.420256805084591 24.712846496709158
77.998894060230143 69.74593410752837 24.696622136899752
77.86470280542332 69.062431584927424 24.584273248606181
77.76929569749889 68.385426442050274 24.390509834737603
77.709265854716975 67.723303439861311 24.132710749235233
77.678759970439629 67.077229346400102 23.82934429991068
77.671156953642125 66.442926387183306 23.49902974263064
77.680583283362779 65.812115603887818 23.1599903222303
77.703462715600381 65.175386105267037 22.829855857911799
77.739089764022737 64.524841045767701 22.525776439609288
77.789922049987922 63.856523618519411 22.264468991493509
77.861241046400096 63.172688873293048 22.062029904989036
77.96003760833328 62.482508584386139 21.933358615239872
78.093818444253827 61.801948706718818 21.891217575402703
78.269193822134042 61.152965430158616 21.944695647427295
78.490560052557342 60.560824409161228 22.097697881413417
78.759524676410464 60.051135272877758 22.348311182115733
79.074304073509779 59.646503445030383 22.687810647587245
79.430006099801687 59.363082685681086 23.101591841607082
79.819375205704816 59.209312630167666 23.57130031771209
80.233217990337224 59.184178729736715 24.076866186896925
80.661300271016728 59.278020750836802 24.599601498707901
81.093087182536905 59.475232700604813 25.123880748071475
81.518310903260371 59.756366648524427 25.638727113848887
81.927445299160468 60.101691236459132 26.138110015019922
82.31181429276495 60.49360135287408 26.619961667005036
82.663677287076894 60.918387599182651 27.08539719231624
82.976222144687867 61.366921834237637 27.537492003659665
83.243530048897824 61.833787208919013 27.980110827410485
83.460660794622996 62.316180040053389 28.417065646189005
83.62378864308333 62.81257505858067 28.851361109939528
83.730147310845183 63.321511815235318 29.284762762447105
83.777930197537671 63.840954661091494 29.717648341277332
83.766278150569107 64.367964881888057 30.148917699250852
83.695301399911301 64.898898266622311 30.576213668154239
83.566177223257242 65.429895390001917 30.996205832103701
83.381492928983789 65.957522012452259 31.404664833041352
83.145456831758992 66.479629114669223 31.796548885348614
82.863688219581533 66.995680416835995 32.166202071575967
82.543120860098512 67.507130791418518 32.507587124527561
82.191447932910549 68.017074398258913 32.815056202504138
81.816545995454987 68.529427512175999 33.084234864034059
81.425981033239381 69.048098249684443 33.313124742476717
81.026576565698562 69.576023693332303 33.503160403086333
80.624330932168746 70.114695429865364 33.659435794041784
80.224453726384411 70.663892746732074 33.790855198763019
79.831528204305471 71.221621657845787 33.910027059562509
79.449758034440549 71.784412074512545 34.0325373804083
79.083139626958328 72.347660665740975 34.176164340574871
78.735573708287362 72.905939371972877 34.360162207079675
78.410935552866761 73.453387263498172 34.604465874346253
78.113100012131056 73.983962190509004 34.929258841925474
77.845948009652801 74.49157178912624 35.354780631285593
77.613360996447653 74.970123516904323 35.901270143730009
77.4192203745001 75.413524445336037 36.588966841698806
