#spline3d 5 120 5 120
129.61189226286083 103.03503371515325 7.0731447346940612
129.83294746982784 102.58229482752542 7.4156653273154785
129.91076954041498 102.15270081083702 7.7816395647044692
129.89125125676057 101.74481971759974 8.168188385940752
129.82176091909503 101.35722120680168 8.5725183066577184
129.73497873474682 100.98804010763811 8.9904179727978821
129.60520199898116 100.62498951617823 9.3994929308175497
129.41654419446749 100.24840884066967 9.7746989081084976
129.19346139458645 99.855535225974407 10.113702777715575
128.92426908324015 99.47120739243806 10.42561786355869
128.60910861550411 99.103505095717196 10.714170763662155
128.2618962814756 98.736266618047466 10.962963412186596
127.89816111753125 98.358426431008482 11.168470853258754
127.5146690033617 97.992628722444167 11.358435563782132
127.11490287909145 97.639526738230984 11.539049553419327
126.71217043520448 97.274197672525148 11.685298063674855
126.2986555168068 96.908558635193117 11.797190206750633
125.87067693662431 96.555704426331147 11.894264098605641
125.43546622495927 96.211347362762922 11.989648679732866
124.99508516306742 95.870680354920609 12.072500345416293
124.54727477969404 95.534688656160526 12.131803542392081
124.10580178316695 95.188395627273977 12.175452756871779
123.67793775093834 94.824352174584746 12.213149293687678
123.2472163916264 94.462937927545468 12.244423000575306
122.81735433781536 94.099908511107685 12.25745785402191
122.39584070912065 93.726727264860585 12.252675940349391
121.97579093594611 93.351885719455353 12.25036708505236
121.55255126093455 92.980920550543573 12.259949995091285
121.12681430968493 92.612812378567995 12.273029640428675
120.70565358493066 92.239500761787852 12.286801899897213
120.28793420294232 91.863001053913138 12.312958178461276
119.86085841036606 91.498938258525428 12.359856591486981
119.43573134395248 91.13363764787519 12.407906810698249
119.02414201196093 90.75241735603079 12.441424920066487
118.6128953664186 90.366875554466247 12.470137836230911
118.19520622767349 89.989849431658186 12.524282568672552
117.7771398202368 89.637248238049096 12.655460945346553
117.36215818039936 89.315636934376855 12.864060961492953
116.9347622155166 89.005743944392847 13.058587674160099
116.49300249554206 88.686294980366114 13.19721921926322
116.06896991282782 88.342877841799037 13.340897693564628
115.66052990570493 88.005829956295415 13.537162018535323
115.256474635164 87.722726379346881 13.812212843380411
114.87490665902483 87.493450195532702 14.15838624838177
114.52098148420885 87.298878195349474 14.551931163663237
114.18391412243577 87.123747200064471 14.971222700112143
113.87982903709192 86.980719316731864 15.426988414403887
113.64513332235096 86.909075656987852 15.92932788840176
113.48486640883364 86.914730369130609 16.472242451742247
113.36083721009804 86.93065587503537 17.025176868335492
113.29729417273504 86.960268645965229 17.581307585531626
113.27683604043791 87.006194655052369 18.141751208626307
113.25285873188911 87.038532686985747 18.704056361043694
113.23522301968556 87.043646997797381 19.266632433204855
113.2390186480919 87.029242299178918 19.829502071649653
113.24480745549435 87.022394984252998 20.392530036507583
113.24937374019227 87.044443402518269 20.955162960106236
113.26828441101375 87.066546363908301 21.517029573338146
113.29222247998457 87.062881652266213 22.079107765728757
113.29909847423596 87.059282141212222 22.642335261234862
113.28894977779485 87.069266778554223 23.205544468048966
113.27326069282921 87.093033212940071 23.766754270743892
113.28625415136267 87.132523486073922 24.327861312979525
113.36390520065387 87.154695464486778 24.893503739769393
113.46661366278336 87.051327145701919 25.444047277503721
113.54170253584886 86.753743448655172 25.923735012044883
113.63621809302096 86.33500775250512 26.299730470998231
113.79461430278671 85.885409778827707 26.603023891323296
113.93921275692155 85.419233001118087 26.878808641533258
114.03122563309235 84.932983710680276 27.147600474618446
114.1078182388552 84.426168219224436 27.386972677033199
114.19282627146859 83.891792109046122 27.553364330628867
114.25448154732769 83.334514521066126 27.623254918061502
114.26158366815439 82.769494968043475 27.60224871866248
114.2263450392478 82.210829243086806 27.518986989576067
114.20203252243574 81.660537480094249 27.386350483738475
114.2519394222288 81.114810751844601 27.272107519711476
114.39303149700415 80.572128986577738 27.224996398177311
114.55369508159116 80.030873821845347 27.185694627393254
114.69115416873137 79.488006843479155 27.136405048261285
114.83286465416816 78.944734608443071 27.124908203243727
114.99505214554678 78.404647289256971 27.13197254823335
115.15117664253661 77.862875755633837 27.167835017762755
115.25222465748251 77.316803934066414 27.278573264109223
115.25618267197535 76.781702246870026 27.459553984366416
115.15050373251219 76.27158434828084 27.683932491087823
114.95746830766126 75.789664572276962 27.920397029847322
114.68057528184819 75.348546606679406 28.141545621070208
114.284254472105 74.991502252556899 28.322458675700631
113.79599098986202 74.735426182857609 28.491960617922814
113.28729534518466 74.602553660204507 28.705937478099866
112.80241488705906 74.625587068756303 28.997088342795571
112.37107380029198 74.747540970039054 29.348496678060151
111.98595707354085 74.925419823148403 29.719908309345268
111.61067422608039 75.141383072929145 30.077775039852046
111.25134479063155 75.389060515244751 30.438333033639672
110.96622264613728 75.702870812776482 30.816371500007133
110.7888571111699 76.107392420599624 31.172889119370939
110.72762141354862 76.572057886454871 31.493923139246338
110.76232614358855 77.034163095554717 31.818226798993418
110.8584027650996 77.473669844407809 32.158449444654231
110.99214187996328 77.892664788810976 32.510100800715861
111.15653799040145 78.300615643376446 32.861755090764511
111.33532633219102 78.724614683215222 33.186206969749989
111.52233904712165 79.173342896792974 33.472170470814937
111.73637831452599 79.623537865975052 33.734468516653223
111.99800611676024 80.049368519343062 33.993247463932441
112.2994019152638 80.455086139331513 34.247005521715522
112.63308029017773 80.851582166265416 34.468573219911256
113.00797277473826 81.229959295902972 34.643506915908603
113.40950503146993 81.595529547523753 34.798099657527331
113.82114023593736 81.944431228137844 34.975797145576614
114.26560030921205 82.212475231625135 35.192462306647478
114.74333577506981 82.351222720752489 35.460464825031913
115.20877177642434 82.418041405213856 35.778828533154453
115.6558883095133 82.466517783190383 36.120284474181148
116.08639295111912 82.486161113271237 36.479855223428629
116.49034941177578 82.44525262012634 36.869060587730807
116.8596462857721 82.320406976728279 37.296751749350321
117.18600205595203 82.087371614866072 37.772064809280096
