#spline3d 5 120 5 120
125.36568910057277 110.97787946113495 5.697391961064576
125.71213689211083 111.06476425675118 6.5132469781866495
126.02645537034223 111.03565478962201 7.2631926041778723
126.30624914018452 110.90184402010755 7.9523113675741621
126.54912288243196 110.67462507035083 8.5856861696108204
126.75268166110504 110.3652935128983 9.1684023323618167
126.91454859137968 109.98521741155385 9.7056437580340678
127.03241701170305 109.54595129355813 10.20288251156607
127.10414968536996 109.05935355380861 10.666126855214703
127.12793277819266 108.53760931797154 11.102099491629248
127.10241055113636 107.99300830341912 11.518034587980575
127.02679060006609 107.43754454280523 11.921138693781327
126.90094433782131 106.88229383904648 12.317640429969513
126.72529981368506 106.33667545460682 12.711466134381563
126.50057234696615 105.80809854470128 13.103475372348848
126.22752730608796 105.30142709595519 13.490488902002655
125.90687227589338 104.81896291626234 13.865408474729568
125.5394294126953 104.36094429427655 14.218442644632932
125.1265084220136 103.92588178901917 14.538407052037398
124.67045341386429 103.51123674282324 14.814840867182687
124.17488964668031 103.11410765446543 15.039653290865626
123.64475588893546 102.73174728932007 15.208292208380138
123.08601503088005 102.36200368200046 15.320372557380187
122.50500605488824 102.00350591832091 15.3791968172293
121.90787006621619 101.65556931761729 15.390759929358069
121.30004744778172 101.31798338842363 15.362873649200802
120.6859784584916 100.99051479185393 15.303914406311536
120.06915723732763 100.67255713005152 15.222012926060509
119.45209148452224 100.36283134903917 15.124442015882748
118.83647353561369 100.05928840826215 15.017308776193056
118.22341541452354 99.759213092404948 14.905667157693859
117.61362430721447 99.459329937277673 14.793711099759305
117.00756738758908 99.1560095717699 14.685147394768356
116.40556831219922 98.845617773466117 14.583604965956063
115.807832152638 98.524898260449817 14.4928589837809
115.21443557975793 98.191439032795358 14.416906863733415
114.62540515513611 97.844007306968578 14.359866400700383
114.04090199003709 97.482424660832535 14.325864381482884
113.46154203845344 97.107433769904929 14.318974504600625
112.88881467280751 96.720193742194752 14.343247721256887
112.32525359661726 96.321923289249185 14.40278818538264
111.77452701142694 95.913786473375907 14.501792456422912
111.24121289906557 95.49709616846053 14.644445039569392
110.73031526759576 95.073717547267449 14.834618400211408
110.24682369557996 94.646403809211208 15.075497515171524
109.79534882502506 94.219036439851394 15.369119610731245
109.37999205940996 93.796422074291129 15.716078861886281
109.00443214955766 93.383785856640884 16.115555679127812
108.67194701063431 92.986192425151543 16.565173479571662
108.38532230467847 92.60781389063105 17.061057420522431
108.14663819401866 92.251627429775198 17.59805322425257
107.95684757229932 91.919228063958954 18.169849922970947
107.81526123451346 91.61118921753895 18.769411360487208
107.71927706181557 91.327895667346411 19.389621269778004
107.66424165556229 91.070434696490892 20.023981955253333
107.64360694362028 90.841447746593417 20.667437253797299
107.64972258707955 90.645114222520007 21.316929802054066
107.67477243364631 90.486150434056555 21.971420204960644
107.71175396194607 90.368078633852434 22.631810768026533
107.7553322677779 90.290638002387894 23.300149857954764
107.80185220198946 90.248545826095707 23.978655363148128
107.84919189690687 90.230099647584396 24.668667431654949
107.89578039512541 90.217705796888794 25.369370465057678
107.93949818410117 90.190018701981103 26.076966913171333
107.97670650588965 90.124346837706355 26.783860300121788
108.00152756751184 89.99976261220958 27.478101424898234
108.00599675207319 89.799863337952431 28.143713846949392
107.9809381269926 89.514355967229434 28.761634732385843
107.91738263201127 89.140614070204151 29.310892540413857
107.80901255090671 88.683754827387645 29.77093449618793
107.65380449061041 88.155064262851923 30.123583048755741
107.45634263228108 87.571219884279714 30.35549547785569
107.22870984865334 86.951814998375525 30.460055796726831
106.98948979615182 86.317108050738895 30.43763232471521
106.76260576811413 85.685986190026455 30.296026943274914
106.57430824410535 85.073980311196152 30.049555807118494
106.44968193129306 84.492251612824646 29.717145270310191
106.40947532451655 83.946859757262729 29.320680555006593
106.46697095594575 83.43823548569631 28.883345964249887
106.6263694312064 82.961515010638067 28.428258327399345
106.88304071180146 82.507502975351002 27.977829092048321
107.22359565983334 82.063496915531076 27.553406675248471
107.62806185323288 81.615397389725302 27.175189054391328
108.07262323457624 81.149814547086464 26.86216539758221
108.53151058528468 80.656415007062094 26.631519643666312
108.97929179964133 80.130265250612709 26.497602990430657
109.39213990246878 79.572648576402287 26.471038111829042
109.7488707537639 78.991833907938314 26.557443855974451
110.03182066431022 78.402843118532843 26.756298579865263
110.22735317953148 77.825894780705269 27.060809797720509
110.32635368769849 77.284597502807031 27.458282782408958
110.32497656603111 76.803881544729691 27.93079317153304
110.22492906434113 76.407351309090814 28.457077720310128
110.03299254075168 76.115308010097493 29.014678702707005
109.76102805864033 75.942458631373626 29.581980360254413
109.42486326695453 75.896282296850018 30.140429015156528
109.04269835843498 75.977272457508249 30.675446754243119
108.63378809795852 76.178850913213438 31.177426058048322
108.21679179524661 76.488832602250838 31.641834082088973
107.80885791663601 76.891646480857119 32.068286172246928
107.42509116944856 77.370007601354146 32.459869866681039
107.07853269252089 77.906448194628425 32.822234099744477
106.7806510115992 78.484050880807757 33.162706870000505
106.54177060433267 79.086479736349446 33.48975176854583
106.3711894299128 79.697643227236696 33.812696518748638
106.27674515940788 80.301157914376063 34.14141135404202
106.26409356014638 80.880241483465198 34.485895763987138
106.33521551221946 81.417959821583992 34.855713505960885
106.48690375829101 81.898271761930573 35.259092339948104
106.71037725091338 82.307110438863987 35.702324925616843
106.99062970331538 82.633690929075868 36.189083798337442
107.30697729216747 82.871321712987594 36.720263406130506
107.63430762745375 83.017283556047545 37.294376852207847
107.944292335272 83.072341321715029 37.908072271145365
108.20659441185514 83.039934070655136 38.556725916609174
108.38998734017603 82.92501204889723 39.235063700476807
108.46294535865759 82.733208142668886 39.937536644916342
108.39389382659257 82.470355509698635 40.658520064103023
108.15126053625724 82.142290410160172 41.392388215432909
107.70347249032983 81.754850170848044 42.133514939220106
