#spline3d 5 120 5 120
131.54632524389703 106.63122763417931 5.5839832751017591
131.23149320333695 106.32540064113461 6.0417338943306147
130.89373111455615 105.9834390399113 6.4637032006855755
130.53481658417587 105.61040425901174 6.8478710205363722
130.15652759147028 105.2113573857748 7.1922171058486386
129.76063804754821 104.7913631334353 7.4947219248001682
129.34886983014107 104.35552837268503 7.7533742019550278
128.92278824508168 103.9090651595221 7.9661981389271803
128.48370559171335 103.45729757857436 8.1313238720628167
128.03265465292259 103.00554086446498 8.2471918465450749
127.57046376782567 102.5588945369161 8.3128588690528353
127.09785647639292 102.12194084763144 8.3284803765624442
126.61557703955128 101.69840996645191 8.2957563534610674
126.12448163283116 101.29086312581663 8.2182018323185062
125.6255752283532 100.90047164408961 8.1011371537975378
125.11997014212663 100.52694313357873 7.9513961062910541
124.60878416756685 100.16872486536703 7.7767658061073082
124.09301211112655 99.823214549833949 7.5854419679804987
123.57338639999013 99.487163852929854 7.3854390139140422
123.0502741613905 99.157107556558287 7.1841906616460784
122.52365979561512 98.829742529651668 6.9883662579661223
121.99323588353938 98.50222383686426 6.80387371816553
121.45857316824184 98.172334047739781 6.6360563898660301
120.91930205398118 97.838666405461296 6.4899335258615238
120.37530659947768 97.500783801457359 6.3705052115747574
119.82689602794758 97.159357077825106 6.2829811282109276
119.27494824002908 96.816246671971612 6.2328649428376579
118.72104976698064 96.474458727978842 6.2258853428235144
118.16758178933156 96.137862322010463 6.2677856774647154
117.61783716093345 95.81080660310036 6.3639966011702009
117.0760794817425 95.497582292948522 6.5191587103507072
116.54749378050364 95.201865687694607 6.7365603783515908
116.0380347343615 94.926287779234144 7.0176117053914657
115.55418475361684 94.672202138682593 7.3614530444901982
115.10266208545158 94.439733772977348 7.7649098373568926
114.69016307979621 94.227912543549778 8.2225776913815238
114.32313778206101 94.034899480601283 8.7271733666560909
114.00760206898784 93.85830099435357 9.2702311150327734
113.74886254652509 93.695501625127434 9.8429300092225382
113.55100709394054 93.543991079104089 10.436942687783441
113.41627912690961 93.401617347275987 11.045099635546606
113.3443769917079 93.266758427191064 11.661886402056062
113.3317620071042 93.13835873160653 12.28378724031211
113.37139911375903 93.015640600743481 12.909238323302944
113.45296892344598 92.897481389737237 13.538223682974321
113.5636686469653 92.781583215832015 14.171493900353475
113.68952243808994 92.663823972562497 14.809557420799996
113.81682890894517 92.537910905172794 15.451647385113189
113.93372304633959 92.395383735576573 16.094673147888713
114.03152290958174 92.226189493662076 16.73250093532814
114.10563567414623 92.019633844405078 17.355723097563114
114.15596517277324 91.765639945860698 17.952053083624001
114.18667937372267 91.456080716088721 18.507428547854509
114.20557719221779 91.085957103461681 19.007514879608912
114.22319959976008 90.654465337011359 19.439535669908025
114.25140528405881 90.165376830999264 19.794116523467618
114.301724700298 89.626650072521812 20.066609747390693
114.38361418563942 89.049205456507551 20.25749156617956
114.5030774336541 88.445224571119141 20.371681200523444
114.66163407691769 87.8263746582778 20.417302168883094
114.85570776593445 87.202121484544989 20.404128985250662
115.07685480225247 86.578610068760142 20.342113422130193
115.31254879854248 85.958341580259386 20.240620489309531
115.54740664287274 85.340652062561986 20.108417845260686
115.76462645395128 84.722901270836473 19.95420331627405
115.94730567749396 84.101900575262263 19.787247948566847
116.07973174661207 83.475541167046515 19.617967343853536
116.14849684808406 82.844300932977958 19.458112291266637
116.14335552223986 82.212281072190294 19.320496453359521
116.05781651029517 81.58760593838349 19.218221922546597
115.88931967658142 80.981988948281113 19.163550940679468
115.63919424140116 80.409771509498697 19.166697849482659
115.31256190152746 79.886544516335448 19.23451138557331
114.91781373270527 79.427357176258667 19.369539059335228
114.46589728394868 79.045073906153775 19.569603527387216
113.96937110196428 78.749135777627302 19.828001742815378
113.44137019419627 78.545079737633387 20.13439558574926
112.89473702619102 78.434624482846175 20.476040016457688
112.34136819644685 78.415988743576307 20.839244426387378
111.79198627138267 78.484637026036452 21.211140135498439
111.25632600443119 78.634007790372635 21.581264143202755
110.74353763797464 78.856177534598501 21.942808973203739
110.26254688769777 79.142468613927662 22.293086465789521
109.822119116991 79.483922851445755 22.633284645505565
109.43052386075703 79.871689361457598 22.967727827844893
109.09479873314244 80.29731747800686 23.302369868725091
108.81985430903498 80.752921078283876 23.643219416330325
108.60774460477263 81.231248687695299 23.995035901094912
108.4574990327709 81.725689558163126 24.360646780330939
108.36548437774761 82.230273290207492 24.740827929079828
108.32610528969163 82.739732676507657 25.134469691352539
108.3329651715046 83.249594837154604 25.539082532471813
108.37997051609055 83.756342295849407 25.951275418546942
108.46215546215022 84.257589527449994 26.367140621347726
108.57599439508222 84.752139177289152 26.782588302686111
108.71924859360614 85.239835125881683 27.193701537614345
108.89058105322707 85.721259241439114 27.597219778721847
109.08890494784406 86.197137226994073 27.99113267027122
109.31274485009661 86.667669128533888 28.375270458188396
109.55972261159624 87.1319426462953 28.751721157386001
109.82629912797589 87.587628744505508 29.124867353908019
110.10781044967743 88.031083512467347 29.500949048751373
110.39860826147914 88.457673432201702 29.887410026775179
110.69246363539371 88.862468059468668 30.291822427223902
110.98308035046942 89.240959803818924 30.720814320550517
111.26466313782183 89.58961463921213 31.179199482611331
111.53246647571029 89.906088175614897 31.669462069148121
111.7831170574231 90.189035538487786 32.191778616357517
112.01491711001472 90.437766996197823 32.744101438402303
112.22783598970587 90.651651458570527 33.322666839299679
112.42335492728789 90.829553085500734 33.922543722306969
112.60422780528248 90.969417717803566 34.538134232190103
112.77422144980738 91.068101935547858 35.163535178021917
112.93780487313711 91.121531988727952 35.792749980359972
113.09992836017483 91.124914611031556 36.419784323135453
113.26576750731699 91.073087024506876 37.038679239746621
113.44056776935503 90.960755287289302 37.643504195486891
113.62958122037645 90.782602727292769 38.228340520318525
113.83805924491674 90.533312095652235 38.787270717701368
114.07125334702778 90.207566137972364 39.314377173369401
