#spline3d 5 120 5 120
55.358244265575642 86.81021427122846 1.7602051545755399
55.733687479348582 86.450584442252364 2.5911711489229643
56.192366349933152 86.101998267786826 3.290259978861986
56.723482963645097 85.761525964172208 3.8674000806700439
57.316238968207358 85.426237338863331 4.3325198148147299
57.959840020806723 85.093206732482116 4.6955491780623548
58.643553130514839 84.759588344196544 4.9664477292081299
59.356901492731701 84.42284530569242 5.1552155921627616
60.089927458323899 84.081001889721989 5.271769495689389
60.833620147982266 83.732995002126174 5.3255904070457118
61.580386849267342 83.378997110785306 5.325184980421839
62.324475890609079 83.020601244336603 5.2776725841610794
63.062050432632219 82.660586634853146 5.1888117614813929
63.791244009845691 82.302426488079632 5.0631851871406557
64.511799363866061 81.949307275921029 4.9047406330726675
65.224558818349465 81.603015708776169 4.717360680734715
65.93090740582663 81.263144994912039 4.5053451720493101
66.632314201658374 80.926448302684989 4.2738780974133252
67.329952301856522 80.587030947774451 4.0292998744095101
68.02444317579274 80.237259298713084 3.7790930176022584
68.715627806141327 79.868939048227901 3.5316693435891122
69.402168853985572 79.474409568232971 3.29621068584032
70.081092819276705 79.047359819813451 3.0825916386147538
70.747448876830433 78.583249941243238 2.9015408241949538
71.394315056007983 78.079561524089556 2.7648343423614068
72.013075843997754 77.536276976954341 2.6853923079685558
72.594304614124212 76.956428011689511 2.6767928318854168
73.128872764673361 76.34657639169744 2.7521026838098317
73.60892236987722 75.71697942237067 2.9223603333776764
74.028699910601304 75.081580526405673 3.1947127593428508
74.384870836354636 74.457272285952214 3.5710242217645574
74.676335251605877 73.862793207897738 4.04746328357417
74.90376032929953 73.31746213738694 4.6150063185356673
75.06911360208548 72.839743655449666 5.2604338344002661
75.175353995942757 72.445705092841123 5.9681319060256994
75.226559937997322 72.147603681730942 6.7218603710496474
75.2282103956681 71.9526709642805 7.5061886563209645
75.187445842605868 71.861853762464889 8.3076899399985056
75.112991584989814 71.869423561515404 9.1156977213517472
75.014826885889349 71.963717191689724 9.9225600451482663
74.90371463967125 72.128729063029851 10.723518367553154
74.790617111979387 72.346358035361845 11.516344734597967
74.685991636054951 72.599315254874583 12.300568522716688
74.599200926472093 72.873477617853055 13.076639822165655
74.538086607179025 73.159328259968419 13.845303393374442
74.508691789082519 73.452445661764315 14.607208178760846
74.515330102971035 73.752475922508438 15.362841703490298
74.561010652515506 74.061164302803888 16.112682485891579
74.647984797259809 74.380263791977427 16.857359785957737
74.778367605868098 74.709384483325138 17.597692775909643
74.954630395448149 75.044248884443093 18.334445134459823
75.17971200047019 75.375929339544172 19.067814858043249
75.456771797315469 75.690705312283271 19.796684810859276
75.788539563135942 75.970868594206905 20.517631416153144
76.176401224195658 76.19655051900277 21.223940033962421
76.619713258902749 76.347846050701904 21.905211630032049
77.115242538489397 76.40684570880947 22.547287680446637
77.656903868457704 76.359574094374935 23.132948389920287
78.23578828338529 76.197534819283618 23.643511474419611
78.840490620852023 75.918302771045049 24.06085120141579
79.457320164943681 75.526047077789599 24.369493565222971
80.070645969354757 75.031414066733419 24.558510275374054
80.663270965628172 74.451006916242022 24.622645746847468
81.216878541192003 73.806313513958571 24.56203215566304
81.71240236499581 73.1229194648961 24.381592639450435
82.13058624130943 72.429302370836353 24.089731550261604
82.452951157420912 71.755237104984545 23.69717921074751
82.663034182954647 71.129858012915463 23.216497709957828
82.748032063816183 70.579266590588176 22.662514709732534
82.700294549398848 70.123704486463666 22.053056610034297
82.5182021492583 69.774584386739988 21.40936818971706
82.205860444324117 69.532794818163808 20.755556135767165
81.772526613667466 69.387627634352711 20.117431454157035
81.23161872806925 69.317260673044856 19.520572864179343
80.599667441896273 69.291237035373754 18.987964843276256
79.895429766786563 69.274366579498476 18.538240469351358
79.139438553051036 69.230651099888988 18.184299720948545
78.353690731003724 69.127481369566482 17.932839872323726
77.561482512002996 68.939166856348265 17.784969724459948
76.787178880854256 68.648703845710017 17.737784756624158
76.055956733880549 68.249263393994184 17.785850077818623
75.393244312504393 67.744654205830713 17.922820191208022
74.823680207160848 67.149172135199052 18.142569629349609
74.369848885566682 66.486345247170178 18.439575868608983
74.05056724057593 65.788016695923048 18.808697446606576
73.879044337354969 65.092143459991689 19.244215835592012
73.860996267795855 64.439682094684287 19.738293916590749
73.993946831257205 63.871046534384405 20.279837894252079
74.266266549575363 63.422366426485418 20.853540029239305
74.657753393722871 63.121928412400202 21.440118283785004
75.141297631635453 62.987502633101727 22.017868519145072
75.685715724785354 63.025832148667199 22.565130469616715
76.258701665378211 63.232330297693423 23.063211977461176
76.830289431664056 63.592535807271133 23.499473268637324
77.375947414569993 64.084284885983038 23.869888943754127
77.878123881333764 64.680501542592282 24.179588344255848
78.32749126564633 65.351449739002177 24.442963867834067
78.722600061898447 66.067301792695389 24.681592752931415
79.06842573282583 66.800441302789196 24.920887120062179
79.373707032419901 67.526976229649591 25.186321357458471
79.648308186024565 68.228143341481925 25.499983270918435
79.900110927586141 68.890897677121515 25.877776458209063
80.132401832536189 69.507765965182315 26.328024885487004
80.342689616050706 70.075755541522071 26.851904461627061
80.522000827044124 70.595304243758051 27.443947049637817
80.656039389139508 71.068478898245914 28.093685818092673
80.727842756933171 71.496949330561264 28.787405742294979
80.721046404223486 71.880279384197991 29.509912242566905
80.623136412592075 72.214411849979612 30.245876080735041
80.427932254075301 72.49110746740368 30.98095708886289
80.136824770764463 72.698342781351045 31.702396295509576
79.758210480199338 72.821560983954782 32.399052239972754
79.306987177988006 72.844826016056231 33.061373921021556
78.802848253625157 72.752081430963258 33.681058641624304
78.268621805835039 72.527780923841689 34.250697611492186
77.728802210761089 72.156930136739319 34.763411751822773
77.208660841722477 71.624909671211896 35.212597390797988
76.733635894289804 70.917208979359629 35.591717414608446
76.329176202077633 70.019324690915042 35.894239041892142
76.020729368279433 68.916752703481961 36.113629012066305
