#spline3d 5 120 5 120
129.16446329965277 99.319031150636931 6.288834666268623
128.56212864522146 99.044069378431814 6.2584079045505314
127.9547193473277 98.771016904973663 6.2286241090909344
127.34319338690911 98.5003864635583 6.1969346490341639
126.72850861301683 98.232691204400865 6.1607909069709246
126.11162450177868 97.968439634031995 6.1176439679852965
125.49352392199621 97.708075465901317 6.0649405686101714
124.87525399479274 97.451836541821123 6.0001278886667508
124.25793374837927 97.199658438943231 5.9206818286727927
123.64273401908149 96.951060926949893 5.8241943836235803
123.03080869015596 96.705074060317017 5.7085768707138547
122.42318928118405 96.46014220996247 5.5724997581125528
121.8206881478831 96.214123129107719 5.4158571126540593
121.22378349713081 95.964309647053668 5.2403800015926763
120.63254433852191 95.70760305002706 5.0501164935990444
120.04667011913733 95.440779762630569 4.8516150653481205
119.46569101424214 95.160716618514613 4.6535958552414618
118.88926659451592 94.864538277698827 4.4664969355565054
118.31758828355285 94.549716973515345 4.3017092655762692
117.75175137411937 94.21421128900522 4.1705362566060886
117.19389260059792 93.856706174858132 4.0832353679681113
116.64713399715855 93.476941040139835 4.0483016538735876
116.11535710881405 93.076153557236879 4.0719369159879326
115.60271755273688 92.657412158932871 4.1580137974242604
115.11312156379361 92.225724495410475 4.3083309017041058
114.64980015460634 91.787916333801192 4.5229382885614049
114.21493099175227 91.352430688443988 4.8003287704119249
113.80950379627538 90.928749843965946 5.1377156618159958
113.43343895485079 90.526655624254047 5.5312249878650235
113.08593266504052 90.155473703332902 5.9761047818138007
112.76589843759103 89.823197117944574 6.4668647227539768
112.47261093581814 89.53568898675168 6.9975953856814943
112.20624875641802 89.295991332533617 7.5623228163132934
111.96801694365455 89.10417797982285 8.1552870620252502
111.76004390037116 88.957019965869051 8.7711686115006877
111.5847505034464 88.84840222650179 9.4051833017469342
111.44397999122633 88.770126875162532 10.053121284158609
111.33835645286634 88.713169505004842 10.711289952213802
111.2665309786328 88.66902070661591 11.376539804390189
111.22478957717831 88.631294487925572 12.046192377220542
111.2069554449306 88.597191016449131 12.717968553680963
111.20490284984908 88.567879067215145 13.38987598991115
111.20906723105239 88.548686290758397 14.060146826634687
111.20938452716723 88.547972160189786 14.727164999135693
111.19622177483913 88.575062806502785 15.389452876924022
111.16093483083309 88.638039890676325 16.04569682716118
111.09628027757012 88.741451537008075 16.69482025492448
110.99656406026092 88.884305409783963 17.33603880830778
110.85770213895037 89.058821645487356 17.968820764497856
110.67721441274008 89.25080577464486 18.592692736570015
110.45444586297211 89.440442442683363 19.206908861782292
110.19080546764094 89.604242333702629 19.809945320121223
109.8898775603579 89.717926411374037 20.398885449841739
109.55723880935653 89.759234227662049 20.969007158933646
109.2002252190311 89.710305517808337 21.513529834684995
108.82761198559369 89.559718881194499 22.023576031605415
108.44909038139319 89.303388028645557 22.488569553127654
108.0746727168913 88.944216220121902 22.896895575625003
107.7141291842315 88.491363663436957 23.236621203555867
107.37643144849412 87.959392895211153 23.496359523162745
107.06942027123051 87.366795066963988 23.666260656317561
106.79989159777963 86.734465540878929 23.738970109669456
106.57398950079921 86.084234332853242 23.710407192842027
106.39773315526786 85.437418165300173 23.580757409816307
106.27755332113624 84.813311942262985 23.354927442590061
106.22038729012795 84.227907026458467 23.042550029186256
106.23328886580946 83.693050539871251 22.657440845508471
106.32258700650685 83.215360032532175 22.217154404858636
106.49273467216706 82.795848347023721 21.741844635660769
106.74524392010774 82.429938468539746 21.253037052963215
107.07824900111156 82.108307671580278 20.772433125763051
107.48591063552989 81.81750242320166 20.320787654321222
107.95853013981619 81.541536641750852 19.916896493471143
108.48276540495669 81.263723593395426 19.576751424529103
109.04232222580208 80.968386091899234 19.313308662604769
109.61818622891299 80.642667654876391 19.13588602214498
110.18935461206409 80.277924549421542 19.050178408591961
110.73360963177682 79.870708043523649 19.05826498504684
111.22850959640876 79.422531811298711 19.159123195355779
111.65256781685819 78.94024140641578 19.348501300301709
111.98671607658534 78.435274406622895 19.619170186229187
112.21592328078529 77.922681562962566 19.960959445675439
112.32988676707774 77.41958719445887 20.361256729158427
112.32415364834769 76.943869504629347 20.805380855643975
112.20022854952271 76.51261347128073 21.27766639571205
111.96543348069879 76.140718322305929 21.762954696133583
111.63176743821985 75.840184616889488 22.247840988432181
111.21530422552814 75.619215647080011 22.721944551244448
110.73483005830883 75.481946882810448 23.178591620209001
110.21040687393739 75.42856410757598 23.614935764204883
109.66205442802806 75.456165917716589 24.03125416354106
109.10867664137011 75.559442116994973 24.430411671430186
108.56724369444638 75.731769033944673 24.816913691761258
108.05227787798371 75.966245594107491 25.195951519222668
107.57574214947658 76.256410388182701 25.572544002353077
107.14673076618521 76.596651803007731 25.950781634114868
106.77126698982228 76.982258597784607 26.333170472270098
106.4523205937687 77.409105665603789 26.720294876920079
106.19029678582238 77.873255823433396 27.110930590926074
105.98370529049393 78.37065723676173 27.502297428092952
105.83017265705742 78.896940897589346 27.890497054904955
105.72764849975391 79.447325436345594 28.271129264640983
105.67521075968249 80.016577000677771 28.639841659996101
105.67343986405294 80.598972910138102 28.992721356979949
105.72438519407272 81.188289499821593 29.326540077400793
105.83102192347611 81.777883146307332 29.638791485512691
105.99649833546285 82.360829668527231 29.927640300988013
106.22341126797308 82.930069955444154 30.191905360729859
106.51308520006683 83.478546967974836 30.431170949015986
106.86510146018402 83.999329111951084 30.645928095954659
107.27717317340804 84.485684963577768 30.837710610203303
107.74533291975814 84.931108562580008 31.009115455504645
108.2641032590422 85.329345076458338 31.16384778329245
108.8269258790795 85.674379119832068 31.306525815280274
109.42654376762371 85.960405360954098 31.442406062442434
110.05533756039863 86.181758676800143 31.57709287940267
110.70551950774143 86.332853568387378 31.716359354405856
111.36926797014085 86.408123121615617 31.866015524993259
112.03875866301256 86.402001805252468 32.031874394893983
112.70616761585832 86.308923945544592 32.219748621612652
