#fname degree numKnot L1 L2 L3 L4 MSE traceH AIC AIC0 GCV GCV2 cv_avr cv_stdev cv_error ts_avr ts_stdev ts_error sigma0 sigma_opt
00001943.nii_R_ICA_labeled_d5_cp120_lmd1d0.000_lmd2d0.000_lmd3d0.000_lmd4d0.000 5 120 0 0 0 0 2.20864042952277e-005 120 -113.961346807398 1866.83988341152 -0.00643105547520282 0.0111081867298927 0.230894641402133 0.376947298047056 0.834399106840575 0.537877866585675 11.8061613281951 11.8123608978357 1 4.45562731738889e-005 
00001943.nii_R_ICA_labeled_d5_cp121_lmd1d0.000_lmd2d0.000_lmd3d0.000_lmd4d0.000 5 121 0 0 0 0 2.29756174146544e-005 121 -104.982745267101 1872.84006836785 -0.00643228431038624 0.0114598168748445 0.232408586993192 0.380932990421083 0.83485979331131 0.126554036635032 5.48198254430976 5.48205750891848 1 4.40374995126681e-005 
00001943.nii_R_ICA_labeled_d5_cp120_lmd1d0.000_lmd2d0.000_lmd3d0.000_lmd4d0.000 5 120 0 0 0 0.0001 2.29816337246342e-005 111.278397059172 -162.111806097046 1814.51045197428 -0.00792413144629023 0.0103093266151592 0.193890784720172 0.130318547067045 0.792197082029977 0.289233313654504 3.74148222635551 3.7438814068469 1 4.45562731738889e-005 
00001943.nii_R_ICA_labeled_d5_cp121_lmd1d0.000_lmd2d0.000_lmd3d0.000_lmd4d0.000 5 121 0 0 0 0.0001 2.37614276392667e-005 112.2378296873 -153.844191133576 1820.26720994018 -0.00787726647564278 0.0105877973425182 0.194978326814599 0.127888111878786 0.790727654748251 0.117515506135131 3.53843309317673 3.5386340044192 1 4.40374995126681e-005 
00001943.nii_R_ICA_labeled_d5_cp120_lmd1d0.000_lmd2d0.000_lmd3d0.000_lmd4d0.000 5 120 0 0 0 0.0002 2.38281262295312e-005 107.107041916285 -183.188294941323 1789.4824971874 -0.00895978112954543 0.0100634623401801 0.19094879328053 0.127696896425599 0.79467365475929 0.180125618048078 3.39822621365396 3.39831745644261 1 4.45562731738889e-005 
00001943.nii_R_ICA_labeled_d5_cp121_lmd1d0.000_lmd2d0.000_lmd3d0.000_lmd4d0.000 5 121 0 0 0 0.0002 2.44995660196373e-005 108.031393210884 -175.596399891226 1795.02874461447 -0.00886813066932798 0.0102986166157443 0.191983670832597 0.125839712947678 0.793355543867996 0.164592531667743 3.58579854806879 3.58581078888087 1 4.40374995126681e-005 
00001943.nii_R_ICA_labeled_d5_cp120_lmd1d0.000_lmd2d0.000_lmd3d0.000_lmd4d0.001 5 120 0 0 0 0.0005 2.60503252908043e-005 99.9248275125215 -215.907791730716 1746.38967298222 -0.0115677252741977 0.00982299613076309 0.186775730811371 0.12374309026528 0.798170246543643 0.0793928062116015 2.88755383708244 2.88854935822799 1 4.45562731738889e-005 
00001943.nii_R_ICA_labeled_d5_cp121_lmd1d0.000_lmd2d0.000_lmd3d0.000_lmd4d0.001 5 121 0 0 0 0.0005 2.64695705239913e-005 100.774665143118 -209.831949871704 1751.48878596881 -0.011345263675888 0.00998020291136168 0.187672810436624 0.122630219397092 0.797112059589866 0.0174138367531352 3.33109448805977 3.33394389280226 1 4.40374995126681e-005 
00001943.nii_R_ICA_labeled_d5_cp120_lmd1d0.000_lmd2d0.000_lmd3d0.000_lmd4d0.001 5 120 0 0 0 0.001 2.8698770850122e-005 93.7871658035371 -240.370145436439 1709.56425360499 -0.0151889165466337 0.00975618606914701 0.183586009356154 0.121016266530964 0.800904999279909 0.0847733545534252 2.67637803663816 2.67730509301574 1 4.45562731738889e-005 
00001943.nii_R_ICA_labeled_d5_cp121_lmd1d0.000_lmd2d0.000_lmd3d0.000_lmd4d0.001 5 121 0 0 0 0.001 2.88799072573527e-005 94.5672946430799 -235.69155644077 1714.24506431862 -0.0147657171379068 0.00985423561387688 0.184294230622583 0.120406259373616 0.800112891420063 0.00384070204475232 3.32270203902229 3.32614874432328 1 4.40374995126681e-005 
00001943.nii_R_ICA_labeled_d5_cp120_lmd1d0.000_lmd2d0.000_lmd3d0.000_lmd4d0.002 5 120 0 0 0 0.002 3.22405342315654e-005 87.4771218589667 -261.696558068673 1671.70472662435 -0.0216977759143754 0.00979929778658886 0.180382964777653 0.118939672259084 0.803761499248435 0.073551433637274 2.42689276757518 2.42826661752036 1 4.45562731738889e-005 
00001943.nii_R_ICA_labeled_d5_cp121_lmd1d0.000_lmd2d0.000_lmd3d0.000_lmd4d0.002 5 121 0 0 0 0.002 3.21812625427636e-005 88.1893656856796 -258.366012797388 1675.97817725612 -0.0208589913881582 0.00984848679009489 0.180915408207032 0.118670895835027 0.803195166297204 0.0180015325857904 2.71349707406203 2.71696450629116 1 4.40374995126681e-005 
00001943.nii_R_ICA_labeled_d5_cp120_lmd1d0.000_lmd2d0.000_lmd3d0.000_lmd4d0.005 5 120 0 0 0 0.005 3.8459345532734e-005 79.2622491720953 -281.95480352345 1622.41678401587 -0.0433053143579116 0.010019784069527 0.176471045629167 0.116963583355371 0.807341905226878 0.0662100955311979 2.07081249467848 2.07272470492175 1 4.45562731738889e-005 
00001943.nii_R_ICA_labeled_d5_cp121_lmd1d0.000_lmd2d0.000_lmd3d0.000_lmd4d0.005 5 121 0 0 0 0.005 3.81199716263241e-005 79.8958591613008 -280.077060389867 1626.21837336133 -0.0405275715026596 0.010024816948281 0.176830326042631 0.116910880413232 0.806978779895418 0.0453175904967665 2.17980690621948 2.18257585631557 1 4.40374995126681e-005 
00001943.nii_R_ICA_labeled_d5_cp120_lmd1d0.000_lmd2d0.000_lmd3d0.000_lmd4d0.010 5 120 0 0 0 0.01 4.45562731738889e-005 73.315103763398 -289.175669191291 1586.73517972464 -0.116230549805102 0.0103085805286814 0.17417469815947 0.115374901763535 0.809386106994652 0.0503576052743615 1.92586928894649 1.92872219079903 1 4.45562731738889e-005 
00001943.nii_R_ICA_labeled_d5_cp121_lmd1d0.000_lmd2d0.000_lmd3d0.000_lmd4d0.010 5 121 0 0 0 0.01 4.40374995126681e-005 73.8952902401168 -288.130526395415 1590.21619068003 -0.100856113232197 0.0102927311764395 0.174435078766849 0.11541008158135 0.809133403301178 0.0470095938398839 2.00111178933759 2.00403556742509 1 4.40374995126681e-005 
00001943.nii_R_ICA_labeled_d5_cp120_lmd1d0.000_lmd2d0.000_lmd3d0.000_lmd4d0.020 5 120 0 0 0 0.02 5.2231019643682e-005 67.6841930781787 -287.133467476811 1552.95131196059 0.303842653007967 0.0107132438169452 0.172395754682104 0.11351245689739 0.810884111274774 0.0138326417310024 1.63158694209615 1.63770180747752 1 4.45562731738889e-005 
00001943.nii_R_ICA_labeled_d5_cp121_lmd1d0.000_lmd2d0.000_lmd3d0.000_lmd4d0.020 5 121 0 0 0 0.02 5.15152967453952e-005 68.2145012575381 -286.895774815565 1556.13301216638 0.444780024576685 0.0106799524123661 0.172608915220621 0.113587129029684 0.810683509324856 0.00312863059581467 1.95212461830722 1.95804066654619 1 4.40374995126681e-005 
00001943.nii_R_ICA_labeled_d5_cp120_lmd1d0.000_lmd2d0.000_lmd3d0.000_lmd4d0.050 5 120 0 0 0 0.05 6.62116535119311e-005 60.7873707246028 -263.249251767469 1511.57328581098 0.0660158635723966 0.0114970251760958 0.17030101412808 0.110912982687508 0.812599393878558 -0.0312343436514834 1.55048306760023 1.56165428945289 1 4.45562731738889e-005 
00001943.nii_R_ICA_labeled_d5_cp121_lmd1d0.000_lmd2d0.000_lmd3d0.000_lmd4d0.050 5 121 0 0 0 0.05 6.50720163766242e-005 61.2574452798638 -264.606371493411 1514.39349609802 0.0692546473613294 0.0114341633278616 0.170499560036489 0.111012423943304 0.812416288721262 -0.0269036980406745 1.4803807484195 1.49154193016746 1 4.40374995126681e-005 
00001943.nii_R_ICA_labeled_d5_cp120_lmd1d0.000_lmd2d0.000_lmd3d0.000_lmd4d0.100 5 120 0 0 0 0.1 8.19106610944583e-005 55.9972008533481 -218.703316217117 1482.83553197703 0.047052466558851 0.0123845994493861 0.168655080898742 0.108975654892716 0.813968317522429 -0.0419069758461515 1.4739312283621 1.48705532217876 1 4.45562731738889e-005 
00001943.nii_R_ICA_labeled_d5_cp121_lmd1d0.000_lmd2d0.000_lmd3d0.000_lmd4d0.100 5 121 0 0 0 0.1 8.02086838793266e-005 56.4263019669563 -222.099007688687 1485.40978464742 0.0481090088812971 0.0122899519117268 0.168854536209133 0.109088115383806 0.81378572600548 -0.0466021560042106 1.5278918150687 1.54116411551621 1 4.40374995126681e-005 
00001943.nii_R_ICA_labeled_d5_cp120_lmd1d0.000_lmd2d0.000_lmd3d0.000_lmd4d0.200 5 120 0 0 0 0.2 0.000105107328058755 51.5686617697577 -136.986617620132 1456.26912238221 0.0400130259403184 0.0136318899806706 0.166814198518431 0.107152428058578 0.815551114549253 -0.0792146720646079 1.45698305314562 1.47572378320328 1 4.45562731738889e-005 
00001943.nii_R_ICA_labeled_d5_cp121_lmd1d0.000_lmd2d0.000_lmd3d0.000_lmd4d0.200 5 121 0 0 0 0.2 0.000102544828005909 51.9604058658922 -143.395252197602 1458.61905395901 0.0404134525653613 0.0134984966608589 0.167020511209464 0.107273596338885 0.815362523509433 -0.0701402716130164 1.46263581471208 1.4798960010761 1 4.40374995126681e-005 
00001943.nii_R_ICA_labeled_d5_cp120_lmd1d0.000_lmd2d0.000_lmd3d0.000_lmd4d0.500 5 120 0 0 0 0.5 0.000153849715964367 46.2428194607022 58.6001753222868 1424.32420694457 0.0372440440401575 0.0159495383026867 0.163951692933037 0.104893886061884 0.818096243253546 -0.100550168616946 1.33282747266203 1.35714738876967 1 4.45562731738889e-005 
00001943.nii_R_ICA_labeled_d5_cp121_lmd1d0.000_lmd2d0.000_lmd3d0.000_lmd4d0.500 5 121 0 0 0 0.5 0.000149582578965298 46.589900872971 46.5526473441333 1426.40580785368 0.037284350253942 0.0157606142319823 0.164175963207865 0.105023179815241 0.817890416804851 -0.0999754494684423 1.35699486079936 1.38078287573166 1 4.40374995126681e-005 
00001943.nii_R_ICA_labeled_d5_cp120_lmd1d0.000_lmd2d0.000_lmd3d0.000_lmd4d1.000 5 120 0 0 0 1 0.000209941233194662 42.5873182748785 298.516617293192 1402.40286686521 0.037560543460989 0.0182197915637586 0.161516077785892 0.103158949142829 0.820291825706972 -0.105097031187944 1.22366361698044 1.25104724779319 1 4.45562731738889e-005 
00001943.nii_R_ICA_labeled_d5_cp121_lmd1d0.000_lmd2d0.000_lmd3d0.000_lmd4d1.000 5 121 0 0 0 1 0.000203995916637884 42.9039379332897 281.444519121792 1404.30134818983 0.0374684380571284 0.0179943994793836 0.161746934271834 0.103300999642899 0.820080683744294 -0.104310571431728 1.24258774577274 1.2694022335513 1 4.40374995126681e-005 
00001943.nii_R_ICA_labeled_d5_cp120_lmd1d0.000_lmd2d0.000_lmd3d0.000_lmd4d2.000 5 120 0 0 0 2 0.000286430379642331 39.2288015781149 635.436280168229 1382.26767642709 0.0389780172039136 0.0208580901417336 0.159082846057933 0.101228850501996 0.822466010866906 -0.113069819524614 1.06511798506884 1.09838855179306 1 4.45562731738889e-005 
00001943.nii_R_ICA_labeled_d5_cp121_lmd1d0.000_lmd2d0.000_lmd3d0.000_lmd4d2.000 5 121 0 0 0 2 0.000278598964789714 39.5177500253607 613.496036290765 1383.99973817627 0.0388140105148908 0.0206062483887294 0.159290268345832 0.101405660140882 0.822281951892019 -0.112327392769058 1.09029550311727 1.12264310812936 1 4.40374995126681e-005 
00001943.nii_R_ICA_labeled_d5_cp120_lmd1d0.000_lmd2d0.000_lmd3d0.000_lmd4d5.000 5 120 0 0 0 5 0.000421483951104548 35.207444675253 1241.77251252196 1358.16762615278 0.0417108108051808 0.0247131911910338 0.156483035338571 0.0982126847716039 0.824681481553592 -0.048430071627511 0.747402437689623 0.774651545279523 1 4.45562731738889e-005 
00001943.nii_R_ICA_labeled_d5_cp121_lmd1d0.000_lmd2d0.000_lmd3d0.000_lmd4d5.000 5 121 0 0 0 5 0.00041115394800859 35.4637748543944 1215.26214983243 1359.70345858698 0.0415082837980118 0.0244447317240936 0.156634224753803 0.0984052340829639 0.824554325664521 -0.0490638031958631 0.760968710918383 0.787912759279135 1 4.40374995126681e-005 
00001943.nii_R_ICA_labeled_d5_cp120_lmd1d0.000_lmd2d0.000_lmd3d0.000_lmd4d10.000 5 120 0 0 0 10 0.000546679275599247 32.4548125979571 1809.70029309377 1341.6778743165 0.0439576931420831 0.0277038873354079 0.15501619656563 0.0961087703135711 0.825890424686501 -0.019004106860054 0.705358888680745 0.726557829841709 1 4.45562731738889e-005 
00001943.nii_R_ICA_labeled_d5_cp121_lmd1d0.000_lmd2d0.000_lmd3d0.000_lmd4d10.000 5 121 0 0 0 10 0.000534822462694222 32.6891923184746 1782.7316308138 1343.08168642252 0.0437564776250444 0.0274384430305913 0.155130298774452 0.0962819442790865 0.825797270712158 -0.0185966522990236 0.716461084373504 0.737244728951792 1 4.40374995126681e-005 
00001943.nii_R_ICA_labeled_d5_cp120_lmd1d0.000_lmd2d0.000_lmd3d0.000_lmd4d20.000 5 120 0 0 0 20 0.000688501380593097 29.9295965087656 2456.61060399145 1326.55607677919 0.0461697027186679 0.0306495427571346 0.153876551269262 0.0941803344902976 0.826800451681665 -0.0246412275490547 0.606756794042831 0.632854629477679 1 4.45562731738889e-005 
00001943.nii_R_ICA_labeled_d5_cp121_lmd1d0.000_lmd2d0.000_lmd3d0.000_lmd4d20.000 5 121 0 0 0 20 0.000675053111028051 30.1441680185676 2429.80551399461 1327.84070859793 0.0459668811812874 0.0303853466970811 0.153967996817253 0.0943542566539199 0.826729433006787 -0.0241298894349637 0.614172125070558 0.63982411071045 1 4.40374995126681e-005 
00001943.nii_R_ICA_labeled_d5_cp120_lmd1d0.000_lmd2d0.000_lmd3d0.000_lmd4d50.000 5 120 0 0 0 50 0.000917746351206101 26.9095396809975 3508.66401165533 1308.48341876647 0.0495101123411167 0.0347959818418383 0.152417472560224 0.0916010504290133 0.827960725263015 -0.0313195256006076 0.518869399409302 0.551383354271085 1 4.45562731738889e-005 
00001943.nii_R_ICA_labeled_d5_cp121_lmd1d0.000_lmd2d0.000_lmd3d0.000_lmd4d50.000 5 121 0 0 0 50 0.000899648958135798 27.1007324714992 3472.366625728 1309.62681125172 0.0492414454620952 0.0344876075034332 0.15252282067266 0.0917803980275099 0.827875887684629 -0.0309633702499197 0.523133494606729 0.555278356722303 1 4.40374995126681e-005 
00001943.nii_R_ICA_labeled_d5_cp120_lmd1d0.000_lmd2d0.000_lmd3d0.000_lmd4d100.000 5 120 0 0 0 100 0.00116167972654028 24.8438854395491 4635.01303877574 1296.14023145985 0.053116355519604 0.0387066083521419 0.151064504985828 0.0897328327854981 0.829101125590009 -0.0344790920001319 0.4705379357568 0.507339008129075 1 4.45562731738889e-005 
00001943.nii_R_ICA_labeled_d5_cp121_lmd1d0.000_lmd2d0.000_lmd3d0.000_lmd4d100.000 5 121 0 0 0 100 0.00113595200941263 25.0190446626924 4575.99424419452 1297.18583543354 0.0527324913228742 0.0383122304476326 0.151190791693209 0.089893951186167 0.828993036612466 -0.0342826913017809 0.474121447989244 0.510591412888347 1 4.40374995126681e-005 
00001943.nii_R_ICA_labeled_d5_cp120_lmd1d0.000_lmd2d0.000_lmd3d0.000_lmd4d200.000 5 120 0 0 0 200 0.0015229603018446 22.9494492090297 6310.19590837566 1284.84876043639 0.0583336643864904 0.0438649101753631 0.149572693977704 0.0881445614597665 0.830414100352595 -0.0358926781328934 0.428151707297768 0.468870049838839 1 4.45562731738889e-005 
00001943.nii_R_ICA_labeled_d5_cp121_lmd1d0.000_lmd2d0.000_lmd3d0.000_lmd4d200.000 5 121 0 0 0 200 0.00148433229883838 23.1098051076061 6210.0250629515 1285.80286120323 0.0577889172075567 0.04334260635994 0.149701558092192 0.088274490232626 0.830299767861451 -0.0358504784082049 0.43154903597563 0.471957287622597 1 4.40374995126681e-005 
00001943.nii_R_ICA_labeled_d5_cp120_lmd1d0.000_lmd2d0.000_lmd3d0.000_lmd4d500.000 5 120 0 0 0 500 0.00230316834586835 20.6837703557745 9938.81114938796 1271.41697059002 0.0683952558469679 0.0532906194996527 0.147842316609922 0.0865043690464135 0.831962582362287 -0.035286252906213 0.381375279522279 0.426310820766573 1 4.45562731738889e-005 
00001943.nii_R_ICA_labeled_d5_cp121_lmd1d0.000_lmd2d0.000_lmd3d0.000_lmd4d500.000 5 121 0 0 0 500 0.00223705462636017 20.8264564806322 9751.61866082099 1272.25933568551 0.0676047267333913 0.0525602191312558 0.147939092202382 0.0866007419913679 0.831876358557041 -0.0353833189924972 0.384003749244484 0.428706991920405 1 4.40374995126681e-005 
00001943.nii_R_ICA_labeled_d5_cp120_lmd1d0.000_lmd2d0.000_lmd3d0.000_lmd4d1000.000 5 120 0 0 0 1000 0.00322128987563553 19.133907964942 14215.5364691985 1262.30876552322 0.0783895620720634 0.0625063651473297 0.146927184424613 0.0855542372667593 0.832774612728906 -0.0340493223903688 0.355980238949827 0.403169913233967 1 4.45562731738889e-005 
00001943.nii_R_ICA_labeled_d5_cp121_lmd1d0.000_lmd2d0.000_lmd3d0.000_lmd4d1000.000 5 121 0 0 0 1000 0.00312734411074549 19.2645922782354 13947.3048653632 1263.07333068388 0.0774396254966166 0.061630797366488 0.146993892491957 0.0856265447778319 0.832715689786346 -0.0341486024191325 0.357937540096402 0.404945580076394 1 4.40374995126681e-005 
