#spline3d 5 120 5 120
119.06573302393573 79.625606793468378 2.6647295798676027
118.55830166369478 79.229622079067809 2.6467484388479141
118.09359961104785 78.8602364577401 2.8411254549972647
117.64703778372828 78.491281660136522 3.1057126242786697
117.19580792636323 78.085398700149284 3.2823147145802096
116.70559650986222 77.682322566157822 3.3235849809027762
116.17944948816533 77.33681445316796 3.3495042556481964
115.64186903891432 77.006692594266099 3.4243658135530515
115.09903160066496 76.689493364079553 3.3826102925022457
114.58420146823562 76.340305823404876 3.2596861930217393
114.07476432910926 75.969533370487554 3.2230859834962375
113.53751516653885 75.638936305090823 3.1968948867032307
113.00495129275919 75.303414600209607 3.1571810345771918
112.48974135197933 74.942775873970135 3.1054767503430107
111.95560855295702 74.607915900912985 3.09159337443071
111.38691015769791 74.325156190519763 3.078307451546701
110.88463688107268 73.946981068890906 3.0658826679144222
110.41036369218327 73.527224888766341 3.065080053698952
109.86633981366016 73.203689262628828 3.0559823223209608
109.3231136322901 72.883865137960413 3.0748323416832282
108.77858519349707 72.56949973582519 3.1233443220523212
108.22740720752932 72.264650920579911 3.162901557618119
107.67655115862615 71.963763837066992 3.224896363029059
107.1397577373713 71.648579500165312 3.3297720537271451
106.60086971782994 71.341610176344645 3.4444408464061382
106.047316145151 71.057850401791995 3.5522032269880737
105.48357008986331 70.804941256262538 3.6795519458202564
104.93909054899333 70.548354226167973 3.8709032110544626
104.41467802771147 70.239662131323612 4.0427567679645717
103.88729850353106 69.973314897340842 4.2628836449516614
103.37105192502617 69.748279701587862 4.5514862104900207
102.85876268310828 69.561329425054581 4.8698995688243345
102.33812301638469 69.438085258210066 5.2152452777309204
101.9506912689469 69.198938584526104 5.6534009322067069
101.59147229665922 68.961678185937885 6.1175845119172729
101.2047008993835 68.770462337741563 6.5823353128082376
100.84089897117414 68.661717511734963 7.084513404842288
100.4723306419631 68.649079808994756 7.6000704736277065
100.12245142355881 68.546006413879738 8.1182974502033591
99.918832608795796 68.418952704840663 8.710046835275481
99.83888123286863 68.35254724075044 9.3353055753567187
99.857214189116974 68.329922596425106 9.9671146524290766
99.891498742917264 68.279226259497506 10.596869664083
99.913688707865219 68.340308014715276 11.223711170268372
99.922396639530277 68.401203256062473 11.852864734560727
99.948418436292201 68.451383432715971 12.480565079817906
99.989376478250534 68.576250936073961 13.098988732702781
100.00881458262467 68.691944210385358 13.718554881313173
100.01691177164187 68.787018956410847 14.342138455308685
99.999100724209967 68.8535123653364 14.970607678665818
99.999031961016271 68.865147268705485 15.600831369717715
100.01815992832572 68.837759997838589 16.231153843408226
99.996900700479657 68.77812460607592 16.863965672093304
100.08401418951202 68.831994766519358 17.486127228181196
100.15960916575952 68.94437925459205 18.108113128562838
100.01286241842919 68.90873440944921 18.729214307022946
99.91879687031475 68.78003492759747 19.355044542674054
99.755487065540564 68.493979551915075 19.904005385040684
99.589158932418016 68.000642779855227 20.276949737439349
99.430172768938675 67.520147027831598 20.666394169791104
99.189424989737162 67.018939358363568 20.971739699565511
98.983185942357863 66.416684728649443 21.021724534899008
98.739967122089752 65.823702070602494 21.014071800608111
98.482015358321874 65.249478218957819 20.923918751277363
98.475951656430865 64.702564354193598 20.567453429189619
98.53045921747534 64.181899452848441 20.201659239553514
98.71724098571147 63.699677556647956 19.848658799337027
98.940501210666326 63.215841609235383 19.503056572445018
99.174701745923358 62.723343490977506 19.186633292157101
99.494714116808382 62.24184886039243 18.928063245438455
99.875521736079989 61.829448760693303 18.632758095410175
100.28558597293816 61.407942203167146 18.412613907004967
100.71190232377859 60.964296675031193 18.259735472975464
101.19033453884663 60.635204455787644 17.983066580092956
101.63268081420824 60.196497136456586 17.898853791560569
102.01279995942609 59.676574505997898 17.867422986941925
102.4100250348409 59.202485928842322 17.95246008962069
102.81088935565629 58.740569827162922 18.143686726460732
103.12919185692533 58.258431872178896 18.391843054169449
103.39925125444779 57.772413903309698 18.69601641242641
103.69526057927673 57.337636809586876 19.048648595879914
103.93870065220725 56.956264288639531 19.490898994630811
104.04431245583912 56.553430220195978 19.983157675633791
103.98728147276096 56.204907809541936 20.507250247131438
103.81390368312776 55.973345935212244 21.082211918959572
103.53979086670682 55.785310159748406 21.62181118843522
103.18526815234517 55.791276189217491 22.15599458629432
102.82630782745092 55.933704575295664 22.655343289641959
102.40774489646354 56.149869827761478 23.083797328864943
101.98740108509236 56.426049360233584 23.465271447982285
101.6194264657836 56.831495980746766 23.788625899896807
101.24514131320512 57.252875516837314 24.072896560872021
100.84000953310317 57.680359538792501 24.30127819847133
100.44016298926574 58.13290522355004 24.482685178818752
100.0506209228578 58.597623843105069 24.65778677121639
99.664420351395975 59.060348016802237 24.849615097353436
99.359793637670791 59.562682335038154 25.074824841621435
99.055998348612491 60.069485491113312 25.308275202713691
98.763341145045359 60.5991069102258 25.48337791705212
98.520354651941545 61.181929932168707 25.538718473418811
98.303979934470078 61.778073013507317 25.599606254953397
98.225892603181279 62.402532802645034 25.61817578403917
98.200046261316217 63.035132266960296 25.601943626002079
98.068117371091262 63.658935324435646 25.598104918676043
98.113436304127958 64.285638334532706 25.687765088717139
98.309428573932067 64.885594594197173 25.800952059790298
98.608359885447243 65.439610098522948 25.852811642205769
98.961998693115817 65.958975453180685 25.899261017518032
99.343021694255 66.463935548328735 25.944725416412226
99.798399513363421 66.896958313416548 26.037117085898355
100.31906182211827 67.21210688412161 26.237285637083556
100.82525172428178 67.432933270762717 26.547110947250413
101.31275893308398 67.665014591857982 26.87130903311764
101.78118704196105 67.894569984671122 27.228544643178992
102.29009980820032 68.052707506898955 27.56715467722918
102.8410272829959 68.151719487540063 27.868080900143166
103.3658419557314 68.135561811750975 28.21842959328378
103.89240107951895 68.03747801652851 28.561059070718695
104.44907670280074 67.914180738358738 28.828192231446891
105.06418813855453 67.81803255027171 28.95390426227857
