#spline3d 5 121 5 121
61.29400957025512 85.658933224676488 2.5982196891872764
61.078544203987704 85.539407291948777 3.2050630305574686
60.861718743477958 85.355644047524976 3.7818796845613805
60.652381613135802 85.123260763968531 4.3400571572672648
60.458174783325752 84.860086718508157 4.8913751664497678
60.29740879651677 84.569111586012468 5.4442597417013463
60.226507686380408 84.223751894940932 5.9779600554411001
60.281402726395022 83.826558360790969 6.4861637628216577
60.430196818933943 83.424056941074596 6.9650511462751368
60.636630016523121 82.972763066343489 7.372106479825284
60.865877096249214 82.485500596627489 7.7252336121883234
61.149745683699955 81.996893016669361 8.0284567064326815
61.503533060413595 81.513106638669029 8.2630433613199266
61.901639387927432 81.04129725604696 8.4398768226622352
62.341161542444169 80.594612941659889 8.5756277844974349
62.766592661677016 80.130531479792836 8.6942153426872739
63.192077338102202 79.65283769060926 8.7509212106636802
63.653851112428491 79.204302447905036 8.7358065499857194
64.136388512825505 78.794131016131345 8.6335310210125762
64.639579838978662 78.420251677059056 8.4931547330817079
65.145281700413662 78.066096594162147 8.3224168250252522
65.657336858060305 77.739832613883081 8.118545738062366
66.197344757076365 77.451997061105686 7.9281134056298201
66.730199662514991 77.162258060378292 7.7208798289597542
67.265615512701501 76.860891880583807 7.5384058430803549
67.799604966680945 76.528506338961009 7.4095446350205885
68.342279684105407 76.203199726429659 7.3025263335351829
68.912461198332011 75.960925074322745 7.1399261167962056
69.475245997197945 75.700899465908108 6.9701014087708444
70.025024627690371 75.385267201376664 6.8734700102046267
70.579073509960182 75.06145718848687 6.8498086384630978
71.14940198087227 74.769118193877503 6.828126045370567
71.73621849310554 74.511688459333172 6.8284773471349087
72.324711870443906 74.2599819436454 6.8700674394117494
72.885831643403918 73.956767185997023 6.9331712753700003
73.446570561041653 73.656994326657397 7.0158146771098906
74.006892232417243 73.368133324342153 7.1339063452505176
74.544410789309254 73.066745018346865 7.3150101753173074
75.078184215625242 72.810500734939453 7.5623172295170207
75.598061874976295 72.583096204829161 7.8666002334351175
76.070135271001746 72.372702332665696 8.2463580585170551
76.510848143513073 72.221140982281327 8.6915686166663075
76.89882385400044 72.086761047481559 9.1877922208088698
77.206699252456531 71.84143219973673 9.695480030040553
77.485267949396274 71.520902762873916 10.177564730165631
77.761400121488649 71.252608616796479 10.691840625146922
78.024582340789181 71.072695103936795 11.254873264090167
78.229193649739145 71.028441503258392 11.866233733967338
78.328578705034104 71.070566260605744 12.502051515825832
78.349759559123129 71.096523013572906 13.142363058305662
78.388437274807004 71.154491586973379 13.778828616266974
78.413419441220626 71.2393229604574 14.414297203457226
78.346716218187765 71.276823648363845 15.05190964628242
78.265099532834142 71.285078036020494 15.6889934222968
78.25272229627906 71.302727643481646 16.328801752810815
78.302714427725689 71.339241662115569 16.969988826479316
78.386901533147352 71.418631961644564 17.599775709583373
78.507124921291222 71.558243040507918 18.213980623997482
78.642603825692888 71.669290892567133 18.832775608022292
78.848051101024168 71.754870693496883 19.433117178522881
79.119269985046742 71.859163676053683 20.006855618883648
79.315539114756149 72.010135347682152 20.599258869711733
79.436942104410903 72.225395704823626 21.193270785623998
79.520733500198972 72.512536467074341 21.763871485303163
79.594166856862287 72.737277890475283 22.360744345116391
79.770292921494445 72.822961924963465 22.971691835808915
80.011774223042622 72.84873996701586 23.583343566983878
80.284707741192506 72.705763189053201 24.148549683930991
80.621948928150474 72.362840352813464 24.595269540585999
80.971607607621578 71.928343896758292 24.926104335460092
81.251870192471301 71.411328922741092 25.180409832697549
81.480375184345789 70.833435676472476 25.373436197244111
81.719726451781142 70.238174887231381 25.397313874394591
81.891783369430655 69.621241182345102 25.326617775044991
81.985366364340123 68.98569993108147 25.26044453784554
82.06262277647761 68.381493536049902 25.060111648915338
82.09218298439103 67.817891643083641 24.744673849172667
82.080546569097081 67.276160176046872 24.401541019861785
82.085378604171382 66.726861783491074 24.072707149657194
82.033820439029782 66.156361686624848 23.78654110355388
81.940989805721486 65.602870047163492 23.472798806699096
81.814754030018605 65.03795428442325 23.197520745872865
81.63223331367081 64.461785202956136 22.985245462386256
81.410827289827211 63.890538895940828 22.791167660513494
81.168366393973358 63.313665310443227 22.627786255408267
80.812133937434567 62.787069490199258 22.561592269420473
80.404284972863692 62.288414728346254 22.590064953804205
80.083945825741395 61.732397549007779 22.665411507884631
79.778469332383906 61.189977830684569 22.83460998963124
79.491496031544116 60.722823742306126 23.181511067384619
79.211911266375253 60.34475595317658 23.628732224641841
78.939507250850966 60.092712794476334 24.154953434194056
78.768228848035946 59.920081600355346 24.766309823882182
78.790461800979671 59.834057869386733 25.407124797130958
78.97515231147618 59.866946741516479 26.027196986523609
79.187795659068072 59.988981880019203 26.625254377709279
79.452260420212653 60.183597744446729 27.177445265045147
79.840084356950825 60.440899261493492 27.625641899559891
80.277173030627964 60.746328873259287 27.991540073857173
80.670751506060924 61.133400878094932 28.317472484875431
81.007463315874048 61.579502087289008 28.63296320122911
81.312556096841149 62.042803225234785 28.95506558954299
81.602801821395744 62.508617617104768 29.285069298000572
81.862380701485321 62.982725264090838 29.629365358598317
82.090262080879256 63.45991198222314 29.993813748127412
82.283457629534311 63.97719232571675 30.319158637892158
82.429077865793403 64.537092017228034 30.598050407284109
82.530950566311247 65.104042293457908 30.879196809574253
82.6647905802661 65.676929242193822 31.135758916539828
82.769979386363602 66.271575813267162 31.3490835788552
82.807968415977527 66.890159937893515 31.515587031555839
82.813351675763855 67.528922627245862 31.610060442991045
82.734071438399511 68.166820247135945 31.690890649957556
82.544720015372718 68.722609879906344 31.953475033895884
82.294931173688937 69.191152563986435 32.330632021525048
81.949499060741289 69.592409966987304 32.691936479368074
81.558991570438607 69.951556100767604 33.056349450338296
81.098855272113212 70.221261662495081 33.412374127421351
80.591607300112798 70.438406646528335 33.746471141344948
80.074155062259891 70.658646134457769 34.046541197381764
79.581214081854569 70.934822226358165 34.30039057421277
