#spline3d 5 120 5 120
71.090783628349413 97.014538711056616 3.8018606974794276
71.588725922352964 96.8103410089427 3.7519477027293817
72.071634103264799 96.567002166582412 3.6709595164010582
72.548028427761921 96.299609481489085 3.5894603263337941
73.026451231590102 96.022587363935415 3.539485153191098
73.516221904793781 95.759367382491376 3.5400374841797295
74.038719754675185 95.589724161427711 3.568794207698565
74.593875216946529 95.528900643454136 3.56044968052545
75.140588815945293 95.441396274579134 3.5054962745427418
75.63509816987299 95.209219666351757 3.4392493840393041
76.075405071496988 94.871933110517077 3.3598060536201606
76.489699592911137 94.517216425280694 3.2595218110543125
76.910317023880097 94.169235087120811 3.1824975144811147
77.356629839709427 93.843076403247579 3.162438906130955
77.82995386658996 93.557806975957305 3.1983113132672694
78.310411884082072 93.292276663042557 3.2668615059860815
78.779237109852374 93.008576194863892 3.3385880233372234
79.236978769669051 92.704033801542892 3.4036478354528446
79.717295655685518 92.450393611860875 3.4855583621882538
80.230698869373811 92.261453692881375 3.5785232090564052
80.735921023861351 92.055561794465746 3.6829191244175337
81.193822421493152 91.804490531203029 3.8601349263714506
81.599574675973386 91.521338432050058 4.1129254323015498
81.970790581844923 91.241277314075887 4.4183249391717263
82.314163138226732 90.995404601229467 4.7777391818120236
82.597770632378811 90.794575365413394 5.2067620274382467
82.815215619496357 90.622999542593419 5.688106244493647
82.991711032372606 90.44961338307391 6.183069139497916
83.161471001202173 90.271603233439421 6.6772672811163734
83.347738915229044 90.080222597027316 7.1610571162760159
83.529556360215096 89.849070034804043 7.6292778162202115
83.672281697676766 89.574091481767965 8.0891692424728401
83.778576348180991 89.325507990697659 8.5701715359159252
83.861253178999391 89.157624695684731 9.0902770936031381
83.918299662275842 89.036627419444784 9.6288405010159916
83.958157200782523 88.943597980585452 10.172571016767654
83.99707496821209 88.885230714417972 10.719486909459757
84.035709152677811 88.868820168246742 11.270965224424147
84.07898601565725 88.879744655191971 11.823729560238286
84.138595660220091 88.935764137504904 12.369028737951069
84.210964717043154 89.044679450630866 12.905414713352265
84.282158722227749 89.156519715248947 13.442895637508173
84.351507475000346 89.26605310418428 13.979945925602653
84.425676624542589 89.426328825271071 14.502052564402925
84.489372252112176 89.624721649054493 15.014667213473766
84.536605676691281 89.819215434504727 15.530185616304536
84.605898054687543 89.997542203898774 16.048532079590618
84.71881796719461 90.153235016462531 16.56696998015687
84.871241706086238 90.279320328763106 17.083706267944176
85.051839174801415 90.375563431635584 17.597299905058417
85.26537361160716 90.434602060436063 18.104192042599163
85.520410298099023 90.425153056202902 18.600316445436523
85.815498577263824 90.313356649675839 19.06079337025556
86.161440283820752 90.100991989687955 19.439962415967919
86.55075999671881 89.831966951359476 19.732636624309421
86.951395219972511 89.533649594971095 19.973691467228011
87.324985200455558 89.1866440425283 20.186772225496277
87.676344375474144 88.787087410873511 20.336247746884709
88.015229484182498 88.347161746703335 20.387447041002336
88.316519435641069 87.880381746419388 20.354589556460922
88.560003016212463 87.398236689389591 20.237975667187794
88.762654131770461 86.916420028395805 20.052477854272126
88.932001462955256 86.442894155900376 19.813336903673243
89.022703142251231 85.97489950407271 19.533537749126605
89.006282224679467 85.540936671180617 19.191467137237296
88.96398154501243 85.163883005010717 18.78513134709916
88.914481981283274 84.823339782753834 18.350223029171797
88.821677456793665 84.504028939377378 17.909058313100331
88.656714425529984 84.207783205065198 17.471654372041517
88.429706592253751 83.937310568414617 17.044981784037081
88.162271747948964 83.684824883262081 16.632702221070193
87.867228111496331 83.427824537363392 16.237845458034379
87.557393975678721 83.123208226724358 15.894603982570805
87.228314838933358 82.756682376481862 15.643797334517185
86.899658198049252 82.348809797761632 15.458138170336694
86.607140376623178 81.915231228999261 15.275555924711522
86.344426144597477 81.460887387125524 15.09761035736288
86.076486317218681 80.987087797540184 15.020633012171325
85.803615047675677 80.501661977682218 15.060511212568732
85.564628549292479 80.00972399718195 15.177331644720866
85.406701172791358 79.508313721370513 15.347189176487072
85.335305598774013 79.006394386598032 15.565936403407859
85.297271331076075 78.524185767666836 15.841808928189341
85.27750499438352 78.075131595065884 16.180524959681193
85.380619309589733 77.712255053925858 16.58023078174498
85.637579603517992 77.481558830333199 17.024305969613074
85.957703933396132 77.37786752199807 17.481428802864421
86.262536449564152 77.407267471830636 17.94164485363914
86.547253559366141 77.552910901406108 18.396959224128427
86.829333285469019 77.78357060409644 18.816666084092994
87.124934471290373 78.072031910413457 19.184840849448161
87.440110609739193 78.37807339026071 19.518950867591791
87.772658584239508 78.674210514752815 19.848624465548681
88.092787520800883 78.970805609868961 20.191055240162243
88.351930200392772 79.329580625881491 20.516484015325215
88.551940578613582 79.753968337126352 20.812638613735157
88.731515773346658 80.170349649468633 21.130224613248146
88.892996679483971 80.570637035304586 21.477524512935428
89.009828236032391 80.957896912352268 21.855331636765573
89.048240470066702 81.336969041221721 22.255313659735791
89.012364600695989 81.716098041176366 22.658646442855456
88.944376174889825 82.092570226931684 23.060109106654352
88.840550174777619 82.45266199956572 23.46439471378287
88.68600400584117 82.785405662909511 23.876797956499459
88.508990956921949 83.101202102662654 24.296422289945838
88.299613279739319 83.412994180851115 24.703675387366467
88.028900686413593 83.719266505425196 25.075648160785207
87.681373741301485 83.990308465555387 25.40971059695427
87.284151450722433 84.186460110801022 25.748493749255921
86.864260243511694 84.291084638552078 26.102214325859968
86.42262382032699 84.272285828675138 26.434182891124323
85.978558524909104 84.149335824134127 26.744757001921862
85.538981668684443 83.986491316178331 27.040937548353963
85.102476135758579 83.809457658206938 27.327734058857075
84.681449622520532 83.600875652154983 27.618346735925158
84.279108142251246 83.348125891015968 27.902585013387331
83.904767791277493 83.051064176666699 28.181182327741521
83.564306535408349 82.719784956205189 28.464940757193951
83.2556912901711 82.370866826793034 28.762690423726955
82.977804087331037 82.02019098880902 29.08357480439409
