#spline3d 5 120 5 120
64.200463636362528 88.733196756059769 3.9414891230019835
63.936785091311172 88.550104314699723 4.4875056409340237
63.70483122262489 88.329041681588933 5.0508885123390108
63.509509155801211 88.0737788016677 5.6257942500766127
63.355726163280131 87.788085625665673 6.2063794548251536
63.248385283505847 87.475732086244122 6.7867997647493441
63.192296045675391 87.140489601408291 7.3611989985276063
63.191918944630743 86.786119991987306 7.9236844867613536
63.250903082998178 86.416292780604394 8.4683051883271059
63.371690046001106 86.034468327950577 8.9890808504986879
63.5549668582197 85.643735211443982 9.4801102274655111
63.799353326401103 85.246701335726243 9.935821156083847
64.101358906474303 84.845485271709649 10.351330552446131
64.455608820864114 84.441772535304267 10.722887578892351
64.855394495949724 84.036909819406574 11.048099618724851
65.293131701805322 83.631932813355633 11.326252721615296
65.761013297286553 83.227616304226743 11.558384056384314
66.251567084450471 82.82452454698587 11.747210103846424
66.758151766713425 82.423082417161964 11.896909971142048
67.275200675104657 82.023660249395519 12.012691543669623
67.798485934095723 81.626644507575563 12.100444327763094
68.325148709657583 81.232478023827966 12.16627582308571
68.853568417973506 80.841615878197175 12.216109480982134
69.383111129458328 80.454388308715025 12.25532497720997
69.913786824921175 80.070872217356282 12.288597585882039
70.446003958489314 79.690783830457107 12.319815522866966
70.980320329440389 79.313497258498188 12.352248494860566
71.517275961960024 78.938216260913961 12.388901001188659
72.05726094112562 78.564292819634559 12.432985610335205
72.600400864645025 78.191552392591518 12.488334404992248
73.146378541014116 77.82064508813275 12.559785803738569
73.6941951983964 77.453324035844403 12.653385343407574
74.241893428594949 77.092549054971272 12.77628732954167
74.786241196588193 76.742394092228594 12.936331554311826
75.322597390842489 76.407711072586125 13.141357819573628
75.844794992534275 76.093749272318888 13.398381551135097
76.345258433988548 75.805644460373543 13.712643474460933
76.815391141919008 75.547923511844374 14.086840660373719
77.246190722132468 75.324086011462555 14.520649996104005
77.62899195842482 75.136426939793935 15.010872564754997
77.956303102601083 74.985913331194325 15.551680020442028
78.222755578151506 74.872203089962682 16.135205656817927
78.425901227269975 74.793813687167813 16.752366688414558
78.566833496509403 74.748333886847149 17.393728790512419
78.650182564265421 74.73268193865745 18.05026547519477
78.683966431610131 74.743273031018958 18.713981265103783
78.678907319433321 74.776188885809873 19.378414506618316
78.647187449777107 74.827374222789786 20.038913261533828
78.600868131901876 74.892862238953526 20.692776809925967
78.550443824840443 74.968957840788121 21.339155630044271
78.503691670400485 75.052353058834186 21.978985858067428
78.465038192768674 75.140104898837322 22.614835685518504
78.435856237766984 75.229384999928058 23.25059298324615
78.415496046835003 75.316977900416774 23.890994331031088
78.402731847314342 75.398697643002492 24.540910706701748
78.397104637935286 75.468822389163705 25.204443817441568
78.400081884187912 75.519679146086148 25.883669089054376
78.415583557428079 75.541727921384762 26.577246972317212
78.44984055728267 75.524207694672114 27.279001054388999
78.510559346401422 75.456323456039257 27.977148088236572
78.605788066255457 75.32867348575914 28.653975761754346
78.742437064920892 75.134941641841337 29.286223011509055
78.924711111150387 74.87332225177876 29.84685623451314
79.152675946012906 74.547420135673676 30.307932397672754
79.421496362619436 74.166064417547403 30.64409299447307
79.721264293764804 73.742417786408566 30.835896851410041
80.03736484593496 73.292414280345724 30.873155056251303
80.351843111473528 72.83246818436595 30.756707378324304
80.645205403197593 72.377156544540171 30.498599593913266
80.898245254490178 71.937805797832013 30.119526545002678
81.093545997128373 71.521585849600271 29.646243611082358
81.216860382760643 71.131340665482554 29.107865245031348
81.257973476034977 70.766183502901512 28.532400928007462
81.211338232999623 70.422188259777514 27.944415165820228
81.075872188730386 70.093230802623594 27.364521172261362
80.855026359440657 69.771472367716015 26.809364556571357
80.556242701661461 69.448053027757922 26.292673956464387
80.190314812450865 69.113851068077025 25.826625032723101
79.770954795900991 68.760392450220309 25.422987571023992
79.314323673523191 68.380667362487358 25.093662046789017
78.838898848929546 67.970154202554994 24.850609454790082
78.36500665387787 67.527797208749192 24.70505076196773
77.914077064902656 67.056762439501739 24.666125885876522
77.507500631947295 66.564898128168281 24.739156233254779
77.165454494657325 66.064203348041971 24.924631176466189
76.905530124609541 65.57034908316561 25.216954324624517
76.74146457910652 65.101220347502931 25.604212592294679
76.682289712173372 64.675130761187717 26.068822409167179
76.731699577962999 64.308864457060935 26.588843863144607
76.888367465845931 64.016362719770854 27.140038907692123
77.145850649256488 63.807462693561263 27.697811341894951
77.493262478575389 63.687411629196951 28.239449900036995
77.91622466642697 63.657033595090425 28.745906877337667
78.398054081430686 63.713389043816768 29.203146432365532
78.92101667378688 63.850995499091923 29.602334886651519
79.467269366802583 64.062789595565334 29.940338784727512
80.019684312842145 64.341307738415793 30.219391378559429
80.562324456552204 64.679465128922217 30.446506237130421
81.080796485418233 65.070844609799423 30.632683014801252
81.562377330388529 65.50943383690165 30.791711461179023
81.996395832057416 65.989099045917854 30.939274860634949
82.374486585879097 66.502857233756714 31.091647564163335
82.690779621808574 67.042349392083537 31.264431213529665
82.942026860215449 67.597648815577756 31.471236436715095
83.12730895762077 68.15758786271067 31.722952337000443
83.247977779877289 68.710150026091853 32.026875651547478
83.307156035819659 69.243235763675727 32.386467680464705
83.309133340729261 69.745424082885464 32.801457032959711
83.258641745490664 70.206670386583554 33.268182728914724
83.160242758270911 70.618576943516842 33.780326229197513
83.01785453742913 70.97464384588946 34.329296894338611
82.834535148646538 71.270052739280516 34.904896755654015
82.612542720028372 71.50118977085674 35.49588582176483
82.353535376305999 71.665055974650315 36.090456453815897
82.058815185077606 71.758815770414813 36.676553423744366
81.729487509973069 71.779572212282588 37.242026862846672
81.366592764054928 71.724324114857367 37.774707261525165
80.971156971613269 71.590028753523001 38.262420453033613
80.544205760166378 71.373640299287388 38.692992273282016
80.086764739255671 71.072113195632852 39.054248528997668
