#spline3d 5 120 5 120
127.38994678818263 109.17556260076171 2.9709296997703722
127.65959345138275 109.03442239284274 3.5500523050054582
127.94228990693246 108.92613633518971 4.1298865715653523
128.22582716086544 108.82332224292557 4.7105339624278422
128.49126053868525 108.69270064907936 5.2942765490402479
128.76109902176853 108.53855572538154 5.8702336753912441
129.0793609557544 108.36463091669037 6.415529228047947
129.36850586183101 108.21190765079974 6.9821729626193818
129.64206667172093 108.05999667696879 7.5567058305626738
129.91962681561338 107.87772468449256 8.1205776463482504
130.20945545855923 107.68959638667003 8.677684348733715
130.50077399342905 107.59462541606609 9.2558333126958008
130.79192403249496 107.4802954776314 9.831118532172237
131.04835344161543 107.33176678047504 10.414483855562878
131.28151881663499 107.18486522143584 11.007969349451502
131.54287467719072 107.00550360905778 11.580688876715689
131.80227475789857 106.79314293524561 12.143506443768604
132.10023202847455 106.53997154505507 12.669409454361782
132.36039899603571 106.28027124653785 13.21045075959743
132.52731347171317 106.05594003977185 13.808008393715628
132.62366853907011 105.73884172525167 14.374453046124785
132.66945629753519 105.34166039513339 14.89635900492582
132.66784290435982 104.92684434076423 15.400680433963915
132.59013555293865 104.4973794539265 15.898063214240885
132.35438056322937 104.06511153000154 16.330614734344724
132.06822144086706 103.61288201236431 16.71295843383723
131.79761118471083 103.13883246497284 17.069303182696824
131.46921629475816 102.68761825724414 17.420825353154797
131.02189672547985 102.29492216404846 17.708643193718636
130.50359662129742 101.9170940946217 17.85536002004055
130.00411698997357 101.50499572324222 17.95138450809608
129.50831165180722 101.08100548704138 18.02400640966874
128.98651283467777 100.68779581805448 17.955428220043107
128.50538523086232 100.26382146579583 17.799861498896561
127.97072370387009 99.932391601580164 17.624153331573485
127.39263852008861 99.678916987499974 17.439942191484612
126.83083432550546 99.415485580961928 17.236499616009311
126.26692723947058 99.150287017062823 17.035634978226188
125.70974797428201 98.876885371772374 16.829860252175479
125.19191387077406 98.588143731897219 16.545559108536196
124.61086458025197 98.356299701593869 16.350587932571244
124.01935465122467 98.091182719614011 16.239987347822673
123.44067470893063 97.840526762586563 16.075296525266921
122.8629006394988 97.600074449905307 15.879207447134236
122.28577638417701 97.308603002884254 15.756271330056219
121.68411963375301 97.046011335975251 15.756456572514121
121.06082917378431 96.846045453168983 15.742536949415923
120.45802574812882 96.602004449413883 15.665200824987121
119.84270120488073 96.374859174275414 15.655680039220389
119.21288118369448 96.203782959853967 15.725639141783171
118.58911660727958 96.040662447263898 15.814627644985707
117.95157695555787 95.841927916779866 15.84026043510447
117.36664342284912 95.683090963423311 16.076198414380933
116.80871296525159 95.557512585031418 16.41263913795661
116.22459944825204 95.398698320939459 16.661192416980306
115.70525963450841 95.2703404936194 17.041326315973805
115.22105861522444 95.167417863946994 17.479417354593306
114.83082499411709 94.978509805449789 17.970388023151529
114.50378203713738 94.74421161098995 18.489423975575523
114.16272775613987 94.522215661097889 18.998808012019197
113.84895916464366 94.29154661821137 19.530068325021197
113.60230155482384 94.128299661008455 20.113703840509253
113.42451559782104 94.029768075526391 20.738978373671568
113.28233048348193 93.863956486665458 21.35747967622634
113.20422952696428 93.672040749177953 21.977302756524761
113.1251247285218 93.527240722069905 22.609798149473281
113.04474048165264 93.430488037851049 23.261268155361847
113.14017825984396 93.427345706150092 23.90978472012203
113.32038895129382 93.473604923246796 24.548614305853803
113.3637782811501 93.521638174443552 25.198136009759473
113.23934069690478 93.535531207357977 25.850765965677947
113.33425098163858 93.46151286838672 26.498335031262592
113.40525531265322 93.341933283132164 27.140744018403971
113.56901965117473 93.208694802020133 27.759218574490809
113.75263064267752 93.012793165318953 28.357684333403071
113.8452059439753 92.723645314967285 28.941018526752845
113.88856505008003 92.448799765310397 29.536097074585768
113.86270988826669 92.084000429874507 30.085227567390728
113.83430907575358 91.575419785542906 30.508151551254738
113.79169368843711 91.022045669703573 30.856591117458571
113.7573344059642 90.440557998358472 31.156637679151945
113.71931405071135 89.816473944064185 31.366823157892792
113.62773792550351 89.169172560685894 31.441065640591738
113.49915114832147 88.529132836539361 31.476366351340562
113.37598904202383 87.88754455997659 31.524198833072713
113.24131220464115 87.246734191307425 31.525777156548674
113.09008905419464 86.615745612237561 31.429863583074983
112.91850160078654 85.991130365566008 31.337458408800945
112.71522895626923 85.377631355776103 31.239252075986055
112.51898566978969 84.761400099593629 31.1340521777276
112.31756338741025 84.156094786281841 30.989708435558594
112.08246176883975 83.574624036454892 30.799378140478552
111.85608485145472 82.979342717925746 30.649082582946686
111.63496905805606 82.386769145407882 30.494000872569874
111.408979777534 81.798669292823121 30.281329568897018
111.09062357815313 81.225232681662945 30.242283853390298
110.71994298560054 80.687201789794045 30.349351573511296
110.34938940917921 80.159860218835476 30.475123735410442
109.96443099566476 79.702254481887479 30.765116129978757
109.52220145898239 79.428212267890515 31.187641658702578
109.1147461577298 79.298937599881782 31.688557659769263
108.75984799711142 79.274129547212553 32.24093450234475
108.34672704489041 79.32433508488154 32.745773841486617
108.04977082909964 79.399432840394581 33.334103628574411
107.87763820609341 79.592765923461783 33.954797479944993
107.88173291496797 79.99748209612639 34.483434468193749
107.95781951764131 80.43208580136141 34.974366946233353
108.14214309370874 80.88910008987736 35.403933162873379
108.42165890001979 81.363768170888605 35.763028496022663
108.69282204948749 81.846347433270736 36.111850479208449
108.98688160372323 82.327465647329333 36.447210472248521
109.43212994165097 82.742512891678132 36.705876206574231
109.93925351667647 83.05757771055616 36.987594857220465
110.48956874577088 83.279511475330153 37.253653113901663
111.08298273141519 83.450510797539422 37.484356810202364
111.67967626051977 83.547772835078021 37.752747646923588
112.23161422497645 83.425345964645999 38.102873437305803
112.70858039236545 83.192178268279562 38.507142162784675
113.14858141822975 82.987485755219723 38.911065380391946
113.58079293110313 82.949462432117798 39.262892314990722
