#fname degree numKnot L1 L2 L3 L4 MSE traceH AIC AIC0 GCV GCV2 cv_avr cv_stdev cv_error ts_avr ts_stdev ts_error sigma0 sigma_opt
00002072.nii_R_ICA_labeled_d5_cp120_lmd1d0.000_lmd2d0.000_lmd3d0.000_lmd4d0.000 5 120 0 0 0 0 3.14249333846621e-005 120 -356.662242096906 2274.85286001352 -0.0202671036464826 0.00975823508905341 0.186757109459659 0.1734398140523 0.807387221927273 -0.315462404141622 3.59397664460919 3.62466728985801 1 4.16714626066932e-005 
00002072.nii_R_ICA_labeled_d5_cp121_lmd1d0.000_lmd2d0.000_lmd3d0.000_lmd4d0.000 5 121 0 0 0 0 3.25203732539934e-005 121 -343.183360560439 2280.85316892756 -0.0198537180601634 0.0099885165395605 0.187243993654142 0.172734504453954 0.806760403950485 -0.294430179402874 3.02152013659044 3.05479492012527 1 4.17156786348144e-005 
00002072.nii_R_ICA_labeled_d5_cp120_lmd1d0.000_lmd2d0.000_lmd3d0.000_lmd4d0.000 5 120 0 0 0 0.0001 3.29067249680515e-005 112.777338185993 -389.970601748301 2231.5173069947 -0.0287168074495578 0.00955945024127669 0.173588532464519 0.0959013359689892 0.807422498513617 -0.200302091734793 2.72230053989433 2.74541770751166 1 4.16714626066932e-005 
00002072.nii_R_ICA_labeled_d5_cp121_lmd1d0.000_lmd2d0.000_lmd3d0.000_lmd4d0.000 5 121 0 0 0 0.0001 3.38493014074184e-005 113.69915128701 -378.004834411682 2237.04845140736 -0.0277622840291012 0.00974849688539318 0.174045714089955 0.0943090421957703 0.806780873566196 -0.170901412686076 2.61038685810925 2.63067990151654 1 4.17156786348144e-005 
00002072.nii_R_ICA_labeled_d5_cp120_lmd1d0.000_lmd2d0.000_lmd3d0.000_lmd4d0.000 5 120 0 0 0 0.0002 3.40444170154958e-005 109.190518551237 -403.792505955911 2209.99671001533 -0.0361059024952724 0.00952148071505153 0.171904097143824 0.094027247937245 0.808875041357238 -0.155473792106214 2.61340200661279 2.63180595875348 1 4.16714626066932e-005 
00002072.nii_R_ICA_labeled_d5_cp121_lmd1d0.000_lmd2d0.000_lmd3d0.000_lmd4d0.000 5 121 0 0 0 0.0002 3.48247188241593e-005 110.065934725453 -393.21026498822 2215.24942710573 -0.0345275422026591 0.00967901105065039 0.172313148724722 0.0929473964562747 0.808343885966378 -0.113220203049774 2.92127936035118 2.93358737829484 1 4.17156786348144e-005 
00002072.nii_R_ICA_labeled_d5_cp120_lmd1d0.000_lmd2d0.000_lmd3d0.000_lmd4d0.001 5 120 0 0 0 0.0005 3.74083400945535e-005 102.55137322178 -420.862966775605 2170.1627866649 -0.0672320279141382 0.00961154465442269 0.169339043331605 0.0910296948351675 0.811080870358752 -0.00594683517882797 4.38936894154072 4.39232688352335 1 4.16714626066932e-005 
00002072.nii_R_ICA_labeled_d5_cp121_lmd1d0.000_lmd2d0.000_lmd3d0.000_lmd4d0.001 5 121 0 0 0 0.0005 3.78029748103056e-005 103.351450904946 -413.364013769252 2174.96336405088 -0.061803325464168 0.00970538132161898 0.169735362033656 0.0904335115735423 0.810620329617253 -0.111179165654879 2.67049938096101 2.6837542936714 1 4.17156786348144e-005 
00002072.nii_R_ICA_labeled_d5_cp120_lmd1d0.000_lmd2d0.000_lmd3d0.000_lmd4d0.001 5 120 0 0 0 0.001 4.16714626066932e-005 96.5509262910845 -428.01615584808 2134.16130728127 -0.237875281721005 0.00981620934533006 0.167435694945746 0.0887846022867521 0.812723897158494 -0.0270407213994494 2.76602674542568 2.77202526243761 1 4.16714626066932e-005 
00002072.nii_R_ICA_labeled_d5_cp121_lmd1d0.000_lmd2d0.000_lmd3d0.000_lmd4d0.001 5 121 0 0 0 0.001 4.17156786348144e-005 97.2917950216805 -423.271882460298 2138.60653213376 -0.184435588605287 0.00986080968839013 0.167814458782754 0.0883985623421223 0.81230530008973 0.0170931559883824 3.23837871707413 3.24132327847185 1 4.17156786348144e-005 
00002072.nii_R_ICA_labeled_d5_cp120_lmd1d0.000_lmd2d0.000_lmd3d0.000_lmd4d0.002 5 120 0 0 0 0.002 4.74540019154841e-005 90.2090712063637 -426.935564475899 2096.11180744903 0.170812106412915 0.0101287876842039 0.165640367174407 0.0867939471440333 0.814293918727107 -0.00863907075561683 2.20589200180593 2.21196978581746 1 4.16714626066932e-005 
00002072.nii_R_ICA_labeled_d5_cp121_lmd1d0.000_lmd2d0.000_lmd3d0.000_lmd4d0.002 5 121 0 0 0 0.002 4.71613548312139e-005 90.8933396538191 -424.849580871989 2100.21733560728 0.207791231003324 0.0101336621623669 0.165984103148469 0.0865429137477249 0.813925411640301 -0.000404376485897112 1.9342570161534 1.94050769510788 1 4.17156786348144e-005 
00002072.nii_R_ICA_labeled_d5_cp120_lmd1d0.000_lmd2d0.000_lmd3d0.000_lmd4d0.005 5 120 0 0 0 0.005 5.7932347673001e-005 81.843807029294 -406.217867291402 2045.92317728011 0.0588560120859357 0.0107236008506725 0.16347565302056 0.0844589126278491 0.816201405583549 0.0206782128259399 1.83384717243702 1.83877616296269 1 4.16714626066932e-005 
00002072.nii_R_ICA_labeled_d5_cp121_lmd1d0.000_lmd2d0.000_lmd3d0.000_lmd4d0.005 5 121 0 0 0 0.005 5.71943402229125e-005 82.4588598694737 -407.632994323495 2049.61328620309 0.0615964476649731 0.0106879197980798 0.163698900090412 0.0844533568883913 0.815978782254398 0.0655489908395755 2.10135600004469 2.10326852400835 1 4.17156786348144e-005 
00002072.nii_R_ICA_labeled_d5_cp120_lmd1d0.000_lmd2d0.000_lmd3d0.000_lmd4d0.010 5 120 0 0 0 0.01 6.89483883804799e-005 75.758746195905 -368.180249447235 2009.41591880326 0.042789304471744 0.0113536532857458 0.16192906079774 0.0828986758300206 0.817580037310265 0.0462792627544462 1.64670591148081 1.6503057649228 1 4.16714626066932e-005 
00002072.nii_R_ICA_labeled_d5_cp121_lmd1d0.000_lmd2d0.000_lmd3d0.000_lmd4d0.010 5 121 0 0 0 0.01 6.78148804555269e-005 76.3258260846591 -372.635832708673 2012.81807848655 0.0437976924562708 0.0112909854284598 0.162088927702868 0.083012260539855 0.81743252147677 0.0491594290079297 1.66524952011683 1.66862382391409 1 4.17156786348144e-005 
00002072.nii_R_ICA_labeled_d5_cp120_lmd1d0.000_lmd2d0.000_lmd3d0.000_lmd4d0.020 5 120 0 0 0 0.02 8.40722188496772e-005 69.9841493902891 -300.481525987098 1974.77260288976 0.0358885684312961 0.0121957084184581 0.160344434856987 0.0815188116438784 0.819018020369448 0.0410255922100567 1.30535880420826 1.31034448815059 1 4.16714626066932e-005 
00002072.nii_R_ICA_labeled_d5_cp121_lmd1d0.000_lmd2d0.000_lmd3d0.000_lmd4d0.020 5 121 0 0 0 0.02 8.24137080193247e-005 70.5067219454542 -308.86167894268 1977.90757052069 0.03632318830244 0.0121046508494246 0.160487885538023 0.0816638653350957 0.818889734917725 0.040171366896645 1.30278450220279 1.3078548694639 1 4.17156786348144e-005 
00002072.nii_R_ICA_labeled_d5_cp120_lmd1d0.000_lmd2d0.000_lmd3d0.000_lmd4d0.050 5 120 0 0 0 0.05 0.000113864334673343 62.8954123572715 -141.404114098786 1932.24858206831 0.0322475898732442 0.0137338245118978 0.158044523923864 0.080039789075463 0.821161060990489 0.0497137251861967 1.17438937343749 1.17911942898115 1 4.16714626066932e-005 
00002072.nii_R_ICA_labeled_d5_cp121_lmd1d0.000_lmd2d0.000_lmd3d0.000_lmd4d0.050 5 121 0 0 0 0.05 0.000111225585362773 63.3629910726466 -156.954383408431 1935.05331023326 0.0323581616680398 0.0136027833452384 0.158219588642534 0.0801161894880055 0.8209942820149 0.0498225864723931 1.17806742261493 1.18277306346723 1 4.17156786348144e-005 
00002072.nii_R_ICA_labeled_d5_cp120_lmd1d0.000_lmd2d0.000_lmd3d0.000_lmd4d0.100 5 120 0 0 0 0.1 0.000146923445087974 57.9615127703344 52.7107971156156 1902.65450721583 0.0316159948880132 0.0152571012522953 0.15594938925403 0.0795345592972208 0.823197277434167 0.0487509735527158 1.10060746585389 1.10574549819586 1 4.16714626066932e-005 
00002072.nii_R_ICA_labeled_d5_cp121_lmd1d0.000_lmd2d0.000_lmd3d0.000_lmd4d0.100 5 121 0 0 0 0.1 0.000143284200213384 58.3899488412164 29.9251461501274 1905.22409737407 0.0315976226245655 0.01509582801389 0.156162332409571 0.079538457485158 0.822985707490436 0.0488191028740769 1.10432565619861 1.10943993290321 1 4.17156786348144e-005 
00002072.nii_R_ICA_labeled_d5_cp120_lmd1d0.000_lmd2d0.000_lmd3d0.000_lmd4d0.200 5 120 0 0 0 0.2 0.000193230158205061 53.392554374878 338.664811687157 1875.25381533619 0.0321780436800269 0.0171473176057709 0.153495736537861 0.0794048458839983 0.82562699987412 0.048175505250866 1.04386428820546 1.04933876269998 1 4.16714626066932e-005 
00002072.nii_R_ICA_labeled_d5_cp121_lmd1d0.000_lmd2d0.000_lmd3d0.000_lmd4d0.200 5 121 0 0 0 0.2 0.000188126697340945 53.7846030637752 305.430515338991 1877.60466829361 0.0320597926803582 0.0169484264292732 0.153748631870031 0.0793695734191837 0.825371884592275 0.0482143228210653 1.04730909665435 1.05276171164277 1 4.17156786348144e-005 
00002072.nii_R_ICA_labeled_d5_cp120_lmd1d0.000_lmd2d0.000_lmd3d0.000_lmd4d0.500 5 120 0 0 0 0.5 0.000288331063495297 47.8885038669799 949.209359221438 1842.25633074409 0.0346150016749763 0.020453709564607 0.149776350071664 0.0790957493359374 0.829299684333075 0.0457905030728365 1.04002568176366 1.04576714002315 1 4.16714626066932e-005 
00002072.nii_R_ICA_labeled_d5_cp121_lmd1d0.000_lmd2d0.000_lmd3d0.000_lmd4d0.500 5 121 0 0 0 0.5 0.000280031542017944 48.2376312312677 893.42986799187 1844.34875446476 0.034373426999723 0.020187288276872 0.150055871576693 0.0790910582759216 0.829020989966985 0.0469505767936352 1.03945522570598 1.04507899447454 1 4.17156786348144e-005 
00002072.nii_R_ICA_labeled_d5_cp120_lmd1d0.000_lmd2d0.000_lmd3d0.000_lmd4d1.000 5 120 0 0 0 1 0.000398562452985333 44.1052999758319 1672.47031801601 1819.58819264904 0.0376115844550108 0.0236653282770783 0.146917505726347 0.0783444418539864 0.832074464701379 -0.0275156222312609 0.882582421941634 0.901301930936782 1 4.16714626066932e-005 
00002072.nii_R_ICA_labeled_d5_cp121_lmd1d0.000_lmd2d0.000_lmd3d0.000_lmd4d1.000 5 121 0 0 0 1 0.00038699282519342 44.4255492488608 1593.62081034086 1821.50642565218 0.0373010793686545 0.023350749833738 0.14717691982096 0.0783953847386499 0.831821003004765 -0.0269880447795364 0.91306164093691 0.931065228662123 1 4.17156786348144e-005 
00002072.nii_R_ICA_labeled_d5_cp120_lmd1d0.000_lmd2d0.000_lmd3d0.000_lmd4d2.000 5 120 0 0 0 2 0.000548874209832222 40.6264383240066 2668.79003693864 1798.75741065352 0.0412608415309271 0.02737132503199 0.144296168089717 0.0773434036080596 0.834590829950881 -0.0301708231620315 0.772756141153745 0.794684188217566 1 4.16714626066932e-005 
00002072.nii_R_ICA_labeled_d5_cp121_lmd1d0.000_lmd2d0.000_lmd3d0.000_lmd4d2.000 5 121 0 0 0 2 0.000533706300831188 40.9202406237104 2564.37913158554 1800.5159471014 0.0409119399453558 0.0270233710229552 0.144528065351042 0.0773997639732341 0.834365157271137 -0.0298828582328907 0.782359212956272 0.803959048981896 1 4.17156786348144e-005 
00002072.nii_R_ICA_labeled_d5_cp120_lmd1d0.000_lmd2d0.000_lmd3d0.000_lmd4d5.000 5 120 0 0 0 5 0.000815044965078713 36.4582665553942 4445.01735091964 1773.82344019482 0.0466375467282278 0.0327879734906834 0.141360600936839 0.0763529194727798 0.837422919302643 -0.0993062256581614 0.587376970329042 0.640153794744069 1 4.16714626066932e-005 
00002072.nii_R_ICA_labeled_d5_cp121_lmd1d0.000_lmd2d0.000_lmd3d0.000_lmd4d5.000 5 121 0 0 0 5 0.000794517267884366 36.7203387914321 4302.27443979452 1775.39008480044 0.0462571725593901 0.0324070307290793 0.141534003208195 0.0763970194496108 0.837254262280667 -0.0988466708335201 0.598907477224899 0.650570221239147 1 4.17156786348144e-005 
00002072.nii_R_ICA_labeled_d5_cp120_lmd1d0.000_lmd2d0.000_lmd3d0.000_lmd4d10.000 5 120 0 0 0 10 0.00107786291690599 33.6038807300411 6206.4382185996 1756.77123990512 0.0510976097119853 0.0372722891924988 0.139672055190952 0.0759394656563466 0.839066925499266 -0.095590114424841 0.554822193826483 0.608880064835095 1 4.16714626066932e-005 
00002072.nii_R_ICA_labeled_d5_cp121_lmd1d0.000_lmd2d0.000_lmd3d0.000_lmd4d10.000 5 121 0 0 0 10 0.00105207739650818 33.8442356500376 6026.13671554083 1758.20609790835 0.0506844162843844 0.0368594275076202 0.139800733199496 0.0759661154310306 0.838941188378969 -0.0962851837011289 0.556843432991017 0.611008202638207 1 4.17156786348144e-005 
00002072.nii_R_ICA_labeled_d5_cp120_lmd1d0.000_lmd2d0.000_lmd3d0.000_lmd4d20.000 5 120 0 0 0 20 0.00140789724528909 30.9845611028403 8424.1375635175 1741.14839182252 0.0559714254938292 0.0421535499014282 0.138603823753833 0.0753566785146124 0.840078300847753 -0.0268834605984612 0.463825894431393 0.498294349105296 1 4.16714626066932e-005 
00002072.nii_R_ICA_labeled_d5_cp121_lmd1d0.000_lmd2d0.000_lmd3d0.000_lmd4d20.000 5 121 0 0 0 20 0.00137582313332695 31.2050126778235 8198.83817659596 1742.46205637285 0.0555244391233961 0.0417072504684374 0.13867185654571 0.0754304577263179 0.840017164230315 -0.0312077643087765 0.455392482989298 0.492075989343955 1 4.17156786348144e-005 
00002072.nii_R_ICA_labeled_d5_cp120_lmd1d0.000_lmd2d0.000_lmd3d0.000_lmd4d50.000 5 120 0 0 0 50 0.00196390694916321 27.850978998942 12167.9766571479 1722.50369393562 0.0629745229059984 0.0491723677136243 0.137911747855513 0.0736658401293444 0.840617728687978 -0.0133012972649853 0.345501310614021 0.384410752719952 1 4.16714626066932e-005 
00002072.nii_R_ICA_labeled_d5_cp121_lmd1d0.000_lmd2d0.000_lmd3d0.000_lmd4d50.000 5 121 0 0 0 50 0.00192202572314869 28.0476266738919 11872.2497174224 1723.67176947959 0.0624851796792284 0.0486828988078979 0.137951923479932 0.0737976026103575 0.840589265170155 -0.0134458757756903 0.350095724597065 0.388608078231056 1 4.17156786348144e-005 
00002072.nii_R_ICA_labeled_d5_cp120_lmd1d0.000_lmd2d0.000_lmd3d0.000_lmd4d100.000 5 120 0 0 0 100 0.00250704263895432 25.7071028205495 15830.6326869022 1709.79360112979 0.0689180810783489 0.055092616416832 0.137441432038627 0.0721709557273206 0.840956626381733 -0.0135055777415926 0.312744641633754 0.355356970184433 1 4.16714626066932e-005 
00002072.nii_R_ICA_labeled_d5_cp121_lmd1d0.000_lmd2d0.000_lmd3d0.000_lmd4d100.000 5 121 0 0 0 100 0.00245347223644268 25.887451605688 15451.8927346798 1710.86058698711 0.0683583069756223 0.0545392077181047 0.137483152972301 0.0722939491238976 0.840925624130482 -0.0133783389645714 0.314778546892999 0.357088192890194 1 4.17156786348144e-005 
00002072.nii_R_ICA_labeled_d5_cp120_lmd1d0.000_lmd2d0.000_lmd3d0.000_lmd4d200.000 5 120 0 0 0 200 0.00322905650033246 23.7407505011834 20704.861992526 1698.1990951225 0.0760260048966526 0.0620484655259922 0.137010313164424 0.0710564335353354 0.841291288793714 -0.0158575957155725 0.296201405466391 0.342058292874498 1 4.16714626066932e-005 
00002072.nii_R_ICA_labeled_d5_cp121_lmd1d0.000_lmd2d0.000_lmd3d0.000_lmd4d200.000 5 121 0 0 0 200 0.00315601587650049 23.906126357096 20189.2336817673 1699.17075280206 0.0753385716113961 0.0613819953697075 0.137042526512935 0.0711293674534606 0.841265354012151 -0.0155995245147892 0.297311879677083 0.342891705240389 1 4.17156786348144e-005 
00002072.nii_R_ICA_labeled_d5_cp120_lmd1d0.000_lmd2d0.000_lmd3d0.000_lmd4d500.000 5 120 0 0 0 500 0.00464434905894582 21.3891684518206 30268.350130913 1684.48871532785 0.0882244317302204 0.0737427064647435 0.136618772245099 0.070654848813056 0.841647623834286 -0.0198904218504804 0.284116584617202 0.333746876892761 1 4.16714626066932e-005 
00002072.nii_R_ICA_labeled_d5_cp121_lmd1d0.000_lmd2d0.000_lmd3d0.000_lmd4d500.000 5 121 0 0 0 500 0.00452860434340713 21.5365798409052 29453.780654743 1685.34054365258 0.0872953709479933 0.0728592269012442 0.13664230592924 0.0706413028906382 0.841623036143672 -0.0196337397625679 0.284744689825593 0.334147349898003 1 4.17156786348144e-005 
00002072.nii_R_ICA_labeled_d5_cp120_lmd1d0.000_lmd2d0.000_lmd3d0.000_lmd4d1000.000 5 120 0 0 0 1000 0.00628289477976573 19.7806629282687 41347.1002329167 1675.29975207981 0.100390051262553 0.0852440914904666 0.136241430340021 0.071131703982197 0.842063781713972 -0.022559649500569 0.27721268287585 0.329322905660725 1 4.16714626066932e-005 
00002072.nii_R_ICA_labeled_d5_cp121_lmd1d0.000_lmd2d0.000_lmd3d0.000_lmd4d1000.000 5 121 0 0 0 1000 0.00611161574329243 19.9157448048915 40145.2890746622 1676.06194265126 0.0991927555471122 0.0841174691320683 0.136283456737885 0.0710702802643956 0.842016718852849 -0.0223405984027978 0.27781407402767 0.329711275733237 1 4.17156786348144e-005 
