#spline3d 5 120 5 120
64.772358755485385 87.18527303075625 2.6096740816041089
64.549541626710408 87.736395563272751 3.1518296432732393
64.28306259405079 88.183774773618509 3.7024629182070417
63.980217412167512 88.532372967819356 4.2603104438853681
63.648302069903067 88.787152962870891 4.8241088336046545
63.29461362404971 88.953078793589441 5.3925954135443055
62.926500238949558 89.035199258417293 5.9645324312682657
62.551465479935054 89.038805967083576 6.5387547648861784
62.177345410627737 88.969650970756362 7.1142488054523172
61.812561015704112 88.834134919055799 7.690245894974403
61.46629704302277 88.639324938834179 8.2662455409930065
61.148655033234334 88.392920137623037 8.8419842908629427
60.87069399873441 88.103080546992203 9.4172852030479426
60.644041735930209 87.778046356218908 9.9917287577138687
60.48020119610792 87.425701281935829 10.564231253879296
60.389427937913929 87.052994563373716 11.132432359666701
60.379347975733864 86.665426391325468 11.692160792075594
60.454199213468065 86.266939042875194 12.237334992431377
60.613963360591555 85.859863167468546 12.759868673658403
60.854577604283612 85.445532718806561 13.250271225784648
61.169151604820506 85.025141711407656 13.6985655216072
61.548842974230531 84.600650531492477 14.095243052223285
61.984372620792726 84.175656808353907 14.432498501795038
62.466908913146803 83.755442071846275 14.70485561491847
62.988606692935605 83.346765472964577 14.909866801828187
63.542671672629261 82.956826914628863 15.048276526882757
64.123039709023047 82.59200746863101 15.123480096077918
64.724096951522682 82.256698255952202 15.140994373469391
65.340466271929856 81.952261539265308 15.107746994642419
65.967003735155387 81.676880873872179 15.031342497002965
66.598982175778872 81.42595963342157 14.919592971953213
67.232476875172466 81.192851902335548 14.78015872059823
67.864787521940258 80.970313501919478 14.620244155875088
68.494609510448839 80.751674538914358 14.446457926813993
69.122250265113095 80.531845346717915 14.264709055714832
69.749380976377324 80.307751251430602 14.0804538845778
70.378438849465269 80.077926090220799 13.89913516119373
71.012018862107325 79.842144839978602 13.726719571910094
71.651878054090076 79.600540492097082 13.570345882779209
72.298242435614412 79.353009701312317 13.438568077738966
72.949076710083659 79.098909427973865 13.341500001114545
73.599634574012128 78.837221747747492 13.290400336412377
74.242657647286677 78.567078130643253 13.29672563817592
74.868717248234717 78.288267055773858 13.371033690418372
75.466863569094414 78.001621745796385 13.521611036062794
76.025720283045828 77.708944821745021 13.753458020624233
76.53454848149552 77.412680304737577 14.067774844601105
76.984498060622812 77.11548091966749 14.461422126171019
77.369671243993139 76.819662190154034 14.927290740984605
77.68740162813063 76.526867703063431 15.455208758153825
77.938594152416854 76.237748941752812 16.032646005881446
78.126985655370348 75.952014236515808 16.646181134925865
78.257875126470665 75.66887828763285 17.282736806794304
78.337108283038887 75.387626882638756 17.930812634266665
78.369919299302211 75.108535041470276 18.581577498354253
78.36063407387843 74.833362080288509 19.229116611928141
78.312751400655159 74.565723198879496 19.870759275163255
78.229698328260483 74.310780473993532 20.506804088753949
78.115784075852261 74.074227970711846 21.139688637461738
77.977101917228822 73.861047627856451 21.773199467304636
77.822303102685567 73.673884558515368 22.411461381210142
77.662521146543043 73.511844899259884 23.057889121644848
77.510666110641054 73.369951569765902 23.714383911576462
77.380176652229011 73.238813135376716 24.380469475872633
77.28298569497781 73.105463188730326 25.052781231972748
77.228041741666658 72.954721353468813 25.725128963066815
77.219656404523505 72.770481867448609 26.388374885677777
77.256781423057546 72.537827141151922 27.031111210719118
77.333767996577635 72.24453015497447 27.640718656505644
77.440655882937776 71.882934446163915 28.204312512652663
77.564709831674023 71.451076796465401 28.710036240241422
77.692040099561183 70.952176855603355 29.147787445192034
77.808937559791559 70.394105218100989 29.509919334290505
77.903282600733903 69.787568840662075 29.791682587910742
77.965369751760221 69.143929780771728 29.991265487272699
77.988687701202977 68.47343096827575 30.110134622863178
77.970778044229263 67.783716403283023 30.153623534454034
77.913728177089382 67.079574357632552 30.1313251205647
77.824490984215657 66.363614611351736 30.057372306816159
77.715357126773242 65.637678367626975 29.950787050594904
77.603259796892544 64.905299047579561 29.834438177180655
77.508272009568486 64.173680689872526 29.733013183581701
77.451991971260327 63.45596710803278 29.670394808600609
77.454670932611563 62.772247004364502 29.665590250482929
77.533184972951872 62.148106353799655 29.730524930557788
77.69851990762298 61.613088173297029 29.867071943993277
77.954375355818058 61.196208701763666 30.066937017131707
78.297540340074178 60.92187311617122 30.31417302068332
78.717944170198649 60.805422329537784 30.587759900209729
79.200050709546346 60.849606888410207 30.866456316742255
79.72503451540878 61.045794154733372 31.13244308539327
80.272076838213593 61.374519651857931 31.374642196125318
80.819969722674927 61.809578535985132 31.590365001035249
81.348025663611836 62.322568410227589 31.784211408346454
81.836679936096118 62.886499214405205 31.966520291947852
82.268010815777117 63.478827611519023 32.150576513745925
82.626187453389605 64.082418224869727 32.349513776502391
82.898070831640624 64.685298749536841 32.574108491228245
83.074226640442447 65.279851589134509 32.831010434542222
83.149631946816214 65.861021187306321 33.122340439053389
83.123712934993478 66.424892300656509 33.44632447317916
83.000567236229912 66.967782037005875 33.797823447608806
82.788029853465886 67.485838429949126 34.169522397666753
82.496184839827265 67.975266541747402 34.552896135883785
82.136230091592012 68.432850953552759 34.938707678027924
81.718987061823697 68.856674885439844 35.317629745170514
81.254218249687455 69.246342570061259 35.680831822805679
80.750198047474839 69.603128266455073 36.020839552244546
80.213843046284637 69.929531327806941 36.332732058899772
79.651232769793168 70.228510139912615 36.614934474533328
79.068089798121932 70.502801624042121 36.87000156823197
78.470308876243905 70.754329725191553 37.105013231057164
77.864296136191768 70.984050624032349 37.330996202644904
77.257091421868665 71.192031198840695 37.562141157243865
76.656350464052665 71.377602151815552 37.814966937296937
76.070112581653191 71.539645768733735 38.107210087045125
75.506588038862532 71.676826333234729 38.457103745971835
74.974034171424591 71.78773541979912 38.88300755799186
74.480708234582551 71.87096357483955 39.403280838972911
74.034867892045824 71.925100922787564 40.036284004541166
