#spline3d 5 120 5 120
59.21257732893681 90.998149149967304 3.1500867325553168
58.980081167930848 91.2704764791971 3.8110109147795597
58.742752418986058 91.457703415992142 4.5086980413292501
58.510699308476958 91.563321099675093 5.2346224752371402
58.294028968014445 91.590820379842469 5.9802583554130759
58.102851099337684 91.543696254977789 6.7370797878098498
57.947208851305263 91.425517609816765 7.496532304906375
57.836866409337119 91.240052573585871 8.2499600207336385
57.78068345593335 90.991396144512748 8.9884359776235527
57.786051145029944 90.683905192355283 9.7026554324506282
57.857844353062767 90.322077546513427 10.382801246460833
57.998100913904153 89.910415608984778 11.018733467023221
58.205703546207737 89.453488995070131 11.600343151669685
58.476720272719874 88.956339569135409 12.118319179952527
58.805352528646331 88.42492016431035 12.564788874799337
59.184881669451173 87.866694679392864 12.934273182771195
59.608730575192226 87.290533228473265 13.223853436222855
60.071046747216059 86.706428469899876 13.433516453877257
60.566825320671086 86.124535492544624 13.56593820866342
61.091659513658847 85.554274383037409 13.625997293494157
61.641450167389436 85.003206490423707 13.620365318357827
62.212158913847802 84.476703404848436 13.556666023545192
62.799791108422127 83.977460359171204 13.443041114240172
63.400593540257319 83.505826046299589 13.287810929662387
64.011310627947964 83.060234533964888 13.099479229043599
64.629553515173129 82.63765707922569 12.886919847750569
65.253823836962084 82.234281026092447 12.659447183347202
65.883663496394291 81.845875012704624 12.426884633065631
66.519395647530658 81.468252504290149 12.199282922556147
67.161916953607658 81.097585547921767 11.986550691608722
67.812400131104539 80.730826343988994 11.79787940733755
68.472018519825241 80.365872514573098 11.641467953293521
69.141609917335046 80.001846476519688 11.524168748131647
69.821314767401887 79.638869995044772 11.451678212369657
70.510081926916115 79.277846953699196 11.42869352334173
71.205032632208756 78.919945259916091 11.459349406986609
71.901144466689203 78.566167489072413 11.547615994124161
72.590662441422751 78.217067153881075 11.697563704225406
73.263529765256948 77.872938551010975 11.913318396766231
73.907643377407638 77.534235152408968 12.198750256118347
74.509943652273847 77.202240426916617 12.556844842734405
75.057486007135751 76.87953185343288 12.989106591809232
75.538958540724508 76.570479539204172 13.494536788200303
75.945517534398775 76.280969728050508 14.069449194667497
76.272003325129745 76.01830587983649 14.706846789685988
76.517058670318335 75.790574873289586 15.396932919094535
76.683015852360029 75.606176655190922 16.127692299675292
76.775508062988749 75.473273211342047 16.88587178707359
76.802324518485193 75.399443320405709 17.658110188753636
76.772677700825312 75.391172288401506 18.43206257682111
76.696107640857079 75.453577732794145 19.197300793468887
76.581973944624281 75.590126031621523 19.946021783972615
76.439448456398907 75.802295684861789 20.673609707669737
76.278045051872567 76.089493051124279 21.378339480166385
76.1086537028511 76.448150258591753 22.061384161377362
75.944261599213021 76.871185879697748 22.725717225994259
75.800592302557462 77.346745854919504 23.375208276392971
75.695900287360388 77.85725057690405 24.013056785068077
75.649974020252841 78.379553253532706 24.640533749620698
75.682344976962426 78.885251488182618 25.255181094749069
75.81004933466204 79.343379547481305 25.850402705847777
76.044772436931865 79.723144182697609 26.414884529696014
76.390444801783943 79.997811662621373 26.934058696863925
76.842286286254961 80.147235653386375 27.392261750074713
77.385774962516095 80.16088789739031 27.776133164223967
77.99912804212434 80.037141813336191 28.07712176433888
78.654817565081927 79.783449625532214 28.294250478217251
79.323201799117584 79.413520035354168 28.434458157795621
79.975178993896648 78.944821431669212 28.511526919506579
80.585224632413414 78.395869394242382 28.543829150513453
81.132457804353336 77.784278776539239 28.550707175029146
81.602391760943277 77.125339085478501 28.549122741382522
81.986510691529332 76.431749767118319 28.550982208322175
82.281826361601972 75.713681256472668 28.561761188667713
82.489699514651861 74.978969954776787 28.580284464494024
82.613894042385994 74.23362637689705 28.600965842854126
82.659200423307965 73.481795113467399 28.616182358159815
82.630239516507984 72.726174958723959 28.619909593877253
82.531238928988358 71.968235873226888 28.610639294453129
82.366737881143848 71.208894966489169 28.593715631043821
82.14263526269545 70.44938079566522 28.58118697781541
81.867761847926815 69.692682468175747 28.591534751584838
81.554276907319604 68.944760655148443 28.646620752785275
81.217961326246439 68.216145108478699 28.768973814541706
80.877228703634259 67.522710555344844 28.977854023786286
80.551833042134405 66.885261941196859 29.2866097736282
80.261247762402505 66.328454310569185 29.6992431828231
80.023251025707879 65.877827206829153 30.210553976285802
79.852301439535523 65.556538865809358 30.805248152553148
79.758374703451224 65.381576708192085 31.460424658183186
79.746333630389344 65.361451905914663 32.148319670771428
79.814936925786711 65.49375096392059 32.84003063010119
79.957794115399523 65.767098256625189 33.508851403178923
80.163346000081759 66.162149548731364 34.133515642384545
80.416518195538629 66.655800749905268 34.699756483712669
80.700068309311348 67.22437678274288 35.200731311435824
80.996208934971008 67.846975098448993 35.637179758708029
81.287807871141908 68.506502899685131 36.015538614146614
81.55943036157521 69.190582537646762 36.347470847710895
81.797667238139027 69.890259326894636 36.647686967132962
81.991291734752153 70.598847893537794 36.932455484510172
82.131259754849026 71.3102373370929 37.217551935121051
82.210316194377313 72.017639980967644 37.516926482232179
82.223009770619427 72.712481711996844 37.841232391428377
82.165335230927525 73.384251964224802 38.197644879268552
82.034808614426538 74.020624148075669 38.589669427799052
81.830661312559428 74.608387855750095 39.017623392432583
81.553934428124677 75.134610403562988 39.4794106146608
81.207873606098033 75.588296519938069 39.970781937410109
80.797577219265975 75.961404393875071 40.485899587110687
80.329864242153533 76.249884959180946 41.017413222254724
79.812773681529222 76.453622755044975 41.556922357532471
79.255181889980975 76.575667428277427 42.095472279121502
78.666543382387346 76.621525603051182 42.624011203440958
78.056596470993455 76.59800816058771 43.133642579508624
77.435232529451952 76.512716568282102 43.61569654037136
76.812388075693917 76.37352730723596 44.061646734938577
76.198012372496237 76.188400604737978 44.46302104355123
75.602054565670471 75.965298098020924 44.811350245883816
75.034463933742174 75.712181822237923 45.098164936934346
