#fname degree numKnot L1 L2 L3 L4 MSE traceH AIC AIC0 GCV GCV2 cv_avr cv_stdev cv_error ts_avr ts_stdev ts_error sigma0 sigma_opt
00004660.nii_R_ICA_labeled_d5_cp120_lmd1d0.000_lmd2d0.000_lmd3d0.000_lmd4d0.000 5 120 0 0 0 0 3.66407751458796e-005 120.000000000001 -217.888556693868 2142.52630272083 -0.015310940210195 0.0113167818944641 0.204804372679836 0.182165657990669 0.791732826614247 0.158199220286969 3.65837961588615 3.6583808264376 1 5.38545585588452e-005 
00004660.nii_R_ICA_labeled_d5_cp121_lmd1d0.000_lmd2d0.000_lmd3d0.000_lmd4d0.000 5 121 0 0 0 0 3.63831098952368e-005 121 -214.028006181694 2148.52623624319 -0.0148210958526558 0.011359234047642 0.2055513085925 0.187655241047535 0.792288188881368 0.0202281558703538 3.56978533424478 3.57233690551242 1 5.32687006296114e-005 
00004660.nii_R_ICA_labeled_d5_cp120_lmd1d0.000_lmd2d0.000_lmd3d0.000_lmd4d0.000 5 120 0 0 0 0.0001 3.7860196487649e-005 112.385696965907 -257.732516482068 2096.84079912697 -0.0200549374906325 0.0109020231997716 0.190532899771201 0.109254837169537 0.792331320858722 0.137881702720408 3.18333110079668 3.18337833460382 1 5.38545585588452e-005 
00004660.nii_R_ICA_labeled_d5_cp121_lmd1d0.000_lmd2d0.000_lmd3d0.000_lmd4d0.000 5 121 0 0 0 0.0001 3.75838523044998e-005 113.298658367291 -254.420416814077 2102.31849623848 -0.0193133581458599 0.0109306954586477 0.190725712911601 0.1096790601428 0.79219897179026 0.0705840727748166 3.56175127056845 3.56275678059439 1 5.32687006296114e-005 
00004660.nii_R_ICA_labeled_d5_cp120_lmd1d0.000_lmd2d0.000_lmd3d0.000_lmd4d0.000 5 120 0 0 0 0.0002 3.9191360556183e-005 108.629708475079 -273.89126527436 2074.30521162233 -0.0237911076614038 0.0108131106630445 0.187465387218326 0.107310790942794 0.79510493406089 0.130534855170929 3.22423879229512 3.22433331077643 1 5.38545585588452e-005 
00004660.nii_R_ICA_labeled_d5_cp121_lmd1d0.000_lmd2d0.000_lmd3d0.000_lmd4d0.000 5 121 0 0 0 0.0002 3.88778012408884e-005 109.494868669534 -270.976082185961 2079.49609189076 -0.0228231863913133 0.0108325098684437 0.187799966516154 0.107481566399157 0.794796493511172 0.0327136094004751 3.24820118972043 3.25051065884133 1 5.32687006296114e-005 
00004660.nii_R_ICA_labeled_d5_cp120_lmd1d0.000_lmd2d0.000_lmd3d0.000_lmd4d0.001 5 120 0 0 0 0.0005 4.30311104304168e-005 101.812116896057 -296.401798726405 2033.40065280367 -0.0356779351333814 0.0108358664525282 0.182961316557263 0.104550729649059 0.799202275287154 0.0733250412044052 3.1882564573732 3.18930815842296 1 5.38545585588452e-005 
00004660.nii_R_ICA_labeled_d5_cp121_lmd1d0.000_lmd2d0.000_lmd3d0.000_lmd4d0.001 5 121 0 0 0 0.0005 4.2626776195395e-005 102.605014396504 -294.157536868582 2038.15793348811 -0.0338143029415457 0.0108398669037884 0.183501300212143 0.104289776701479 0.798632816674318 0.0499457680972841 3.14738051017319 3.14914073861692 1 5.32687006296114e-005 
00004660.nii_R_ICA_labeled_d5_cp120_lmd1d0.000_lmd2d0.000_lmd3d0.000_lmd4d0.001 5 120 0 0 0 0.001 4.773559105725e-005 95.750945740847 -310.231160616799 1997.03483962841 -0.0609358486064502 0.0109864829008789 0.179910085141399 0.102537367228142 0.801967476403789 0.0325962534407913 2.95165558439784 2.95420175875922 1 5.38545585588452e-005 
00004660.nii_R_ICA_labeled_d5_cp121_lmd1d0.000_lmd2d0.000_lmd3d0.000_lmd4d0.001 5 121 0 0 0 0.001 4.72476473197149e-005 96.4897065502663 -308.468797673326 2001.46727859544 -0.0563540595015481 0.0109801833888334 0.180446110790126 0.102196939550131 0.801392369171935 0.0325887252353966 3.36090846396366 3.36314508935734 1 5.32687006296114e-005 
00004660.nii_R_ICA_labeled_d5_cp120_lmd1d0.000_lmd2d0.000_lmd3d0.000_lmd4d0.002 5 120 0 0 0 0.002 5.38545585588452e-005 89.4059729229457 -318.98697736217 1958.96658141462 -0.185297045790313 0.0112302327360935 0.177114271446986 0.100875065486033 0.80453030749874 -0.0622510306594078 2.95509637630256 2.96308784700376 1 5.38545585588452e-005 
00004660.nii_R_ICA_labeled_d5_cp121_lmd1d0.000_lmd2d0.000_lmd3d0.000_lmd4d0.002 5 121 0 0 0 0.002 5.32687006296114e-005 90.0918156664715 -317.693957009619 1963.08148672442 -0.153397556629815 0.0112146026932709 0.177577135912763 0.10060473186828 0.804037227826197 -0.0820040785098439 3.14943531826157 3.15835709765427 1 5.32687006296114e-005 
00004660.nii_R_ICA_labeled_d5_cp120_lmd1d0.000_lmd2d0.000_lmd3d0.000_lmd4d0.005 5 120 0 0 0 0.005 6.46924969517034e-005 81.083682812663 -316.999614589287 1909.03563694102 0.14069721910645 0.0117294803695969 0.173345726965071 0.0992413294693684 0.808066979281319 -0.00950371454402388 2.7720794854403 2.77696949852809 1 5.38545585588452e-005 
00004660.nii_R_ICA_labeled_d5_cp121_lmd1d0.000_lmd2d0.000_lmd3d0.000_lmd4d0.005 5 121 0 0 0 0.005 6.38678797673774e-005 81.6998165214488 -316.710210905748 1912.73222644251 0.159827944620573 0.0116952144911129 0.173699029999805 0.0991483238590369 0.807704929981438 0.0241557269647279 2.62195535936691 2.62522923985202 1 5.32687006296114e-005 
00004660.nii_R_ICA_labeled_d5_cp120_lmd1d0.000_lmd2d0.000_lmd3d0.000_lmd4d0.010 5 120 0 0 0 0.01 7.64426993174092e-005 75.0420422620714 -296.957988953589 1872.78882518969 0.0686178075070777 0.0123292429150688 0.170372676905604 0.0982068882196756 0.810891673994936 0.0733442890017689 2.21572570060069 2.21723803849743 1 5.38545585588452e-005 
00004660.nii_R_ICA_labeled_d5_cp121_lmd1d0.000_lmd2d0.000_lmd3d0.000_lmd4d0.010 5 121 0 0 0 0.01 7.52879624421857e-005 75.6075746946657 -297.951981737672 1876.18172186314 0.0718032846231123 0.0122737049667635 0.170678480897076 0.0982039978866121 0.810587771661613 0.0882863557433281 2.28272727279419 2.28370845975851 1 5.32687006296114e-005 
00004660.nii_R_ICA_labeled_d5_cp120_lmd1d0.000_lmd2d0.000_lmd3d0.000_lmd4d0.020 5 120 0 0 0 0.02 9.30117659936393e-005 69.3110966509329 -251.966552922336 1838.40742634206 0.0496980784019456 0.0131868871835588 0.167411027126594 0.0971160039772275 0.813700683620388 0.168609263279241 2.05957652798544 2.05962002905861 1 5.38545585588452e-005 
00004660.nii_R_ICA_labeled_d5_cp121_lmd1d0.000_lmd2d0.000_lmd3d0.000_lmd4d0.020 5 121 0 0 0 0.02 9.13634470057564e-005 69.8296194064638 -254.760201814074 1841.51813760894 0.0508351896026299 0.0131055327755538 0.167695179260956 0.0971608497938866 0.813423918746803 0.14578084163821 1.98181757558173 1.98184006899009 1 5.32687006296114e-005 
00004660.nii_R_ICA_labeled_d5_cp120_lmd1d0.000_lmd2d0.000_lmd3d0.000_lmd4d0.050 5 120 0 0 0 0.05 0.000125739929128641 62.2780337383708 -137.374747453325 1796.21749273277 0.0406522298987649 0.014781439884415 0.163658303914599 0.0952722770525809 0.817209708371805 0.120888701017662 1.89746496538046 1.89777557828483 1 5.38545585588452e-005 
00004660.nii_R_ICA_labeled_d5_cp121_lmd1d0.000_lmd2d0.000_lmd3d0.000_lmd4d0.050 5 121 0 0 0 0.05 0.000123109100151517 62.739987452418 -143.542065295314 1798.98853626318 0.0410235826272347 0.0146605907815906 0.163922615890697 0.0953698647890568 0.816958585733012 0.150956389395784 2.07944136534087 2.07944574266248 1 5.32687006296114e-005 
00004660.nii_R_ICA_labeled_d5_cp120_lmd1d0.000_lmd2d0.000_lmd3d0.000_lmd4d0.100 5 120 0 0 0 0.1 0.000162088133007208 57.3850349541996 7.39990249293828 1766.86887786435 0.0382631606751374 0.0163731405333258 0.161075523337677 0.0933058982412864 0.819548731642364 0.0701576092242846 1.65453367256421 1.65671898966364 1 5.38545585588452e-005 
00004660.nii_R_ICA_labeled_d5_cp121_lmd1d0.000_lmd2d0.000_lmd3d0.000_lmd4d0.100 5 121 0 0 0 0.1 0.000158414739103464 57.8080300655818 -2.13555469477774 1769.40590079701 0.0383946595395775 0.0162207468322029 0.161312472470002 0.0934577800168521 0.819330634272573 0.0822953815106254 1.79913986383581 1.80061731114732 1 5.32687006296114e-005 
00004660.nii_R_ICA_labeled_d5_cp120_lmd1d0.000_lmd2d0.000_lmd3d0.000_lmd4d0.200 5 120 0 0 0 0.2 0.000211898359956701 52.8556991312368 218.848785741396 1739.70571396512 0.0377705567316951 0.0183072894200985 0.158689626312011 0.0910198182388551 0.821662779148513 0.0418325525298946 1.60490901626936 1.60890968232579 1 5.38545585588452e-005 
00004660.nii_R_ICA_labeled_d5_cp121_lmd1d0.000_lmd2d0.000_lmd3d0.000_lmd4d0.200 5 121 0 0 0 0.2 0.000206901388179538 53.2430504025424 205.313324679241 1742.02853237424 0.037763888008767 0.0181243632297562 0.158910333053407 0.0911922708243548 0.821462557553773 0.0271442865456003 1.41851897370916 1.42428938781367 1 5.32687006296114e-005 
00004660.nii_R_ICA_labeled_d5_cp120_lmd1d0.000_lmd2d0.000_lmd3d0.000_lmd4d0.500 5 120 0 0 0 0.5 0.000305886492694257 47.4017385479907 636.392165733467 1707.00619940389 0.0389682459477421 0.0214261960433095 0.155403102378658 0.0884189345629511 0.824646235606052 0.0407647870836166 1.75159661784967 1.75533228084406 1 5.38545585588452e-005 
00004660.nii_R_ICA_labeled_d5_cp121_lmd1d0.000_lmd2d0.000_lmd3d0.000_lmd4d0.500 5 121 0 0 0 0.5 0.000298399819182651 47.7469680694101 615.497540811991 1709.07564497064 0.0388357651455081 0.0211971130763595 0.155643539822726 0.0885461492295396 0.824420838291715 0.0476154335411585 1.52535204833811 1.52914298887257 1 5.32687006296114e-005 
00004660.nii_R_ICA_labeled_d5_cp120_lmd1d0.000_lmd2d0.000_lmd3d0.000_lmd4d1.000 5 120 0 0 0 1 0.000409658357977489 43.6547435810015 1111.04807914006 1684.5510027432 0.0411059409607442 0.0243622131799031 0.152799792680945 0.0867546441287309 0.827058352807689 0.084909491927081 0.913606660569123 0.916308426880886 1 5.38545585588452e-005 
00004660.nii_R_ICA_labeled_d5_cp121_lmd1d0.000_lmd2d0.000_lmd3d0.000_lmd4d1.000 5 121 0 0 0 1 0.000399088264514433 43.9714421653132 1080.51573063436 1686.44846716496 0.0408778872970394 0.0240814403620454 0.153028945966481 0.0868967648170052 0.826845388050975 0.0870623893315989 0.89442809640803 0.897021461056525 1 5.32687006296114e-005 
00004660.nii_R_ICA_labeled_d5_cp120_lmd1d0.000_lmd2d0.000_lmd3d0.000_lmd4d2.000 5 120 0 0 0 2 0.000557854717893216 40.2103840658621 1800.34337900703 1663.92308031322 0.0443600478124623 0.0279797024771889 0.150178901989236 0.0852867885942804 0.829512627157445 -0.0123940889765505 1.23555111761081 1.24686891250601 1 5.38545585588452e-005 
00004660.nii_R_ICA_labeled_d5_cp121_lmd1d0.000_lmd2d0.000_lmd3d0.000_lmd4d2.000 5 121 0 0 0 2 0.000542770911153776 40.5009798889371 1755.60110556615 1665.66276362953 0.0440356782488117 0.0276357136122833 0.150410569139544 0.0854062872345245 0.82929448633316 -0.00417253469644031 1.29767017968901 1.30742298525846 1 5.32687006296114e-005 
00004660.nii_R_ICA_labeled_d5_cp120_lmd1d0.000_lmd2d0.000_lmd3d0.000_lmd4d5.000 5 120 0 0 0 5 0.000843975019887973 36.0847758382044 3146.3007685959 1639.24324998519 0.0500530125640245 0.0337751592060905 0.14677446352795 0.0838548993445938 0.83275369339082 -0.0800133522700526 0.9770113755283 1.00493154720596 1 5.38545585588452e-005 
00004660.nii_R_ICA_labeled_d5_cp121_lmd1d0.000_lmd2d0.000_lmd3d0.000_lmd4d5.000 5 121 0 0 0 5 0.000821509743403804 36.3440478733651 3080.69467240301 1640.79308615482 0.0496401970643349 0.03336158436533 0.1470025807515 0.0839242751457736 0.832533726573102 -0.0762453820460768 0.995840849246453 1.02238772166884 1 5.32687006296114e-005 
00004660.nii_R_ICA_labeled_d5_cp120_lmd1d0.000_lmd2d0.000_lmd3d0.000_lmd4d10.000 5 120 0 0 0 10 0.00113159667113224 33.2602755731762 4507.25729099319 1622.37045478104 0.054853762981202 0.0386176367010469 0.144358236648659 0.0832585810954835 0.835098011418894 -0.103463836068622 0.852387416403373 0.890776760212992 1 5.38545585588452e-005 
00004660.nii_R_ICA_labeled_d5_cp121_lmd1d0.000_lmd2d0.000_lmd3d0.000_lmd4d10.000 5 121 0 0 0 10 0.00110362548868602 33.4979276114178 4430.00874735003 1623.78915044542 0.0544167832756988 0.0381777397103388 0.144566382024256 0.0832960198049741 0.834894637724808 -0.103084411619559 0.859302295877222 0.897286578670413 1 5.32687006296114e-005 
00004660.nii_R_ICA_labeled_d5_cp120_lmd1d0.000_lmd2d0.000_lmd3d0.000_lmd4d20.000 5 120 0 0 0 20 0.00147678902389994 30.6689771476698 6145.41587920014 1606.91172385502 0.059729513922644 0.043613428449124 0.142303386217921 0.0826474950080416 0.837082093753969 -0.0291259388010016 0.580570074208904 0.609135598819046 1 5.38545585588452e-005 
00004660.nii_R_ICA_labeled_d5_cp121_lmd1d0.000_lmd2d0.000_lmd3d0.000_lmd4d20.000 5 121 0 0 0 20 0.00144292468076261 30.886633710502 6057.69234264276 1608.20892623148 0.0592738782750391 0.0431517926682564 0.142472249543432 0.0827096855398633 0.836920199433741 -0.0351414317637122 0.58582069475407 0.615974463662339 1 5.32687006296114e-005 
00004660.nii_R_ICA_labeled_d5_cp120_lmd1d0.000_lmd2d0.000_lmd3d0.000_lmd4d50.000 5 120 0 0 0 50 0.00208128800206057 27.5695259524454 9022.78082391069 1588.47097742004 0.0671467708389167 0.0510794112683742 0.140121904850792 0.0809098521227068 0.839083607117773 0.000293175054527812 0.495270127477963 0.518937163458092 1 5.38545585588452e-005 
00004660.nii_R_ICA_labeled_d5_cp121_lmd1d0.000_lmd2d0.000_lmd3d0.000_lmd4d50.000 5 121 0 0 0 50 0.0020306304805173 27.763330680007 8885.4288706919 1589.62073614485 0.0665452977902828 0.0504964284836865 0.140259927297671 0.0810477667137181 0.83895953996766 0.00146321491985528 0.49956460107023 0.522691966375652 1 5.32687006296114e-005 
00004660.nii_R_ICA_labeled_d5_cp120_lmd1d0.000_lmd2d0.000_lmd3d0.000_lmd4d100.000 5 120 0 0 0 100 0.00280165731219 25.4490866694928 12461.1176154352 1575.93419700434 0.0751770464960996 0.0587231255509062 0.138474076214547 0.0791678370325353 0.840557911853561 -0.00723931472216983 0.486966968864493 0.513352572513747 1 5.38545585588452e-005 
00004660.nii_R_ICA_labeled_d5_cp121_lmd1d0.000_lmd2d0.000_lmd3d0.000_lmd4d100.000 5 121 0 0 0 100 0.00272284292925363 25.626813211283 12225.2504284659 1576.98022214428 0.074330258854385 0.0579355303064653 0.138627910987043 0.0792990167078391 0.840417128582924 -0.00679859809336521 0.486547618554724 0.512815380543319 1 5.32687006296114e-005 
00004660.nii_R_ICA_labeled_d5_cp120_lmd1d0.000_lmd2d0.000_lmd3d0.000_lmd4d200.000 5 120 0 0 0 200 0.00394383555402469 23.5041354772838 17921.2592883967 1564.55917183747 0.0864184693983596 0.0690945697499567 0.13671989543723 0.0776467054009114 0.842162702094747 -0.00931398329728022 0.512338766434335 0.538111012802604 1 5.38545585588452e-005 
00004660.nii_R_ICA_labeled_d5_cp121_lmd1d0.000_lmd2d0.000_lmd3d0.000_lmd4d200.000 5 121 0 0 0 200 0.00382153805695345 23.667226075644 17534.8793783114 1565.50616267339 0.085290584655566 0.0680621661517304 0.136871549020733 0.0777521860285076 0.8420214281044 -0.0092123666070115 0.507820427024139 0.533779549542733 1 5.32687006296114e-005 
00004660.nii_R_ICA_labeled_d5_cp120_lmd1d0.000_lmd2d0.000_lmd3d0.000_lmd4d500.000 5 120 0 0 0 500 0.00631588241940628 21.1780330882539 29271.0220628261 1551.21454559456 0.105437054414811 0.0865794335931989 0.134786944364565 0.0761530678738174 0.843951351160725 -0.0337554376819107 0.381613938713931 0.425842793134058 1 5.38545585588452e-005 
00004660.nii_R_ICA_labeled_d5_cp121_lmd1d0.000_lmd2d0.000_lmd3d0.000_lmd4d500.000 5 121 0 0 0 500 0.00612741312247775 21.3235923272114 28689.0225418447 1552.0392759497 0.104085718040066 0.0853303089953261 0.134887351452295 0.0762275061823396 0.843858074638051 -0.0291312562995055 0.419241211936102 0.457984411358145 1 5.32687006296114e-005 
00004660.nii_R_ICA_labeled_d5_cp120_lmd1d0.000_lmd2d0.000_lmd3d0.000_lmd4d1000.000 5 120 0 0 0 1000 0.00871714436473201 19.5869281035797 40765.1549444138 1542.28744126841 0.120901587028 0.101036143628531 0.133986003927145 0.0753076136526662 0.844673230369341 -0.0569408134119166 0.33357375966945 0.395328948666923 1 5.38545585588452e-005 
00004660.nii_R_ICA_labeled_d5_cp121_lmd1d0.000_lmd2d0.000_lmd3d0.000_lmd4d1000.000 5 121 0 0 0 1000 0.00849037084023887 19.7204499150164 40124.0810302891 1543.03006456771 0.119558987737589 0.0997691482089473 0.134031373532994 0.0753721926282609 0.844633801804152 -0.0569032023854253 0.331424581524417 0.393496912011342 1 5.32687006296114e-005 
