#spline3d 5 120 5 120
56.821228751772807 95.418559716285898 2.1137267249552192
56.800043056779629 95.042276297705158 2.7423750577027839
56.852187930391821 94.691858384766419 3.3567632400714773
56.973914450068811 94.364225377783285 3.951822737074508
57.161473904343502 94.056296604814079 4.5224847879641672
57.411113732734883 93.764992260525815 5.063685247215461
57.719008853154961 93.487242069184632 5.5704492006341715
58.081046882787959 93.219963107329733 6.0381256130338095
58.492436627993229 92.959922051425039 6.4627852980377778
58.947436910908223 92.703569627309449 6.8415321907013995
59.439164363107707 92.44687898865989 7.1728385354940345
59.959779428433514 92.185384487807724 7.4566758887317928
60.501047866517339 91.914563375975106 7.6944630202853963
61.055152824567806 91.630559086727587 7.8889379588168351
61.615418580458787 91.330894228146263 8.0439400978427482
62.176867908452721 91.015026487297675 8.1642133511051398
62.736525880092046 90.684550618771851 8.2551141576495919
63.293289146545405 90.342824392481702 8.3222329153314529
63.847500229246414 89.994228799836876 8.3710543751339941
64.400310899749172 89.643245839934991 8.4067006666640527
64.953038419115359 89.293609725453763 8.4337481672296679
65.506519695807242 88.947454582450192 8.4560087154140184
66.060557610100773 88.604700168193361 8.4763196893071378
66.613629034073625 88.262819556838963 8.496370056570175
67.163000570471553 87.91722335605084 8.5167216737434401
67.705192137625716 87.562129861919871 8.5370802039389666
68.236568738616867 87.191593756106272 8.5566884228456868
68.754043397673513 86.800666789030984 8.5749711284319599
69.255580071719621 86.386211471450181 8.5921555765308888
69.740501909966468 85.947433799885772 8.6098204647784922
70.20944015915822 85.485882145532671 8.6310959586903753
70.664283156323023 85.005563662964491 8.6608961122168129
71.107814645094649 84.512651550853775 8.7057957517043736
71.543214707222361 84.015027945478764 8.7736716118787239
71.973448878752805 83.521635372942114 8.8730519698911081
72.400773493549764 83.041737730133534 9.0122865069346432
72.826364401583035 82.584238416959451 9.1986533585383583
73.250161572285279 82.157014137992519 9.4374424817149141
73.670990201213371 81.766419447576226 9.7313109229131864
74.086835196863532 81.416962957575578 10.079980331871594
74.495188170252248 81.111273661935499 10.480467040494904
74.893322548619821 80.850239004976416 10.927609959446128
75.278466810042147 80.633216176950285 11.414782710541417
75.647839476658604 80.45845043735622 11.934887374256625
75.998558304216488 80.323465312799115 12.481258922509097
76.327536505595603 80.225378234800189 13.048344358904904
76.631471926864776 80.161098898048479 13.631946942423667
76.906906929773129 80.127424043986963 14.229324822226054
77.1503647195197 80.121073766863631 14.838911713436998
77.35843664199308 80.13862643256418 15.459918252818426
77.527794506213326 80.176272946147137 16.091871308265684
77.65517949849297 80.229467433529777 16.73419025397137
77.737465073038138 80.292331204339348 17.385769998347435
77.771886678715887 80.357029415166053 18.044567863845764
77.756478067832418 80.41334589499337 18.707239748641122
77.690694864324058 80.448710340995163 19.368808027113637
77.575887398023511 80.448944459988851 20.022552174196932
77.415702076463432 80.399406564325432 20.659922873807592
77.216150374123302 80.286694123979714 21.270662286445138
76.985176126834617 80.100462732666273 21.843208055933914
76.731869024644027 79.834925771840588 22.365343486602679
76.465552587396473 79.489411352116022 22.82506608621145
76.195065368304157 79.068196363020292 23.211547571871243
75.928267529012786 78.57984230022879 23.516308245919614
75.67193830845298 78.035686214375488 23.734338512100514
75.43193972712514 77.448191854403461 23.864999548952195
75.213508819912406 76.829431566994145 23.912454290676763
75.021567081806324 76.190066911478624 23.885459732867314
74.860995603974402 75.538626319736267 23.797136869517836
74.736879803756764 74.881426834517455 23.664023829135829
74.654617513083636 74.222976249957441 23.505041468903794
74.619778715782459 73.566726416755472 23.34038785624378
74.637694599547473 72.915924922905987 23.190491064436692
74.712751006739751 72.274396208646294 23.074979175798727
74.847508100119498 71.647197296209157 23.01148627773652
75.041946091282071 71.040936052867579 23.014463107053636
75.292990508467682 70.463781378092321 23.093971291621937
75.594718823333196 69.925117042063405 23.255203910472247
75.938688286439657 69.435177981654448 23.497951428628117
76.314815176621366 69.004520225248257 23.816826195467417
76.712484605722736 68.643467040366573 24.202079392192999
77.121688860768742 68.361479148837361 24.640813141921956
77.533815497938647 68.166520545100624 25.118445113115637
77.942126890565518 68.064280176662464 25.620043276526889
78.34188052180842 68.057288285787621 26.13166702006707
78.729976999760481 68.144338928224016 26.641443184027953
79.104348390215534 68.320331533997248 27.140322279840337
79.463159316545514 68.576860645180844 27.622310412654038
79.804059046218057 68.903207378862234 28.08431429365795
80.123481867028843 69.287536527038952 28.525788473479611
80.4162536535664 69.718280066104924 28.947899973769211
80.675608976629178 70.185173050500126 29.352619547428016
80.893640190584875 70.679821406568493 29.741873883173987
81.062025831084412 71.195650800646149 30.117018536381373
81.172874586854604 71.72770723575097 30.478506246483565
81.219680524839319 72.271998360386632 30.825893152273185
81.19807353470506 72.824790147302693 31.158055688888563
81.106288414172781 73.381952783496075 31.473505592627301
80.944979196763441 73.938568225009263 31.770730842774604
80.717007252879753 74.488603352803949 32.048561656962903
80.426815343231794 75.024797974011761 32.306625862568872
80.079808720244429 75.538748978199862 32.545847163863705
79.681906090263894 76.021182267404825 32.769016209635772
79.239341766704328 76.462475913520251 32.981092324211325
78.758728125147684 76.853352918214625 33.189365475924781
78.247284704807782 77.185843805179999 33.403150289923609
77.713056277369503 77.454267034844761 33.632844076699953
77.16497662014028 77.655992108180698 33.888594618386399
76.612691488973752 77.791525784276445 34.179035783261412
76.06629006576452 77.864128644622426 34.510396627905557
75.536027120230941 77.879129222550731 34.885934957318597
75.0321149963724 77.842913570515265 35.306071857518447
74.564666126585564 77.762126694347984 35.768924665382706
74.143720632303769 77.643217657169956 36.271040127482763
73.779278492278138 77.492329857560435 36.808056353464735
73.481298955937291 77.315337649719055 37.375122766850737
73.259693477613112 77.117977295494384 37.967206232306545
73.124346315774844 76.905939753374469 38.579222513588917
73.085139011585369 76.684912430231975 39.206084359200077
73.151953373124613 76.460583043755179 39.842704700980541
