#spline3d 5 120 5 120
64.60236448737264 91.386038160980036 3.7998862570399625
64.734473696879178 91.220457826120111 4.4192995544978322
64.882207841720032 91.003670071743826 5.018937961644637
65.048650387520013 90.742377641906458 5.5962280414617798
65.236884865796711 90.443283467802345 6.1485963636003174
65.449993177075385 90.113088154295994 6.673469824701356
65.691015107426381 89.758456634452898 7.1682888177875226
65.962785505274894 89.385900977917913 7.6305643388816984
66.267598511993228 89.001543550973764 8.0580098658494475
66.606791547141498 88.610804892103076 8.4487534197616743
66.980445931432158 88.218140654088302 8.8015598526821428
67.387081853403487 87.826726921986861 9.1161415058649045
67.82361106097234 87.438314978064156 9.3934328027382161
68.285461613207247 87.053229687402862 9.6358181763392619
68.766897289449361 86.670536280139856 9.8472254355089479
69.261502511449478 86.288367969884973 10.032968718463046
69.762709138139627 85.904307140716369 10.199414479090379
70.26437115931229 85.515810826042966 10.35350130168
70.76131476178746 85.120669272464838 10.502085858385646
71.249723072828019 84.717351604308433 10.651331006710064
71.727332903892247 84.305212589749644 10.806222325949426
72.193344099552675 83.884515448249388 10.970430315325334
72.648277651385342 83.456432947259685 11.146358783310491
73.093716635314124 83.022992246744892 11.335408411467371
73.531939905686485 82.586943503603493 11.538386195186938
73.965529449209654 82.151591596339415 11.75591315163758
74.3969343406511 81.720582413723434 11.98878945245632
74.828077374517605 81.297646489784114 12.238211000844524
75.259939517390507 80.886325206830421 12.505890921407003
75.692208748897556 80.489672567349984 12.794023440947802
76.123066043747613 80.110005956276851 13.105111032587413
76.549150178004069 79.748755073972134 13.441716489094798
76.96572686984463 79.406443003143551 13.806177032703687
77.367134241925243 79.082882645738735 14.200397205105707
77.747244032688329 78.777386622012912 14.625641892704317
78.100103312896948 78.48909521850284 15.082434030144274
78.420509066554246 78.217225913249337 15.570515471527495
78.704457750871626 77.961207766801991 16.088849609573654
78.949444401883156 77.720781795861456 16.635664818024186
79.154556162953781 77.496167595821973 17.208569452522902
79.320645490342059 77.28843251666261 17.804642894584131
79.450317211009249 77.099949060521666 18.420579434243653
79.547910656001022 76.934777583392986 19.052751052772162
79.619533681910113 76.798802450264091 19.697150194672869
79.673117372545533 76.699456162225871 20.349240388996829
79.718447021146488 76.645115226957799 21.003791939904868
79.767130045708413 76.644171423187672 21.654730862565408
79.832086660232704 76.703676260373541 22.295189072229974
79.926624448427049 76.827783065841459 22.9177708291184
80.063126640030717 77.015945941676193 23.51505285224388
80.25192704488073 77.261827940700016 24.08015523448433
80.500230059279389 77.552148577321532 24.607350097591645
80.811295561134571 77.866465131168084 25.092604738667781
81.184001662961265 78.1782562028976 25.533866980746851
81.612720359510874 78.457201055744818 25.931040673913223
82.08748742780881 78.672619745435611 26.28569496504462
82.594767945571249 78.79689877651586 26.600591565159675
83.118023758913182 78.80907447590296 26.87942797576288
83.638857587476636 78.697279959296594 27.126619857971495
84.138250189055682 78.459693676323127 27.347207462402633
84.597891869129455 78.10368620193988 27.54660014887326
85.001431297953218 77.643706408868411 27.730002936653555
85.335480866925181 77.098753567640756 27.901617565430271
85.590537396913717 76.490027938583609 28.063636116977268
85.761354253314465 75.838773974367825 28.215355446966832
85.846798742802335 75.164923577785459 28.352685934114042
85.849216200522946 74.486398023899056 28.468255333201988
85.773345859503223 73.819036077722032 28.552337703718866
85.625291882889954 73.176620819610562 28.594202040508002
85.411501500580869 72.570895571670903 28.584001070276777
85.138030401328834 72.011367616707702 28.514781600803563
84.810223442973012 71.504785257358478 28.38410318990584
84.432727668588527 71.054320216807312 28.195082038316151
84.009754634441904 70.659079672400935 27.956291222308256
83.545442305040467 70.313463052440426 27.681568197708014
83.044414130303096 70.007149412173391 27.388918214696275
82.512490997831875 69.725747340200158 27.098921697934561
81.957467952709834 69.452123371558145 26.83287639274365
81.389861950367262 69.168399927022335 26.610850963528776
80.823133174592769 68.858077419850218 26.450264182575658
80.273896740021115 68.508430599502788 26.364485610894945
79.761241115582294 68.112559306141591 26.362287548780344
79.305511585877056 67.67097699072626 26.447785491760939
78.926403610645323 67.192289459503712 26.620828961388202
78.640989143438134 66.692442215384105 26.87762531319213
78.461854257256306 66.193345996474392 27.211092581932654
78.395420277528032 65.72068876422172 27.611017611957763
78.441308973230193 65.300737392558176 28.064403869705366
78.592540801386292 64.957221189987166 28.555938679078356
78.836674012781202 64.708519552078954 29.06892333323086
79.157650425497323 64.566386304563338 29.586527049534109
79.537400744434038 64.534893087329834 30.093251048957494
79.957641137111281 64.610829038408966 30.576494551833846
80.401218050663772 64.785001655431486 31.027761185276248
80.852975850119591 65.044144824376488 31.443271803733079
81.300118573404191 65.373164361129156 31.823729100222394
81.732125940095003 65.757109417432986 32.173323528379157
82.140658118255558 66.18286116911446 32.498616904816949
82.519113633455532 66.640223615809816 32.806943954370034
82.862169704513036 67.122207038218022 33.105101452250743
83.16533382725693 67.624611850119834 33.398457096205767
83.424574917438449 68.145081944417939 33.690642090364143
83.63608466383171 68.682040915417929 33.983681112509608
83.796182541522469 69.233678366283172 34.278298566863803
83.901378934280771 69.797105146856126 34.574470770926261
83.948584537850095 70.367937763979782 34.871910759502335
83.935409930804482 70.940317006392263 35.170411887377533
83.860446551104914 71.507364500248087 35.470008987767059
83.723579408018523 72.061802022454231 35.771041328383404
83.5263509708752 72.596703520957703 36.07419552969246
83.272273872684707 73.106195335917391 36.380587793077105
82.967064704431806 73.585907283591936 36.691924475117503
82.618732011471607 74.033132418456873 37.010696810369772
82.23725935211813 74.446577607879235 37.340218085420339
81.834231005482977 74.826049441871788 37.684583118580534
81.42221626991865 75.172000405852714 38.048433728186168
81.014206581353349 75.485157580081236 38.43666079615582
80.623297118678025 75.766318566221756 38.854216590144219
80.26258891678566 76.016285287429184 39.306056795555975
79.945182600526621 76.235859343546778 39.797136859390946
