#spline3d 5 120 5 120
60.264618630659292 89.66571088711855 2.1018020869794896
60.671640122612047 89.270209741102576 2.4715461355902728
61.12951949581587 88.914182266252354 2.7935773254163418
61.631174386883977 88.587344353216011 3.0645742870382104
62.176447183555432 88.285805257201943 3.2735886260966813
62.715696889340386 87.965055895892519 3.468526918468938
63.261992110687977 87.649421216076334 3.6522662394777239
63.820521853039232 87.325394184065672 3.7741158653136888
64.351849450038529 86.957671348083778 3.8944724980556864
64.879534897501273 86.603752667195991 4.0655075554412443
65.380708905457894 86.19495309357319 4.1805301135396515
65.867722399795923 85.757960487575033 4.2506238730277737
66.35738268613305 85.324696708913947 4.3083400262314946
66.86933838816104 84.923094177086327 4.4021375368348243
67.405576712343787 84.559149868803686 4.5101433834414468
67.936225701891104 84.190592730902679 4.6343180255092751
68.418465528394094 83.75268981851822 4.7227618421881461
68.909613252696673 83.315045327656989 4.7629822813278766
69.466664853769259 82.963400874642261 4.7631387292855383
70.033022176494399 82.630526614016887 4.7311363297630065
70.559993566054558 82.24274251662483 4.8021871066819353
71.069047291420048 81.828084156281136 4.8440928712714388
71.561105234118401 81.396130149158012 4.8830394340589462
72.043669948715191 80.961148211881451 4.9848989507243155
72.5221832131773 80.518012583423285 5.0729388385715275
72.966762354206836 80.062226757754715 5.2305533115853002
73.380954320951503 79.578677606622804 5.400263434200629
73.795781426335537 79.104300009494324 5.5847033645395143
74.224151214255784 78.696459526684578 5.87731555937133
74.63899208839139 78.28483630536374 6.1774954514947034
75.011051797741473 77.838219901963285 6.4821332081353731
75.351919950069046 77.378466374086599 6.8097746683383251
75.675858407670631 76.958881155709676 7.1943351502692163
75.979521058374786 76.54484791074249 7.6071289824153547
76.273966113402992 76.124001488637248 8.0158056799702457
76.559149421716924 75.80624423166563 8.5171157911144775
76.842489109144211 75.442605393330993 8.986588179292589
77.125588914718833 75.104235815269675 9.4713397701449704
77.347629363431608 74.81222200557437 10.023478891205299
77.536200369868169 74.597369472528356 10.61374209554954
77.712623535975425 74.432105187068814 11.225566519312116
77.871730351858403 74.231953059740064 11.832517291588434
77.927394153081735 74.075074322115341 12.469881703111671
77.952625791085822 73.986051841929836 13.121402091075945
77.977000018179268 73.951752168807658 13.778707215127435
77.94755176969997 73.986710578986404 14.434827605674652
77.845590729760573 74.070384581671732 15.080931957597656
77.799669461510305 74.143992262059584 15.730807564907145
77.806713120662081 74.201410157249683 16.386239747660142
77.818712175548015 74.257989968410982 17.04086383792459
77.899790579597322 74.346369178871768 17.689002327526573
78.036761591884911 74.532661505190717 18.306693773395786
78.18806807603427 74.80196712805089 18.892551209073339
78.444071264651569 75.165737484960829 19.386339325107905
78.773620870840276 75.441916063405017 19.880110635300497
79.148381727966765 75.557382434434061 20.419643266186078
79.567088687890262 75.64365165395678 20.930081044717706
80.074412429424868 75.502968429642735 21.331862521976362
80.579993532397339 75.27055918291957 21.696358746692042
81.072941255608669 74.998668706488047 22.027564459387033
81.580828546430183 74.664597999549798 22.287138692302729
82.012932637900207 74.249020416796938 22.564063052594545
82.366400394981369 73.749208103655789 22.817153061222943
82.705665071970785 73.199117072616872 22.931285798673333
82.999964692227607 72.619310037048464 23.061582466164612
83.19438085941043 71.996018142941125 23.1675823128374
83.197989858332619 71.328786178263925 23.124221796406054
83.216486241404297 70.693470158029442 22.957491259914658
83.241961008158754 70.075684864051766 22.740155085314523
83.170806873248893 69.420427687935572 22.614571776075628
82.907966955048295 68.854764044595058 22.397836745100644
82.538500522329343 68.369094414666563 22.12730763877239
82.128337232373809 67.936446808545909 21.861780308718476
81.660775731952768 67.552758254316856 21.592348615640589
81.184663341810179 67.257823034104902 21.249447743439692
80.640698725425381 67.057821536715551 20.920958425897819
80.075234447286576 66.940174341071639 20.607584388693425
79.672720849868909 66.978475275898859 20.043435698765073
79.086477295344935 66.875552060565198 19.746237480880652
78.494679489679015 66.476591682856622 19.796104581528876
78.03182836025465 66.030749767919389 19.844173714527976
77.51023494504615 65.63426535784761 19.828296454480597
76.949651340299894 65.268664420169728 19.875455576975842
76.516722962162618 64.829542780443319 20.088200673241442
76.096197133015934 64.402046296883626 20.383827542163473
75.729853850440449 64.026412085272113 20.773397405662969
75.508178884802049 63.613335738204107 21.246926764736052
75.295171875305456 63.23360640083154 21.735806580681118
75.212601798840836 62.880225411772727 22.289746978486466
75.264429478132541 62.604495329443075 22.909839791261252
75.536023660965 62.510617859140176 23.512733591968722
75.85783123471937 62.592435019352422 24.089263297994371
76.224457890626695 62.722492140181622 24.623829020123104
76.72579355510392 62.895934060870871 25.025235816190637
77.303941099139251 63.116133640430661 25.271059256232739
77.89155644562517 63.381230454485241 25.41544284309774
78.410890837788088 63.776109786465149 25.504850440098828
78.886788414946338 64.231137183939197 25.57548791225739
79.304921858110731 64.730404089327521 25.636780020491436
79.690491542677918 65.263681406044057 25.675744183930803
80.089280337648546 65.782117101543065 25.725884616234747
80.37292013886875 66.37983966954711 25.769009705844198
80.583499444211341 66.993176783348559 25.885123423748887
80.70370009455867 67.599683397709839 26.115291477016161
80.827928162517082 68.20996560315524 26.329304067367502
80.90091546890956 68.831114013004012 26.52383246770701
80.872978118548986 69.444215640987849 26.77060832248393
80.833398487739032 70.022533327512747 27.091497485759877
80.626711452171548 70.588084499716985 27.353987270505367
80.505299697983389 71.18521648446476 27.599610173677394
80.414864029436799 71.785531155578369 27.851277153048709
80.140956030137971 72.351428158645945 28.067609431291299
79.871801808795638 72.878250520427784 28.355938801347776
79.533547450349886 73.353201699659692 28.657666268766103
79.100337977044546 73.790745268642738 28.916428132946969
78.683839932443519 74.088604165489897 29.328784286179911
78.3101715709209 74.367633286970886 29.798336457453974
77.952886445254521 74.655099650753243 30.265840790763619
77.526176820405681 74.817688065338444 30.742989644335836
76.953172486071935 74.745923384165508 31.230489697679104
