#spline3d 5 120 5 120
124.44105419309261 99.120833118457625 6.2656954906409021
124.72252741043684 98.821887958564943 6.6833344986053778
124.97177937538137 98.531326584751596 7.1558998709694004
125.18464068702738 98.24525533828583 7.6723257642526717
125.35694134442542 97.959780648711998 8.2215466884870789
125.48451854820883 97.671007529460326 8.7924928783492629
125.56331766607403 97.375015372076604 9.3740325549743524
125.58969648475824 97.067799852385974 9.954823401592078
125.56090535479383 96.74525079999755 10.523148193198791
125.47559180261611 96.403316331847975 11.066908915837196
125.33398442772307 96.038412365765382 11.573944910760119
125.13789779739139 95.648071740342473 12.032666969673198
124.8904976913384 95.231745845287946 12.433034307833717
124.59592559247336 94.791430439544996 12.767625366650591
124.2589182942808 94.33182396156181 13.032456616946094
123.88446122227106 93.859918468351637 13.227335154554478
123.47750857029246 93.384041150430377 13.355594493016447
123.04281311319123 92.912694251574578 13.423397985964012
122.58482322789148 92.453332272078185 13.43904208920768
122.10766045826364 92.011308822413724 13.412072242762713
121.6151148047561 91.58926906569684 13.352585602371445
121.11062148310273 91.187080054859337 13.27068745397087
120.59717092471347 90.802285959253823 13.176068058780421
120.0772094304923 90.43106422811033 13.07769254473474
119.55247573916064 90.069196667389065 12.983409013151121
119.02392923294992 89.713116462129875 12.899614471170763
118.4917846762079 89.360627253047213 12.831096729949929
117.95564585004907 89.0112194981062 12.781145095073844
117.41472745373558 88.665973326359463 12.751886918653776
116.86816061726195 88.327068041116632 12.744754227695154
116.31532311620472 87.997125531793387 12.760907160465383
115.7561982716331 87.678467461260695 12.801591655528117
115.19166705326339 87.372450508551537 12.868398843254905
114.62367764250799 87.079094135771427 12.963398349444176
114.05525409823673 86.79708531344167 13.089153033138167
113.49036614713009 86.524159895342322 13.248612637204936
112.9336563238852 86.257733341898643 13.444887087221316
112.39022935353506 85.995558641200432 13.68096050451641
111.86542664244772 85.736333011471984 13.959346649727413
111.36471908194032 85.480018293862855 14.281787390936556
110.89370524360541 85.227811341583333 14.649033246069957
110.45816250063051 84.981763861613203 15.060686776351725
110.06401740710281 84.744203399726345 15.515141001145038
109.71716183715991 84.517209794291162 16.009517342080041
109.42304355135809 84.302261423984604 16.539664656720095
109.18608715909068 84.10023299220633 17.100344053074878
109.00908898726325 83.911730140990755 17.685600369304513
108.89275013494544 83.737596678439758 18.289294734333442
108.83543809468338 83.5793438953703 18.905687228486716
108.83333433236302 83.439257995057716 19.529869877772143
108.88069733470519 83.320235366446596 20.158116879664121
108.9706592846827 83.22519142644947 20.787948578383435
109.09627665813775 83.156219233758563 21.417940173741339
109.25164327659394 83.113647401649914 22.047291877445542
109.43278448328596 83.095103842404114 22.675224995211231
109.63788619367126 83.095048703629445 23.300394935896183
109.86710570015491 83.104433026258206 23.920347603334861
110.12168194596828 83.110932490463853 24.531137468778692
110.40258684470575 83.099757359188672 25.127223588319204
110.70910484075252 83.054968941277153 25.701657802698794
111.03771014258859 82.961172080927639 26.246550678388022
111.38163948209754 82.805247591826387 26.753762454107534
111.7312231570841 82.577704715925961 27.215650437278885
112.07473895187036 82.273851042093355 27.625892618285299
112.40002009823525 81.89413546453676 27.980205561958385
112.69630135328855 81.443813814376412 28.276843204063919
112.95587783482601 80.931931619180702 28.516751989576008
113.17527995001197 80.369848437413339 28.703449725466267
113.35524365056158 79.769571177129137 28.842500999650898
113.5003614041765 79.142283017041677 28.941132199404969
113.61762397137133 78.497142699795106 29.007700562526125
113.71447682938701 77.840757180960424 29.051330602485553
113.79674351131047 77.177368317786403 29.081697709690495
113.86678873027886 76.50969836756407 29.108892465493508
113.92250961174059 75.84022026193999 29.143177098998542
113.95703067727889 75.172478237481613 29.194525776813528
113.9592051803188 74.512377451062463 29.271820684825361
113.91523206207906 73.869008829163576 29.38178330167057
113.81090413649292 73.254799804821374 29.527846864803877
113.63405152952231 72.68487841648718 29.709308398741662
113.37667322417717 72.175713426041483 29.921025804908169
113.03602984744924 71.743412209136764 30.153978315259604
112.61530836805692 71.40185676086324 30.396185721926368
112.12317600022803 71.160882261322939 30.634497747263431
111.57252689916844 71.025055603124983 30.856778992069007
110.97890849609236 70.993184543273713 31.054109124690154
110.35894590761686 71.05867469033447 31.222681530586453
109.72914876097791 71.210913712160419 31.364398265784832
109.10507681242034 71.436634586734201 31.487216755607911
108.50088298029544 71.721909629626992 31.603859520301249
107.92919285757526 72.053887271383957 31.729557655819555
107.4011530265992 72.42206510371345 31.879231941165393
106.92649669233199 72.818981599034132 32.06470223558555
106.51360157473286 73.240163176425696 32.292853882859013
106.16938232984525 73.683710611846919 32.564596027696041
105.8990788035692 74.149407322956591 32.874852990416173
105.70607700165937 74.637442456054202 33.213835137064336
105.59187106779952 75.147098305836707 33.56905857905091
105.55625330248785 75.675656695990199 33.927625342286049
105.59771286334012 76.21783333519403 34.278183981395507
105.71384607469984 76.765840080026749 34.61205974648459
105.9016035149811 77.309763651611888 34.923890907886545
106.15741500753613 77.838526805929106 35.211399766892875
106.47716440831057 78.34099783387552 35.474762913533297
106.85613158112631 78.807076939393497 35.715836588765335
107.28891368833899 79.228665092535721 35.937509605151952
107.76941147927764 79.600186261790512 36.143272197112047
108.29077401492194 79.919104476146131 36.337100147979179
108.84542483418207 80.186038237735431 36.523527524381507
109.42514077239471 80.404604228927397 36.707837378768644
110.02117380123953 80.581063365983965 36.89620656000875
110.62438939381512 80.723872192182284 37.095702911219028
111.22540987116612 80.843150581426173 37.314103014069268
111.81473339062543 80.950179002979056 37.559652995852872
112.38282519914273 81.056951757193431 37.840840619218355
112.92017108542629 81.175784782343612 38.166215621428044
113.41728224130235 81.319101786046545 38.54432060376076
113.86467984270205 81.499348377921578 38.983687469406277
114.25288591560661 81.728971718931561 39.492846667946509
114.57242240581917 82.020418831411291 40.080328808476338
