#spline3d 5 120 5 120
62.193976415037604 90.481591593551883 2.6739523879098575
62.013380219454021 90.301188220737373 3.1643775169577082
61.842117284454588 90.113809057402392 3.6804980231838149
61.685312899671359 89.917704911289633 4.2173811059366972
61.548092649363923 89.711125895730731 4.7700940132835807
61.435579303574457 89.49232978140067 5.3337034773417686
61.352871017875401 89.259672006419848 5.9032705428393504
61.305010999200249 89.011846267934814 6.4738363900282607
61.296963281083123 88.748249219614209 7.0403889422263521
61.33356017435414 88.469304210221139 7.5977805827309579
61.419332849285873 88.176529641429624 8.1405774364442784
61.558160639613703 87.872299215760592 8.6628957952948937
61.752787080774432 87.559432402072389 9.1583482203407502
62.004326660965909 87.240812161005138 9.6202083882435261
62.311919974758915 86.919153498938158 10.041816707729325
62.672615776024344 86.596921099259006 10.41714947897151
63.081537086732197 86.276323221163452 10.7414111577577
63.532285663175223 85.959303806818653 11.011536103641673
64.017523513836906 85.64750100292764 11.226463679386432
64.529580028967061 85.342155856791223 11.387267610103313
65.061043859176877 85.043974465700842 11.49707989762083
65.605210563769333 84.752953780478308 11.560799301506378
66.156357001034507 84.468205822500693 11.584668695250373
66.709870767160439 84.187934101801872 11.575756735952272
67.262327044305309 83.909700385858258 11.541406062049363
67.811566356382102 83.630997235102456 11.488656797720557
68.356732638127681 83.349939782384524 11.423693644256176
68.898219146059873 83.065828530304088 11.35139804743295
69.437480742118581 82.779423740786385 11.275136748814234
69.97674556069741 82.492917029475208 11.19689577263838
70.518672753904383 82.209663775160337 11.117815327732881
71.066001283830587 81.933778198502864 11.039039518918292
71.621213196953661 81.669704422920262 10.962660982845509
72.186241346746826 81.421846384375797 10.892399313016309
72.762158899602397 81.194263140390717 10.833968321706719
73.348895976369818 80.990436717217335 10.794891058282804
73.945005266687573 80.813123584745782 10.783876244884084
74.547510532578386 80.664262056984029 10.809936654337124
75.151870882242648 80.544872503700304 10.881454285369065
75.752055811535556 80.454850299265814 11.005368916321093
76.340738961150151 80.392627580487485 11.186598060066974
76.909619669363295 80.354801633679457 11.427707638685124
77.449886948399651 80.33590819085579 11.728803661588532
77.952813574173163 80.328541006576586 12.087642211168694
78.410445248904196 80.323886329908248 12.49988194599044
78.816321565972373 80.312684732547183 12.959482188016363
79.166139354805026 80.286426896417566 13.459200994634525
79.458204941550576 80.238440026669906 13.991184462439982
79.693663666143451 80.164592449061047 14.547571308959933
79.876495262701908 80.063490972706106 15.121090041238578
80.013177289855079 79.936062866089969 15.705554624464314
80.112160212036116 79.784757003889439 16.296160105973698
80.183251770886429 79.612574868870453 16.88949781735252
80.236972082103549 79.42211594763701 17.48325374587818
80.283849159029742 79.214772069257847 18.075615767254028
80.33360152763052 78.990153230627271 18.664486133542141
80.394236076308474 78.745825243398102 19.24663200687932
80.471156983575071 78.477406220174117 19.816945803464534
80.56643277754057 78.179083829075978 20.368009794618349
80.67836457819557 77.844577705260789 20.890139039667439
80.80145238606589 77.468438743410232 21.37198698516087
80.926750576238788 77.047460338485863 21.801673403311781
81.042672305523851 76.58169899414618 22.168182808795127
81.135968188627913 76.07508239058167 22.462826738238352
81.193043562210647 75.535221979115619 22.68050652301028
81.201431717335979 74.972421099090397 22.820486690873924
81.151271145284198 74.398112011694423 22.886592091105584
81.036620965782319 73.82301709023784 22.886844881641991
80.85621050297442 73.25552318012123 22.832592166934095
80.613669543820635 72.700507984178572 22.737531224056784
80.316966166666347 72.158983773028851 22.61675547063815
79.977399439285165 71.628546883563686 22.486136258538018
79.60843977189154 71.10451973822731 22.362011219655898
79.224732414342682 70.581541058928082 22.261006370232103
78.841403028820309 70.055307576642392 22.199722109995815
78.473622325644612 69.524220786917411 22.194045518614185
78.136310065113875 68.990544867834799 22.258083185474106
77.843806760308667 68.461110993221524 22.402722584529613
77.609391269519875 67.94731544562876 22.63404941223725
77.444609341787796 67.464344718024904 22.951961167877464
77.358504017998925 67.02972615518452 23.349388165046623
77.356833652544694 66.661444558243844 23.812296421627114
77.441433614341761 66.375856881998203 24.320658717592174
77.609945512533045 66.185832947961075 24.850326415504473
77.855901143714547 66.099273697459751 25.375444787478745
78.169370888421156 66.11834566684918 25.871207957139696
78.537993560743757 66.239495388061201 26.316501359284945
78.948105419428089 66.454225005700735 26.696190520225265
79.385704079663242 66.750615900711495 27.002595947435243
79.837066050596007 67.115097795037698 27.236319854077152
80.289036049203887 67.534176123765093 27.405761904748946
80.729133787516744 67.995698014830822 27.526013683441018
81.145581101603398 68.48948907746734 27.61679962061692
81.527338873554939 69.007255610202478 27.699833737643949
81.864180588254939 69.541934889509207 27.796085189044597
82.1468029830163 70.086801558789006 27.923382230661026
82.366981353596358 70.634616969759321 28.094713695496601
82.517795734225473 71.177067089734365 28.317379642546548
82.593924871560816 71.704657308741915 28.592996183610001
82.5919939752376 72.207104478711329 28.918121174425174
82.510896340289477 72.67417092786566 29.285330425450468
82.351994449443296 73.096746548334963 29.684536798124043
82.119122805816815 73.467903036436439 30.104399559108106
81.818367257870989 73.7836847030879 30.533715635658282
81.457619228027824 74.0433924159952 30.962587840455029
81.046011571741388 74.249406292013504 31.383277207895716
80.593284143174827 74.406568682243218 31.79067702234769
80.109136417707916 74.521134807858971 32.182287004841818
79.602688604850456 74.599505156191384 32.557796382454619
79.082153169013353 74.646935702771586 32.918468018085065
78.554796511104172 74.666468301532944 33.266542602317607
78.027162779284353 74.658285460589013 33.604806808086693
77.505430377508389 74.619585663321345 33.936338996070006
76.995740974759215 74.544947472583047 34.264373086661756
76.504386767231139 74.427025829629471 34.592212771748194
76.037838792731677 74.257328812691355 34.923172087551031
75.602683287352903 74.026858978654261 35.260554530405152
75.205547962706191 73.726484554106506 35.607659033658649
74.853064339111228 73.347064623566226 35.967784319381515
74.551863568257417 72.879459026905749 36.344229115845835
