#spline3d 5 120 5 120
127.22170265436101 104.88474488132651 6.0374191462479097
127.46522750099527 104.68261687998796 6.536458011998568
127.69652894832551 104.48288145283998 7.0344050216507066
127.85811531380126 104.28333963537715 7.5346897295793775
127.88110819721898 104.08167021252453 8.0410703451162728
127.79387720004995 103.87658900408404 8.5543201631574295
127.7610094474858 103.66994133725737 9.0699399802954979
127.70996138837997 103.47661600447078 9.587104089738455
127.58498335190433 103.31092543269826 10.10462259694769
127.40579762896746 103.18326077784238 10.615362337589767
127.18883958245743 103.07368395729874 11.113851366503058
126.96514192293733 102.91672475367949 11.599768586570406
126.71725919823062 102.69467003662673 12.045633304110231
126.4245691153602 102.39444694003082 12.414313755589546
126.10874593996861 102.07966969906883 12.751216319632622
125.71680164804869 101.82016114000665 13.043900341848097
125.30138302984048 101.54890842288793 13.293133029815111
124.92374938387809 101.22095159733385 13.53651234993584
124.54384476406656 100.90521434834625 13.794884440700445
124.1107224706234 100.62768159766479 14.00221121168191
123.64690893260543 100.34041797202944 14.116767697914719
123.19502004433669 100.02519972520057 14.199070985527067
122.74405594188194 99.707448212326597 14.253684847403234
122.28677247981807 99.39364163973238 14.270700240615987
121.83677201901162 99.068146689273689 14.281953295418418
121.39754088397068 98.729021442131767 14.300228751982907
120.96055668078566 98.386964694146457 14.296395619995341
120.52608616813002 98.042123787918129 14.270187502090719
120.10467513458558 97.68165145764695 14.248469028594567
119.68662680561107 97.316653038886955 14.231616234156876
119.25292301652216 96.970206067167808 14.21964269679728
118.81162650221755 96.633644381887635 14.232992521621613
118.38256655345212 96.283822244070421 14.277746852503526
117.96976661604978 95.915771577175917 14.324569118406092
117.56585285001016 95.538597299661049 14.37632783244778
117.1716008766838 95.153023125730002 14.447524841297916
116.81067831940041 94.742421552129713 14.544101245929925
116.49421313867967 94.300495306325445 14.660323184586948
116.20215160035745 93.839765468050501 14.764208385357287
115.90261405538351 93.380459822605502 14.855280621447573
115.56754868486718 92.954826059545553 14.984153408440834
115.2628465239162 92.54389859471938 15.201248348111301
114.96552731370697 92.153575648843457 15.461191763301439
114.60890355943613 91.804994356368582 15.707139450767956
114.26139816632366 91.446987959037386 15.957040994898236
114.02788056045223 91.044579292900821 16.260973333662754
113.8783579008322 90.644757406456009 16.625612748461474
113.70579225677741 90.319925600453033 17.03989894602822
113.49321895061685 90.042307629314479 17.472677771426778
113.26725975399697 89.740288552797978 17.879973664597706
113.04994894948591 89.410144228893401 18.271051084293013
112.83950052394114 89.102426058922035 18.682404839169173
112.64935123629458 88.841002365086567 19.133989121514592
112.4824542175144 88.592975649287794 19.602518508931986
112.33651488468165 88.358068947916948 20.086992335358612
112.2076115400571 88.186669701283961 20.59848417452983
112.10468934912387 88.099844555129764 21.13869525322886
112.04746132270016 88.011970520028285 21.685101676211978
112.03841160647833 87.886094472490697 22.226284129905409
112.05157821529824 87.780834159115955 22.770859771270043
112.06833422672733 87.700030733533964 23.320052449794051
112.08605720523836 87.610199242887418 23.868079884414723
112.11386900819433 87.553207304040015 24.418908270909728
112.12379498990046 87.536187240579153 24.974381689846123
112.07537837623529 87.513570049050529 25.529581091157649
111.98349547859796 87.436031364937733 26.073113778071345
111.88657409376822 87.265264319958675 26.592158837110144
111.76278174313678 87.064291700599583 27.097436984203281
111.62244693488208 86.830843536905789 27.584952244636749
111.47751322694791 86.488504261611055 28.001073729732934
111.32680136178118 86.051221903117906 28.321485330976046
111.19609451641105 85.557880078017845 28.543649656034582
111.09688701338753 85.040291128196912 28.719144914662145
111.01580239446841 84.52015011674122 28.894276525584353
110.92629153870347 83.994368651315128 29.051229290346708
110.82327176687497 83.461191843029738 29.165230848149729
110.70491358569569 82.916944480697893 29.1994235685384
110.6292394347726 82.363868669362489 29.179882941638297
110.66731250045549 81.811047968451646 29.130927816881982
110.79522680020787 81.269136037375787 29.070401649423321
110.96999328945236 80.742669515143945 29.022265649884229
111.21839488415092 80.246195339354841 29.010756202969162
111.51168266738799 79.774455196787628 29.049645538147519
111.8161655739566 79.316436638633689 29.132783354728016
112.11172875696049 78.856692301825845 29.230706449596781
112.35393184089401 78.370124913115035 29.343212909287434
112.53200168927535 77.862680779817055 29.503821789412456
112.68037163394388 77.394701589155559 29.769140937245307
112.8007439194335 77.00398191177338 30.150584372719532
112.87087354768543 76.663691289929673 30.594380545962064
112.82492247214996 76.380998141091595 31.072733476279389
112.66653388983447 76.215762156648083 31.589792863163272
112.47975267284191 76.200312959125583 32.126266421976666
112.32196029562357 76.363889989523216 32.637847928230471
112.17180965416938 76.650491063450474 33.095821482817527
112.02850432403619 76.965761951161454 33.529922668063421
111.9054066712059 77.307596984134875 33.948773009073953
111.79333563038153 77.687171204432715 34.340109828525264
111.68464052814532 78.107596474300507 34.687026490202676
111.58227792460886 78.560785049327535 34.991816155670008
111.50057293761316 79.030700522408324 35.276825312456225
111.45717757887481 79.525659361011748 35.530561943669589
111.44480385902908 80.051078576920617 35.717661263672191
111.44640355913124 80.598667277273037 35.808657453056028
111.45265720094221 81.155077145228589 35.848586460183959
111.4912475503874 81.710191955503277 35.881612035066212
111.63884714683039 82.247885093080598 35.904998484166541
111.8407999185998 82.753719029187067 36.007698890496648
112.0235653048601 83.228170663190113 36.232880906827447
112.26524514741358 83.684404458726249 36.447350421402533
112.58775093564452 84.104940462429866 36.63014296161154
113.00332955632177 84.419544314510119 36.835814195786497
113.45233026368834 84.610232295235321 37.114398046514943
113.88708047077544 84.70425667865031 37.451254082434886
114.33015934186757 84.764956976241947 37.779828873135912
114.77327519778497 84.820004631636053 38.110040372133611
115.19177549410217 84.828076187910682 38.474839310411788
115.59130986488361 84.766708671249745 38.858317832085639
115.98369838284094 84.632845029347507 39.237670635582532
116.38028810490027 84.421634262672569 39.590567047490424
