#spline3d 5 121 5 121
60.942636265083856 84.747095535046853 2.9718307510554789
61.066286990574717 84.546164412160621 3.4769392941374915
61.207155544475143 84.270820986001496 3.9161721752008036
61.361175972810095 83.955660966983629 4.318975338124897
61.524109791774933 83.636450337857099 4.7156517462786391
61.696415617663739 83.33702131291362 5.1258379343372322
61.915229015866828 83.04336522917032 5.517603575368013
62.208688447529916 82.769282227485903 5.8725613621513784
62.554150098154714 82.53132526592411 6.206737899490677
62.905222403201172 82.288741502850812 6.5289385088822742
63.233972541733294 81.997064900849907 6.8363789234062864
63.571427914562086 81.673650184614914 7.0968754788634536
63.961056602955267 81.36254062177612 7.2951377433521412
64.379687981724231 81.059515036689348 7.4439705927513353
64.783429835658083 80.716649629486625 7.5168218515693814
65.197704245702468 80.376687621468179 7.5339577418257999
65.620761566150691 80.049822946731467 7.5399439251329126
66.033225262117185 79.710837338309929 7.5491972353512518
66.435501435477505 79.355000975567748 7.5563832690748569
66.841071139128573 79.006085574979096 7.5195738640211935
67.262501608999344 78.703237746908627 7.3908688644630809
67.687822907138695 78.416531144434387 7.2330112496806489
68.107052164047502 78.117774652689192 7.0896328634370755
68.524933620403189 77.819846398357271 6.9394770635040297
68.950398753022611 77.524310526390124 6.8051776312365799
69.380004193041501 77.215856563605513 6.721493518561215
69.801784510559187 76.888351922455954 6.6791609556177107
70.210838196732695 76.544635241302387 6.6470513568571139
70.606811697265712 76.192941634439592 6.5752885369374958
71.00180978985334 75.847437653897387 6.4689622357616354
71.389965755459187 75.492155865215352 6.3678249624981973
71.781350868075023 75.132343421209157 6.3114428371723204
72.199967485449704 74.798179159729642 6.3108333935496406
72.638695258415709 74.489597698595816 6.328382063260789
73.095361273033177 74.2128241798369 6.374821377829103
73.551783252239758 73.956265055488899 6.4866251312661065
73.99270725935034 73.705627470268709 6.6606372854901075
74.428359076327084 73.461422113092596 6.8526135696547259
74.856874351472158 73.198521551237931 7.0345789558227878
75.265601651034984 72.923602466163914 7.2431105986478794
75.653826046694178 72.650207620088835 7.4915081917147965
76.019654659996618 72.387746644186038 7.7827814680536447
76.354225720907209 72.137040280182021 8.1189339653908323
76.625921678470306 71.884620829184641 8.5039881460199815
76.856112852471227 71.645243112527098 8.9255076793221946
77.062325544107921 71.443033874831102 9.3767138272190795
77.221616657659411 71.24608852743323 9.8469842688508997
77.316643944864154 71.019937661612531 10.325841703647422
77.408367700920664 70.852048172218588 10.824903570877018
77.46432237362616 70.748705625980506 11.346351829626986
77.482766012697226 70.631327305823433 11.868581331431971
77.534395852919602 70.492208876374264 12.382280307066457
77.603751079032406 70.386412648116533 12.902243596000815
77.666259797464932 70.325492012326407 13.432142910071221
77.726336199692582 70.32338793549124 13.964657377588274
77.796566778189757 70.391571195471826 14.490969597911565
77.874125844092745 70.490728621182953 15.011652928604791
77.958472068831185 70.584033219043647 15.531132671517396
78.056596872359691 70.662560980741731 16.050866529529081
78.162942080966062 70.746971201987591 16.568724510052657
78.276937997585563 70.862852484213263 17.078684346575265
78.412515067998442 71.011374200475089 17.573884057240988
78.552352478910962 71.176887741704505 18.063725469031258
78.682879527261974 71.362152447554024 18.549396684309414
78.830950963688778 71.591629427281362 19.008291531372212
79.006027160693179 71.863146168703096 19.435898361680621
79.18809643764601 72.13833266514672 19.858658708693159
79.404429752514332 72.38275008833962 20.282267962436478
79.668913587010721 72.583857513408958 20.702400087933437
79.963481026031218 72.769658005866759 21.10848413510864
80.267688981121594 72.94538173734621 21.512753165500339
80.572700013513071 73.06032438270033 21.942811482857788
80.880499158030304 73.059707773589039 22.382301515432328
81.187892526780161 72.927422877939549 22.808480237819232
81.478448657427364 72.714792623082346 23.207142920763239
81.735008167828894 72.418554351448932 23.570585831819823
81.969491587874614 72.082820145330928 23.92108633089412
82.18136488535319 71.702141219846837 24.23030335432502
82.357321858515107 71.249932245872841 24.463577762389537
82.493844269035179 70.757913774785166 24.638695996825337
82.581697220836986 70.238008250398082 24.727783128880219
82.651526329942882 69.706854236228892 24.752161556708021
82.709369728622207 69.174196451326864 24.764393216763455
82.732829976764009 68.640585486049346 24.78364965282433
82.704298494382925 68.106262194263522 24.797160879922313
82.686693326688555 67.571682439968527 24.800876200485419
82.689789323593942 67.036895387532226 24.802312756075132
82.671889424384744 66.502603050698269 24.809295473427692
82.629631328459041 65.969033218197126 24.801246447329344
82.576297598714945 65.437206522971167 24.755309088502568
82.510120031200344 64.915288108758716 24.672678069517339
82.419699228291208 64.401575635794799 24.549636542978661
82.299639777682046 63.881079576314377 24.437013956525899
82.210734225009119 63.356934012050047 24.455678886755383
82.239765648293499 62.848258805751151 24.635263005267024
82.326141384744801 62.349205170951905 24.834849728550868
82.416694134690587 61.880110587146824 25.065725712872819
82.526335164478482 61.479831650342291 25.405509418675837
82.652576850217585 61.151469733598098 25.829419496703647
82.76861620857774 60.944582345884072 26.310746118294837
82.900131169400041 60.889097996699007 26.826517556002631
83.037499489142377 60.892953408066582 27.350002989572193
83.116397837970396 60.926008359652783 27.880619844704555
83.13220840455277 61.06605698837155 28.400098684470187
83.095411038111237 61.325720379794852 28.870646055826366
83.003859755001741 61.621446581886168 29.311051122019439
82.89330065205472 61.919626701004056 29.738726559011393
82.788900474910406 62.239615861263609 30.154679967272614
82.636337660824765 62.525476292735355 30.584363590018246
82.393131474556085 62.812222613352944 30.966553719055494
82.066415148325305 63.109951944083292 31.274707370697776
81.691662095121771 63.345066242792207 31.576129034851693
81.328125840999277 63.550458227410232 31.911805663846188
81.026075090548062 63.785347490569109 32.286691524711287
80.74580670394711 63.99373988194715 32.693571252725569
80.441246230695427 64.161803966307218 33.101485682400224
80.081228287877238 64.342160555012327 33.452694737379545
79.676646234818179 64.520700328173504 33.757485577999731
79.262828076991667 64.680368037617185 34.058519154771908
78.873732761147252 64.819159111041756 34.392349738561613
78.54368622753384 64.933043789430485 34.796598602716699
