#spline3d 5 120 5 120
117.87042703335266 81.64001090902606 1.9665926405168566
117.53705006905093 81.313151592564864 2.3424114561529703
117.17506090242131 80.997574251009382 2.6318979069594688
116.78869779247424 80.691241706359136 2.8471349588469796
116.38219910393629 80.392116840738296 3.0002059672605275
115.95980183506704 80.098161613040986 3.1031893299894002
115.52572631807347 79.807328037774155 3.16810193662924
115.08411129568263 79.517540705402737 3.2066458215510441
114.63890323390412 79.226696679005173 3.2297477280835483
114.19373307663172 78.932692657556089 3.2470425750278795
113.75171955229216 78.633508701427743 3.2661190954636652
113.31528799182897 78.327375215973873 3.2920261904520767
112.88596833917184 78.013039241231056 3.3270737631911498
112.46439501226784 77.689910634452232 3.3713417063312274
112.05022778113336 77.358259226377186 3.4230399314516511
111.64225237151376 77.01926896771451 3.4793461452657013
111.23861086393298 76.674919500590747 3.5372895606362125
110.83711335426219 76.327717582090699 3.5944484819591116
110.43551125606734 75.98040462267457 3.6492984570564007
110.03174858271983 75.635676718603577 3.701530258599643
109.624160027589 75.295903395374594 3.7520345847403096
109.21159634733512 74.962911681515038 3.8027264049765397
108.79343829370738 74.637908936895201 3.8561886062558988
108.36964747016494 74.321390832390833 3.9153968936031589
107.94078788354437 74.013127482263741 3.9833975346481592
107.5079830813973 73.712305670114063 4.0630931493147839
107.07281736249543 73.417844231646882 4.1572247225969914
106.63717595736441 73.128750181759855 4.2684663784153649
106.20313670731737 72.844528694778987 4.3995434175006061
105.77282948887857 72.565541569696379 4.5533378702591643
105.34839495646035 72.293181013204418 4.7328677194115745
104.93201933024849 72.029752676715603 4.9411417352973688
104.52602016582708 71.778289213142074 5.1809526897647116
104.13299236210484 71.542241155567964 5.4545693121080063
103.75595648285099 71.325059846148278 5.763452701393442
103.39845049909975 71.129882259819311 6.1080281059315986
103.06443525667831 70.959455561597437 6.4877166967869631
102.75817658787625 70.816105279970543 6.9008067088921941
102.48389156005896 70.701867183681145 7.3445144184443079
102.24526469761464 70.618608072472583 7.8150289921538976
102.04500818233039 70.568053255623369 8.3076412480390438
101.88458285935278 70.551737918417672 8.8169065935770803
101.76386149240486 70.570883987499357 9.3368147870293043
101.68107824157077 70.626298417994832 9.8611302495036508
101.63284973129699 70.71832133034998 10.383804422885323
101.61446105995553 70.846872037034245 10.899333756768769
101.62001403963123 71.011419822566523 11.403185822052125
101.64280606331576 71.210888530273238 11.89225999109734
101.67588425272884 71.443388405266944 12.365278613340749
101.71269048636188 71.705801911465727 12.823037250001493
101.74752212437217 71.993546485298353 13.268279040073274
101.77610390961802 72.300118483895929 13.705712072448984
101.79589624111559 72.61701525919122 14.14142449066302
101.80618328525877 72.933833110739599 14.582031059489296
101.8077136040462 73.23872424511211 15.033716698899383
101.80232400311247 73.518799639736457 15.501334334757608
101.792348381216 73.760749994900678 15.987385319120847
101.77994864481734 73.951652014007323 16.491331053611241
101.7665976410771 74.079966104745807 17.009169143901151
101.75294036797156 74.136119651045775 17.533902008123018
101.73862874457237 74.113491837027041 18.055604634980927
101.72250424313113 74.008965331700693 18.562469334610395
101.70297230252072 73.823154693058967 19.042082439387155
101.67852516168622 73.560145010496598 19.48285358648133
101.64818640617847 73.226896582863048 19.875118168397044
101.61197052610586 72.83275869418442 20.212402596618784
101.57104743650332 72.38842714778049 20.492097782476129
101.5275626034731 71.904961752059876 20.715581467974388
101.48422035017641 71.393012808250091 20.887442987562956
101.44392356144024 70.862212600117331 21.01477338904267
101.40938282243781 70.320686571170953 21.105849522717147
101.38288365031497 69.774887575009032 21.168586798971511
101.36627399652671 69.229631452302684 21.209161869298114
101.36112874029912 68.688396919564568 21.231469435453082
101.36893136800124 68.15337503842882 21.236537595153642
101.39131018148646 67.6257360357219 21.222955685994258
101.43009409156925 67.105736531383357 21.187959297264722
101.48714638518138 66.592835016067241 21.128906656616614
101.56407796189013 66.08571225660333 21.044661053117991
101.66177337137482 65.582306518871562 20.93711910001819
101.77988231530364 65.080009109545387 20.812115602174568
101.91619863229953 64.576089905470113 20.67960308229112
102.06649624559986 64.068201872695752 20.552629843647615
102.22411307901197 63.555067449806018 20.446514448523018
102.38010570950051 63.037252541861818 20.377057058830836
102.5238081380882 62.517845566856607 20.358683008679847
102.64379609395742 62.002702888499549 20.402892898588284
102.72884285762221 61.500310382228243 20.51733469077783
102.76908701580119 61.02162307371713 20.704654400053759
102.75709682608351 60.579150054195516 20.962439998588252
102.68876584549922 60.185822901019641 21.283510398933075
102.56338230328006 59.853837629538859 21.657143463831559
102.38375097364661 59.593587956628149 22.06998934622974
102.15589845456752 59.412509897451493 22.507434244281121
101.88821145306972 59.314557650285401 22.955010523160144
101.59063136336407 59.299834215836597 23.399793286686695
101.27378810315773 59.365285848535827 23.831087871769316
100.94844231353176 59.50487463631999 24.241385665971119
100.62489057930708 59.710507893336278 24.626710287378458
100.31254157057245 59.972922306047899 24.986551153130598
100.01962759886402 60.282524438259301 25.323220684360006
99.75305190783115 60.629966358509741 25.641060643736793
99.518126711527529 61.006675572222839 25.945655219469483
99.318588365855717 61.405164501421616 26.242771257713997
99.156686704433795 61.819138591837699 26.537555882337529
99.033536806139068 62.24325612317503 26.834216093119117
98.949321881028496 62.672911262754425 27.13585542579737
98.903625199033641 63.103829760662137 27.444597402511469
98.895760273843663 63.531676347061676 27.761892425091663
98.925016152162499 63.951825975469852 28.088784440881579
98.990757954260417 64.35932912071992 28.426091871508614
99.092436192981552 64.748915367131332 28.774489192452702
99.229484061698997 65.115130647215565 29.134571566713813
99.401207614840231 65.452472882633501 29.506878095754541
99.606753893578315 65.75548244022842 29.891910505891985
99.845119556395645 66.018782657378125 30.290139977768096
100.11520454916287 66.237076532341291 30.702014482819408
100.41588075494549 66.405097185058125 31.127973059083843
100.74601784342937 66.51758011292506 31.568454076680016
101.10448561234294 66.569260697880381 32.023895933661443
