#spline3d 5 120 5 120
73.196249941771427 109.67196389775512 1.7769701737246009
72.931636343457825 109.58550590483655 2.6008796735357054
72.676935225022405 109.51299685384183 3.4220495771722161
72.42727015194383 109.45087677786985 4.2397290548101312
72.177764502461017 109.39558611054299 5.053167215974069
71.923543727305855 109.34356180677867 5.861613779856949
71.659771818451574 109.29119067621151 6.6643276496856219
71.381764231021052 109.2346684706697 7.4605907825863227
71.085196473677044 109.16972240342147 8.2497026471223158
70.766453027130368 109.09120677976306 9.0309252105861297
70.423121291098113 108.99274966991611 9.8033812494682184
70.054757522817511 108.8665099270615 10.565926020575256
69.663935678281817 108.70325147900489 11.317020604132129
69.257386884568746 108.49289322212384 12.054624413446419
68.846922125798812 108.22552641175854 12.776087113896168
68.449728431419857 107.89286042874819 13.478017871159823
68.087633705842848 107.48986084819445 14.156148791644362
67.785455870787942 107.0162445134104 14.805256809515777
67.568613365865119 106.47777538819051 15.419209766233033
67.460224866859079 105.88665735870995 15.99128464473019
67.47838013632699 105.26083290017121 16.51468659812603
67.633982178754763 104.62210544756253 16.983119409014272
67.929421830984026 103.99327239431287 17.391301093980633
68.358721351764714 103.39513349080758 17.735314062794561
68.90806667373775 102.84370046994614 18.013001113250304
69.557726810231827 102.34837725429014 18.224202004581706
70.284576195972377 101.91150083921214 18.37075268689512
71.064884804984317 101.52921331034659 18.456168631092449
71.876880307845198 101.19333074235027 18.485118875302099
72.702526420684208 100.89368487864091 18.462873011109856
73.528558667600663 100.62021822418625 18.394864221485914
74.346745305206397 100.36464424915005 18.286322755277371
75.153353718697105 100.12126088047813 18.142043392091779
75.948164122140795 99.886882985214854 17.966360810035191
76.733295624305541 99.660083714285037 17.763359282917506
77.512070975713939 99.440065174123305 17.537278953777214
78.288102494299821 99.22556796963066 17.292961826231242
79.064572994698722 99.013939484427667 17.036270862874456
79.843683437168309 98.800569226627985 16.774301906720211
80.626221997981659 98.578735700149068 16.515309519948975
81.411220703252027 98.339833005285129 16.268390161601026
82.195695525233432 98.073970497142881 16.043060512812737
82.974653776443418 97.770925788681296 15.848865660343378
83.741138935936931 97.421361773261481 15.695070611162905
84.486594030785113 97.018231401226316 15.590450706532367
85.201368452009888 96.558018399862917 15.543176917219268
85.875335988709821 96.041521757543634 15.560745691418155
86.498557484452363 95.474049517085888 15.649841458629062
87.06195308881216 94.864923050218351 15.816078682043795
87.558050781466136 94.226766738491392 16.063576762012445
87.981797119494061 93.574555050931878 16.394467157784007
88.331189860826242 92.924523988502173 16.808496044010084
88.607559248784597 92.293068813479465 17.302782667288685
88.815357466225905 91.695711847366582 17.87182744063163
88.961442413247454 91.146298398095297 18.507855575479994
89.054042087532267 90.656527541478255 19.201452838358676
89.101622153286769 90.23567192467317 19.942370923207399
89.111862226365687 89.89062929576086 20.720515941604035
89.091185567953772 89.626067653174616 21.526850460063876
89.045053538444577 89.444512444393368 22.354028260172356
88.979093669876633 89.346162659464056 23.196624517730655
88.900654725275828 89.328534676106997 24.050809040073954
88.820563297486544 89.385557801973064 24.913668089093299
88.754356583704549 89.506398562393599 25.781979858316657
88.722398238391762 89.674272545442349 26.650710444546664
88.748515554561976 89.865994117713115 27.511491171529034
88.857054899148167 90.052919127021937 28.351361415291866
89.068965440778356 90.203587565434844 29.152322525272478
89.397670637741655 90.287386781355124 29.891589652133522
89.845485359832537 90.278969256800437 30.542840725875497
90.401829595850387 90.162325982439228 31.078410036157045
91.043575080217209 89.933603324938602 31.472015650810064
91.737455061383457 89.601875466517214 31.7015990800225
92.443816101808352 89.187765413699694 31.752021489759709
93.120874748064409 88.72004147194238 31.61696833460525
93.728769477885677 88.231401547862703 31.300727681747084
94.233095123079366 87.753308164626901 30.818846989213661
94.607220037055171 87.31136050406532 30.197696188886745
94.833431320339812 86.921838002081316 29.472854914192112
94.902955714251362 86.589988125356669 28.686286779922749
94.814908657165915 86.310562339195869 27.882616476586524
94.575277927699958 86.069447192902999 27.1052199726334
94.195843258934786 85.846596370107193 26.392232413316158
93.693285302408825 85.619462414637155 25.773314147273069
93.088438490740018 85.36607726342082 25.26782652677506
92.405576817993961 85.067485687515401 24.88455071150517
91.67164488264784 84.709430966514063 24.623146842897274
90.915527875462672 84.283311372874437 24.476824838076649
90.167435817927384 83.786953881181176 24.435449046968266
89.458205402569718 83.224896457814481 24.488857205271849
88.818447327811853 82.608331445299171 24.629180478508651
88.277373407313107 81.954547836629445 24.851567415279145
87.861125905842442 81.285768012647452 25.153222298322518
87.590950092663547 80.627298877149798 25.531496536030414
87.480938144061426 80.005513738596562 25.981985952714375
87.535985743381602 79.445611176416534 26.497384376064499
87.750418251214555 78.969715347102422 27.067625522553087
88.107679355926351 78.595561342445961 27.680995991091216
88.581249802717053 78.335889591186259 28.325558726358803
89.136814440392158 78.198616655123075 28.990194929602801
89.73515148724934 78.187562483891384 29.664881526155181
90.335210424134459 78.303187874481765 30.340297684651215
90.8972729952647 78.543174098557444 31.006920890835147
91.38553471637259 78.90220263956391 31.654218516976083
91.769893953507676 79.370959445253177 32.270476033105965
92.026956338548189 79.934571717443106 32.843647705588651
92.140172494186331 80.571405750245546 33.363008735501644
92.100090949192364 81.252181047900663 33.821246538157915
91.904492418548983 81.940459439493011 34.216310313774613
91.558849895340202 82.594478058702222 34.552380743782706
91.076798979899522 83.170064299755708 34.839629610540264
90.480288968502961 83.623820272426642 35.093054619714167
89.798702156117315 83.915547988699174 35.330774310878049
89.067382547569025 84.009424817981667 35.572515016804779
88.325785741512263 83.873951363121421 35.838478199329501
87.615555779788451 83.480689315442561 36.148766597786988
86.979213387722112 82.802739344488344 36.523300482629757
86.459479476988037 81.813627424066922 36.981919369194159
86.099084773385712 80.486905264722694 37.544456018013754
85.940759140385779 78.796122005641436 38.230744000547595
