#spline3d 5 120 5 120
122.27813613019887 108.6244621422689 1.910499524552199
122.49366320510404 108.4340654318076 2.6041454024149839
122.63456068866213 108.39565347740414 3.3163490280163588
122.74996575663339 108.46006237223939 4.0325564331369277
122.86443202653604 108.58425611463545 4.7451722527231626
123.13257444083574 108.72416801700008 5.4088116501309775
123.40222485166397 108.73908310523687 6.0868642796715609
123.68514969347075 108.81137930801037 6.7521377400975036
123.96392720137081 108.8404495470492 7.4221688253743565
124.25101764027778 108.8376064953664 8.0909138037051154
124.57817207272866 108.82407404138728 8.742162848948027
124.75227741812968 108.69288441245048 9.445770424082335
124.93462915671222 108.47756938551508 10.114827056010103
125.14121072405833 108.17667719733856 10.746029681689031
125.40254081687088 107.92529357185697 11.378610403807194
125.63574117951968 107.54550808806758 11.956889587593183
125.84445888232872 107.11024595896647 12.502638738478646
126.07456014036462 106.62128250023488 12.991102479209678
126.21767814590029 106.14839582788244 13.530360960970023
126.17232286790119 105.73072083901053 14.141137280685124
126.02040489815984 105.21129870148337 14.627898976588437
125.91299856756163 104.64116677276837 15.07229700253345
125.77672685154599 104.05216924550048 15.477608604970744
125.50382585478523 103.42472749147041 15.743376284006327
125.28185459217829 102.77459226352181 15.989821334025354
124.96886126347266 102.12664133118705 16.10265213698921
124.6560783126948 101.47585814581211 16.20060412246475
124.32921274856403 100.83346010511239 16.270374425480039
123.93392307678451 100.21024906482128 16.293063962395678
123.40465319539636 99.712987510392509 16.245542885360322
122.85405205233076 99.24795678708152 16.131876975406772
122.32795682996786 98.777441977582228 15.955340307292385
121.72342968799202 98.399028422130357 15.797292232284345
121.09431815917831 98.068824865407933 15.643158819211781
120.45824349843126 97.765939191764303 15.463534711795717
119.84123561746014 97.432710153373165 15.270131101459819
119.2272544579277 97.088494580259805 15.092154007181023
118.60881793255359 96.758812684568497 14.88972355106818
117.96880457142629 96.429099272494213 14.782369627932763
117.29516993202483 96.148595436670547 14.755190859727222
116.64720658524554 95.82226742994942 14.746915380443983
116.00310772386842 95.483471957982957 14.74325565850444
115.35274201095656 95.156842017648231 14.765045351263398
114.72459237144001 94.812053224525258 14.909013864630181
114.14054006137953 94.429706550126028 15.121008481539523
113.61486017513919 94.02460189879632 15.418828614394503
113.01400946442192 93.7017386103782 15.694649375606465
112.46864612215371 93.447701651465877 16.095401851004283
112.06708790180141 93.140174342142373 16.641668660995094
111.66215301727975 92.984498561289101 17.233857966630129
111.54862409593662 92.776356882110477 17.934344622946043
111.40376163258715 92.589158600848023 18.620679208492199
111.18328534118628 92.373685506940618 19.280826765671705
110.95866518559492 92.216574342500721 19.957048612314537
110.86189302141636 92.197124321267793 20.686525207706094
110.85930167653937 92.148742372149698 21.410800670831705
110.94346619188534 92.089124040495463 22.133682090674636
111.09707275760557 92.047998437880693 22.846121962719934
111.36136053555576 91.910671768985736 23.513169347261318
111.47245584480342 91.795160572549364 24.226807124733327
111.58179865207146 91.797754301233184 24.947186987656597
111.65467154746429 91.908666029139198 25.671535147549459
111.53908004060001 92.000516791064371 26.385872370431002
111.34473454778042 92.08719880301301 27.082561834775827
111.23090678790349 92.148359100969998 27.802740545452096
110.95888518587699 92.200895259105252 28.473027162583108
110.62625692321912 92.300050551864331 29.128282965037755
110.29106936852375 92.164593232136966 29.757997273174006
109.89621447893435 91.958912144637821 30.347799463890283
109.43186429426676 91.700442172471156 30.846019903414515
109.01218854366375 91.203884343768209 31.205459407307309
108.55630016110774 90.711548986404367 31.490255884954447
108.24463406303583 90.087471309729395 31.721381302677749
107.89382806556698 89.443901835213126 31.772488615680714
107.59407028381978 88.787572928504247 31.698256119057316
107.33770030926816 88.118306323667355 31.523348129961832
107.21035146239805 87.458146296322013 31.230515022295158
107.19214602885216 86.877466020295373 30.784762729407088
107.12677968672683 86.323425996426025 30.301679908043106
107.35647010881081 85.799478894012708 29.837670855872293
107.68484456009243 85.316241910744239 29.387626872789486
108.16375671134649 84.903971150236274 29.007856513815195
108.76967109942038 84.489323065362768 28.89378963896355
109.25613302046631 83.96742418605578 28.758014454811406
109.7322684639468 83.438052805355156 28.610378664917146
110.23144165552644 82.89315096675071 28.613656804458923
110.5809062295958 82.262517203677447 28.737338201341689
110.92110740288726 81.640046188048274 28.883675955475645
111.2142100059058 80.986436806353211 29.066265788702431
111.29216768235698 80.35596972651166 29.467258048580387
111.15938988091482 79.813695517119001 29.930821705806721
110.96951673600485 79.276008570912509 30.410586873771056
110.51565129968752 78.819372979371579 30.779983922030599
109.90630299160594 78.602890091579496 31.152955857499204
109.28497607119415 78.542445510064837 31.545027437275575
108.64918877560601 78.724535249070485 31.872524245943765
108.11523702388632 79.081780044232985 32.225742587663156
107.64746168967383 79.320321787617942 32.754595762722637
107.29115670219926 79.393483092457913 33.386033321696821
107.01766180947857 79.536670282268688 34.050453209590735
106.86054880865787 79.742089216984752 34.729292225533527
106.80470611165327 79.852650764466674 35.45400913316702
106.90791950508948 80.013151141355024 36.164675839082498
107.12879298232394 80.329775740104822 36.796225947347743
107.39055726617342 80.842089780953287 37.267504909678387
107.7326206126869 81.36649505414978 37.628650977828563
108.10598204162247 81.959189406332897 37.86677946496949
108.49296941396761 82.565105901991757 37.974975649454343
108.88375556752996 83.185913592120784 37.891274869443876
109.31898028666369 83.756128770400494 37.799156231545837
109.83654195876385 84.278732692089989 37.808439521531511
110.4266489614709 84.703600132907141 37.802225481393414
111.10867336603577 84.994223067769639 37.75771306778617
111.82850865549248 85.093098075469186 37.849773786754149
112.55080145072058 85.123835414744747 37.949329789646598
113.22693296420161 85.303283866404101 38.169769610139276
113.88022098634923 85.469429144009752 38.458485829076395
114.42316126703051 85.60797276456934 38.927630987171902
114.90518809663024 85.751482581352462 39.476042957488275
115.3569746599419 85.925138263493409 40.031369803270081
