#spline3d 5 120 5 120
58.31831864292154 88.125353553459504 4.3633921797764739
58.612862181009653 87.744583384669227 4.6696748144744138
58.827684227553362 87.38257328328406 5.0396119016433927
59.002340060023045 87.03664184148478 5.4483770877616422
59.17404675068628 86.704192556635675 5.8728003171604568
59.397860558842453 86.381128900842725 6.2757957100985307
59.717048844567678 86.069974318424386 6.6231475082561193
60.083674701181152 85.771191653486454 6.9311277468598709
60.455875502727459 85.478048235811784 7.2363712579432837
60.839526212923673 85.190949038966295 7.5337041609002782
61.246970847483091 84.880543759787258 7.7627501987950653
61.636963306132024 84.520384429765997 7.955241718721461
62.02344337184325 84.158426277668227 8.1517826743394597
62.46843777687473 83.860629070707319 8.322722726901608
62.949633908453791 83.599008141607655 8.4601977865498945
63.411705942508263 83.306126581157145 8.5923134488061521
63.881072261864134 83.021846678921989 8.7196842383239392
64.36332241616158 82.743448486482009 8.8050560059059393
64.839108218081122 82.443002999199194 8.83540893954026
65.309353067623775 82.132485040929922 8.8447194679447918
65.782979559486279 81.828343235002166 8.8504958840347463
66.265671257482424 81.538963476828073 8.8425428462337834
66.760755724941149 81.271042166401401 8.816229930080679
67.246962186659204 80.98785237716821 8.8077024744948726
67.714748737042683 80.674319431627197 8.8199757259230331
68.177009278162444 80.352730164542251 8.8038130010455031
68.650688951795104 80.048125103441322 8.7836808370509623
69.131013640061369 79.756591414425301 8.814410289513356
69.597888793573134 79.449378161021386 8.887794257358502
70.072678501934789 79.152377127308199 8.9482365434065372
70.575311499897836 78.90031885757432 8.9970820319896152
71.084200266417483 78.693186498720053 9.1179590355144722
71.586568753981837 78.508167911597127 9.2993874843939963
72.077859861111037 78.329375720363998 9.5095044582300421
72.560536011149026 78.174582027544488 9.7547496876098112
73.022859739712629 78.034267499780469 10.045413192048066
73.457174233804892 77.904713800104105 10.380432388365193
73.900434947357837 77.826231893083758 10.718706780275848
74.350499133777049 77.796140100801068 11.058768399751541
74.736792784212113 77.777275568668102 11.467778029397667
75.082573351303978 77.778658059351159 11.915473229017865
75.407903712077172 77.770438940752712 12.375019360015445
75.693640046480539 77.741306352790971 12.859272396903409
75.945100434925195 77.696041436504572 13.36174903347057
76.175974741294638 77.641933589387008 13.872711081818407
76.38671320071667 77.603508744817645 14.393415826836584
76.565667238244899 77.558460417405016 14.926243316943742
76.756911969207067 77.45120267558049 15.444688194848199
76.973621956353284 77.29713135939366 15.94232016850788
77.183072299144683 77.139208581304331 16.4407052332663
77.41452439348565 76.986812930794713 16.930285423385573
77.674871159234542 76.828278408465465 17.404263122972576
77.947026592412428 76.686694546831689 17.876301660776395
78.217722743530032 76.576329581077829 18.357512173557733
78.487622986573442 76.456475789350662 18.8375205452021
78.754544711437859 76.284401038594098 19.302924984543587
79.040977140536569 76.064677161788211 19.7371764576956
79.340713026769365 75.820482908785593 20.145913934015219
79.605363106480425 75.538080044776095 20.552323549438668
79.85040493540572 75.24609131884705 20.974177820374425
80.088741056070219 74.910426035756288 21.359981319660317
80.29439334322602 74.465725236588924 21.63966815699035
80.458713342980232 73.959779391024512 21.851922319883865
80.597937000762144 73.434224327979337 21.985248954363964
80.715816960079977 72.884490462891932 22.03693975975083
80.811494928041299 72.328459086920674 22.067145674119512
80.856562853220851 71.767140964770007 22.052126578864687
80.856016010243437 71.20805831357724 21.970455686988355
80.800022799136343 70.657534052076372 21.854095515156576
80.654871690205226 70.119945592467118 21.765287370850501
80.438610216496556 69.599165366184664 21.722464291541112
80.190039307866058 69.093012142961115 21.718725578836295
79.980673346315143 68.571124685917027 21.709669994840969
79.807609807422367 68.035104306373725 21.709670439169308
79.597934084848248 67.515216406239148 21.762902583593075
79.357720994362069 67.00910448300435 21.840871300735905
79.110851279435437 66.522234077722601 21.979215946820464
78.875933965981758 66.061936055789445 22.208172745642052
78.663819629359651 65.640558706305683 22.521040702645145
78.472888645074974 65.265924487250643 22.899084010992155
78.319648135065577 64.952394906359643 23.344724867686534
78.25163260530762 64.688073781225199 23.844433055160817
78.282241473805584 64.485060694205984 24.372503086905315
78.412403006690298 64.368463479453609 24.908185945771248
78.627451207041887 64.290079886559312 25.436736681559793
78.914721020728692 64.292040624846251 25.925892470047437
79.233990577867843 64.490313947653647 26.346348145893622
79.518662359051305 64.83575297747025 26.712197668037106
79.764278520147812 65.231207541593832 27.031697839395491
80.021358814540847 65.662801267920827 27.276806070741973
80.303962617695518 66.103658203545962 27.492445578199067
80.563718434966447 66.561755477297197 27.698382719626885
80.735760478802732 67.07028370482243 27.864962630585111
80.833602403658105 67.611392174156933 28.001339657859795
80.889357647293252 68.157133133725537 28.126580558618244
80.926875815999097 68.705415556610973 28.249056124422118
80.953807726758342 69.256908920778272 28.371761919588806
80.892796123541729 69.804698475286926 28.477348607781753
80.749073350284149 70.343096523786841 28.579299427619357
80.587206467286535 70.869375204226017 28.70760532938905
80.364593124071973 71.359384804285668 28.86579866627703
80.080873615990384 71.806444190266291 29.066077987967855
79.779835821770959 72.211659182018977 29.323237687309817
79.438589108528603 72.559733836979248 29.599228056744359
79.030408661523566 72.854941600951932 29.854330239243854
78.602499401973077 73.139903648890353 30.101581688576726
78.160413864547266 73.317897877982176 30.39747278741714
77.715404478884636 73.355668398609666 30.753196748236324
77.315371177327407 73.32851549734994 31.1500604906151
76.939725852942274 73.271008075598445 31.563394765269958
76.554448514739633 73.195015492095138 31.971785103377869
76.179267461537535 73.052637021511529 32.368369474708409
75.836938481851419 72.791594245906438 32.732401003707338
75.538574288832663 72.512636976024353 33.121486400816636
75.230942881676128 72.28563082564267 33.535372629112437
74.923803225672003 72.085697329152296 33.963557813297186
74.66769502948334 71.865480303812021 34.413914409458378
74.422903796014495 71.576197551594362 34.829993071440981
74.141038015931258 71.185320310536568 35.158714612168943
73.774345032214342 70.658905021071632 35.346624102135962
