#spline3d 5 120 5 120
129.11233642942963 109.90318575450416 2.7026736181989897
129.47472833211606 110.10418005362959 3.3785254201771266
129.58908171113364 110.12193986628158 4.0483985408730145
129.58542997789792 110.03504876652195 4.7133582135081751
129.6172801997655 109.93352525732412 5.3743485644849294
129.70226350631756 109.84098115051452 6.0334559723621393
129.72952567116354 109.70344134522851 6.6896308364845822
129.76682376105319 109.52086364694574 7.3318395810652959
129.81886353537996 109.33007871829459 7.9759384923019701
129.95699043941934 109.18059240946111 8.613021917445197
130.18517421535728 109.0171513301074 9.2235280529691437
130.33644855510462 108.81128153893737 9.8439526038590195
130.52805611646085 108.65808439529218 10.466887818732054
130.73014463624745 108.50430051323838 11.088298571515541
130.90594638346354 108.27969080709306 11.694588385697195
131.06956520153668 108.02366214783557 12.292570571136061
131.20919779830314 107.74916810457583 12.888441369016961
131.32030089905595 107.3855499303166 13.442614696136124
131.41563628473727 106.99384490795765 13.975386475671991
131.43085366357369 106.59945744553761 14.524458601300694
131.3554827911089 106.17485355805113 15.041342108304333
131.14477669798623 105.67519895929011 15.443130188731908
130.93185876060824 105.1773205297647 15.839332328361225
130.6581480119502 104.68894337158619 16.207758983802638
130.28503207033347 104.19727615976841 16.483674072909483
129.87063394500115 103.69646018499209 16.647746156506884
129.42843888635764 103.21760264248564 16.811815067338273
128.95391024390761 102.75244286857345 16.90114105757544
128.42165996132184 102.33979413944647 16.910146868614589
127.88687345215888 101.93804485890477 16.915281609482598
127.4249653437154 101.44978786187846 16.92597173956344
126.92740572927593 100.99773136697767 16.926484380814507
126.34942489592777 100.65381951869729 16.8799792081094
125.74784045312279 100.36916295155108 16.793151944224292
125.1727423953929 100.05585191547011 16.654379123859748
124.59607959007874 99.759661451872105 16.487430573603721
124.00642334082622 99.465874103127447 16.355398100916933
123.423477414809 99.186960724415741 16.180137164322691
122.82752283454349 98.998362973213347 15.930489509337177
122.19297858502219 98.810452850126396 15.812681055651382
121.54287435712499 98.659510525521171 15.73281748766812
120.91293550622544 98.448028269547521 15.658253902972429
120.30011449578265 98.177681345835765 15.611891611785412
119.6485871755654 98.012441644969925 15.607410509840374
118.9962829341557 97.8549459824537 15.600340369661337
118.33355667525935 97.774034187653612 15.645521966626843
117.66782383343791 97.679472775368865 15.653266120498747
117.02168681414271 97.513395758052582 15.712065275436494
116.39713798412059 97.310783880722127 15.860143258673013
115.78782758018697 97.094085651776084 16.045632265221418
115.23906905112858 96.838094172333555 16.336666409708329
114.74788138343239 96.536109181410595 16.681266812254414
114.19835536242586 96.29882249818148 16.986490163255802
113.70338613523474 96.037015698407345 17.353905615876403
113.2612341910671 95.759640936336439 17.777504691656443
112.82242530472436 95.500465213092582 18.212206380019985
112.41942360520625 95.299773100678394 18.71482525423157
112.13175358369672 95.086535789891656 19.281358206117229
111.87442734668127 94.855643625524067 19.856865530751659
111.55392221381035 94.609414252022106 20.391927027857349
111.38290309726298 94.28305627982067 20.955853041231556
111.23781101927776 93.9811036245559 21.538360095132234
111.14539914634706 93.678122637319973 22.126783254481278
111.01545041040629 93.401746055944827 22.723182174093271
110.85590100404316 93.081754808293383 23.292706027413217
110.79625629551572 92.804816765360641 23.899454093189703
110.76917096580901 92.5346648921644 24.51329314275349
110.7521678848135 92.206573268401684 25.097366121073286
110.78981382166759 91.88796531116293 25.687453612040432
110.88273615685281 91.530869048625618 26.247629516495671
111.02102390955686 91.120720035375612 26.762086395589222
111.22579214247462 90.736230359012922 27.272328653473995
111.53659022920944 90.364518694793787 27.744522560836515
111.73553294969592 89.874690800328622 28.157854643043976
111.9336691117739 89.308655133822171 28.46784174156247
112.17198983190602 88.733494353791073 28.721078492553037
112.26902541344802 88.103253059196078 28.931355022443054
112.36863261847361 87.462027449790583 29.102910720148657
112.54988692168025 86.833462723285535 29.263691846042693
112.6202241704493 86.196991520085518 29.457637494715382
112.57789029036731 85.545743921458893 29.635529045944278
112.609962590956 84.871578029329513 29.623487025116098
112.67211449778183 84.208450099671012 29.570731451980993
112.67771950574866 83.528773360999466 29.592086848769913
112.77433040984619 82.874145497329948 29.540890450485371
113.01703533921228 82.267505713292806 29.34154352819268
113.13203914128685 81.626215284513293 29.187757601913308
113.22622491539569 80.990290146799708 28.999715419832103
113.34644118448688 80.35341111625452 28.82015320366796
113.3361440036326 79.692373414342597 28.695063585387214
113.18608515373633 79.02921818577542 28.659607850900382
112.94358388758101 78.414292867900386 28.806921294188541
112.58819330152808 77.867287680853934 28.997198822483053
112.06140749458694 77.473802296259393 29.210827299283295
111.4818237738405 77.308665587643361 29.544394277506903
110.98330535897402 77.367031016892327 30.008501426065614
110.48951053930452 77.55700636732881 30.423530146468142
110.09765023935913 77.890521799928493 30.862852277511099
109.78963722497974 78.313821077605368 31.2913447160476
109.49586766776113 78.862170735699195 31.558328375842116
109.20862151533089 79.436028641942713 31.755540422406398
108.99484892008196 80.019342861524052 32.011155055144521
108.82346068222662 80.54525963491713 32.409235086772128
108.7102431719766 80.960798698061524 32.930140521216849
108.78572667339039 81.401554385389488 33.435255647124634
108.86422408136254 81.803792570899759 33.963360396008824
108.93229665429561 82.163986791950535 34.528308706808758
109.1480076982909 82.526996813967997 35.051817248581095
109.45083993434919 82.872899012262664 35.542911697554693
109.79740056993477 83.250557001973121 35.973719584858408
110.15281095424928 83.65203517868008 36.381618467232023
110.56862581156821 84.097699933392192 36.668482373037335
111.0317005894379 84.539831841528439 36.872450558932222
111.54287651344826 84.927876362868687 37.06060850797877
112.06319468919304 85.296414468656309 37.292689133279559
112.65095365474473 85.491768924188463 37.552185037258418
113.28111402329785 85.52706315618542 37.810227700447108
113.8968702558075 85.456964537540557 38.066021399903022
114.49633923213079 85.331258930170918 38.320007655540891
115.06764404017531 85.206772995215033 38.572787383419154
