#spline3d 5 120 5 120
64.239495325110781 87.680290422519249 2.6138574441789126
64.115609181427871 87.944937970119824 3.1418450705887189
63.954418938198835 88.174442224018577 3.6778703250008089
63.76321170457765 88.367435629450668 4.2220914550956925
63.549274265080072 88.522550117227922 4.7746669330377838
63.319896613701374 88.638423141505598 5.3357524730162442
63.08239964905637 88.713758031057836 5.9054608551166838
62.84417482948534 88.747464379315332 6.4837268638509293
62.612698901307738 88.73881494974205 7.0700520966246474
62.395533583601456 88.68752511546171 7.6631687622769364
62.200363437961741 88.593726815229957 8.2607211144926413
62.035075829038306 88.457927703127552 8.859065100403944
61.907793249853761 88.281079976248051 9.4532615057254539
61.8267304537586 88.064803965803577 10.037288200329595
61.799775008681792 87.811697769264129 10.604446842906071
61.833808901166911 87.525533529491469 11.147890979884462
61.933889060792843 87.211209605713535 11.661151664829262
62.102367204850772 86.874417985674015 12.138616500255097
62.338271819202127 86.521003478011508 12.575856453533486
62.637124538359565 86.156228077861144 12.969758127844145
62.991311056228867 85.784162923889951 13.318472865477233
63.390978345051352 85.407404004962913 13.621239623440612
63.82526118833875 85.027169916491133 13.878170496577582
64.283577846785889 84.643715987425296 14.090078332383225
64.756713997807196 84.256903657074631 14.258415010002951
65.237536644239853 83.866770456096589 14.385299916289014
65.721301368888817 83.473960774962066 14.47357050851501
66.205466632554547 83.079863804882606 14.52673026023373
66.689345463322354 82.68651533851417 14.548811362965026
67.173442689794797 82.296187563849756 14.544078327887579
67.658739616192392 81.910813067611386 14.516714954568469
68.146080177182981 81.53142406943627 14.470623365425356
68.635808183046436 81.15780517190052 14.4093958892585
69.127723424219454 80.788500156192228 14.336437481315201
69.62133140714846 80.421213476950825 14.255181169403874
70.116275347118801 80.053535609525966 14.169344144138339
70.612768516749043 79.683802524621512 14.083185846285724
71.111831799230728 79.311842671964953 14.001751152534201
71.615175956215523 78.939352570225239 13.93108571100958
72.124732962646803 78.569802950523908 13.878369152323128
72.64192352191651 78.208021788961489 13.851928597207367
73.166815017978877 77.859462264239411 13.860926504373316
73.697415529566214 77.529426526693541 13.914730609267462
74.229283829555669 77.222406271656922 14.022040089346282
74.755575510653244 76.941665394120704 14.189934734099175
75.267534021426698 76.689100781524957 14.423047185927976
75.755351137092191 76.465350633591569 14.723022968689955
76.209269150125934 76.2700978284184 15.088374633180427
76.620765060130253 76.102481658074581 15.514697902849324
76.983681871483711 75.961516343881996 15.995176512297128
77.294996222928631 75.846384105003665 16.521300227121568
77.55535009489715 75.756564538762348 17.083560168140714
77.76910989798867 75.691804498112049 17.672174786458452
77.943932732846633 75.652007080524342 18.277741175444028
78.089933934980436 75.637174385664167 18.891770765190593
78.218580861446355 75.647472145474239 19.507099857371941
78.341460598309524 75.683333811543164 20.118186757111598
78.469080519532639 75.745393440418709 20.72130192593615
78.609897450054291 75.834053505029743 21.314604277910473
78.769752587258381 75.948674889156763 21.898069075345699
78.951750474745324 76.086567330487057 22.473241916414956
79.156512591647527 76.24206198758462 23.042778279521169
79.382684410905384 76.406048426071891 23.609793825124228
79.627430521317208 76.565834731389643 24.177070639860801
79.887011828693332 76.705756629660812 24.746131445905707
80.157279295370842 76.808350394258341 25.31634669483217
80.434098883817029 76.8559763071639 25.884215316779457
80.713726766672039 76.832681000919763 26.442946295914787
80.993137906009153 76.726069339620295 26.982452407974225
81.270256705956683 76.52894965103016 27.489807775345156
81.543998566007957 76.24037943609612 27.950183442077567
81.814099126757057 75.866023525019003 28.348090488095156
82.080705233706624 75.417571730794194 28.668835043175719
82.343839243556985 74.911291344195647 28.899863693268824
82.602820685829428 74.366184961199821 29.031995050792087
82.855712472558537 73.801738068740249 29.06041999930159
83.098930300685538 73.235641103994766 28.985360036574868
83.327132005594962 72.681857094552583 28.812374480335947
83.533454526137035 72.149306717604375 28.552269328137641
83.710061121358777 71.64135017956859 28.22056099787649
83.848870712428734 71.156039360621364 27.836517818185818
83.94235703876754 70.687124480700163 27.421770929596697
83.984305390689642 70.225550696348392 26.998715945233165
83.97047252685455 69.761209896610566 26.588909057051225
83.89908671725199 69.284651835387322 26.211722769648631
83.771093752345891 68.78844830575494 25.883522662620297
83.5903214169428 68.268311888002245 25.617200341977853
83.363291465701693 67.723732116511755 25.422347875533799
83.09881393609902 67.158284912924472 25.305784022113798
82.807418622883745 66.579678941613665 25.272192207809653
82.500743147287906 65.999509452453822 25.324609782546208
82.190994111697947 65.432752593245212 25.464540742971927
81.8904752626256 64.896946403813999 25.691641466383128
81.611109199839319 64.41102095940488 26.003072616879887
81.363879743058789 63.993842258165024 26.392749638792569
81.158106610748817 63.662528066839265 26.850776997864941
81.000760734330214 63.431003402404627 27.363601133715118
80.895644643009845 63.308571213078785 27.914553386932869
80.842905193718622 63.299011641218989 28.485292370357673
80.839043330777486 63.400250031919057 29.057752880834759
80.877484363905936 63.604595608406278 29.616262342048344
80.949576240214 63.899532451975851 30.149387756965474
81.045728483614255 64.268994603713367 30.651087803899969
81.156347346127973 64.694918763835091 31.12099426567514
81.272360194254361 65.158871620453951 31.563729524975617
81.385332242704521 65.643475437167965 31.987533229220833
81.487316041669629 66.133390161519571 32.402477731058831
81.570638197106561 66.615637783063335 32.818740877484856
81.627790501927706 67.079423081922258 33.245235881540836
81.651485597405809 67.515574468960125 33.68863300029674
81.63485895237875 67.915787848321017 34.152892289992252
81.571709926749662 68.271970694553488 34.639231298755917
81.456660606490018 68.57581157251964 35.146428857229687
81.28516913652237 68.818595588802793 35.67134979764284
81.053400650647347 68.991211758923427 36.209567515470646
80.758008317426132 69.084266374747628 36.755938125274376
80.395895295675572 69.088220630548719 37.305016368052357
79.964041306510239 68.993489511582098 37.851278118597513
79.459432521421263 68.790483827537003 38.389193662939107
78.879054514756149 68.469614780350696 38.913233763315532
