#spline3d 5 121 5 121
61.886512511393484 80.807581622725138 2.6313854689537863
61.569232348069768 80.972194246272338 3.149578216430347
61.303525401587194 81.052658544632337 3.7112939391986957
61.06422106772623 81.056226065802605 4.2922249020890222
60.820486374355625 80.988666423875671 4.8644790244579141
60.585466128334531 80.854743606080618 5.4271155974887799
60.413368657291606 80.741759889748081 6.0194779744943157
60.240930379095225 80.589019513530474 6.6023628202917948
60.002244089733956 80.351692395335846 7.1308579475543601
59.771752400521308 80.087754519631119 7.6499681161614728
59.585430322710828 79.811308558702549 8.1785041901039275
59.372610132459158 79.473248805811494 8.6636109047242549
59.240021840281891 79.109693322466754 9.1551800786291118
59.26899190451033 78.740863851005869 9.6700388585437889
59.398234718807103 78.326412176091111 10.124012958498255
59.570205411869551 77.871305570706085 10.518360943774789
59.775176983892024 77.431809178987606 10.913276545218981
60.037617460515889 77.024822851700307 11.311353409771757
60.380815819141858 76.64168543307494 11.670459621840964
60.768670168916664 76.248717227658474 11.967519880866465
61.20086671130008 75.887423068976403 12.240382619186839
61.672480983493038 75.568854349654003 12.499853665108263
62.166306037993763 75.2284582705324 12.681852264049597
62.6761762322474 74.889496261715578 12.819423362636385
63.223927330555277 74.606827011352564 12.922820116254226
63.792081803614927 74.363424372173284 13.023848894705496
64.341468502322769 74.073633236051364 13.101354246631169
64.901660365930141 73.796842384958069 13.126282646994399
65.498687577837742 73.604565468346223 13.107845419446731
66.08328263768243 73.388702337615882 13.056447423644988
66.659000770962734 73.148268740386968 13.015199571034922
67.238972334071633 72.914863466720973 12.996615929832519
67.806355146729516 72.653222231772418 12.9817087683076
68.367203384970551 72.373437454711365 12.957805706366722
68.927199903317884 72.114121625828432 12.86269094391915
69.462506359669703 71.825035516718643 12.71310373800493
70.014880007434954 71.545515553653118 12.618909835783557
70.586090033442161 71.286617579405615 12.597522866529465
71.166098184086025 71.053754368307906 12.627558835347202
71.759089729066289 70.85802726349867 12.641800230191658
72.348538001714701 70.648077789096845 12.637775680930799
72.91997713491638 70.393775539229466 12.676990910057777
73.468351779838244 70.104431811726627 12.749044100089005
73.997734754024421 69.773402787492628 12.82279019384714
74.527826324522678 69.460773897351515 12.939702878706484
75.05657427441848 69.232818224694157 13.190127916098202
75.585588580004256 69.025449179782058 13.456337634513801
76.124328020077684 68.823765538354053 13.696999829992581
76.645152313155819 68.625880085860075 13.9837830720226
77.125854367586371 68.436415258196178 14.348363885672812
77.574385807818416 68.365700032152589 14.774716927530882
77.986520813239338 68.375692696709393 15.251664170348251
78.358472451008623 68.315886777980651 15.751627780819231
78.673196538401186 68.212110951958749 16.282395495119172
78.950349325248169 68.17626142397863 16.848849129001195
79.140936882526731 68.222316206851474 17.443522258881966
79.199022337192346 68.318733238024777 18.061008641028057
79.288151217984847 68.428659809009645 18.670541124645858
79.398934427954472 68.500269254567996 19.284948259417337
79.428528282258995 68.506442289357935 19.908232773651328
79.399423649473434 68.487458819429676 20.534087903638461
79.430572500454801 68.503234942394798 21.16145715510844
79.498194714856453 68.462952478479323 21.781619456894209
79.522445299203071 68.28010959356304 22.382740817061343
79.47688525638749 68.091544177981007 22.97971878927012
79.364438264590234 67.94235484625122 23.575719207647484
79.24752289320304 67.776819178719506 24.168280744872817
79.137599737533435 67.530415175693378 24.739776045592446
79.05743501517361 67.136646917158387 25.228103592092388
78.984932683903907 66.615561607135959 25.585663000575536
78.858343153009628 66.042530288577964 25.813161997478371
78.713953647730804 65.446935777354142 25.952316273201841
78.649455938072052 64.826805066148339 26.006255526532225
78.621862817974289 64.199180727824881 25.994532699867037
78.555558064389828 63.57985871188572 25.9420413747665
78.455082553122537 62.968088610679551 25.845444299627896
78.29066455326948 62.373068887517114 25.747071775790776
78.053150435256839 61.797709201224755 25.671947016328083
77.793631146351785 61.231825066923498 25.606737368272366
77.570379396851763 60.65661268401292 25.506255152880314
77.390990365412293 60.075565017281264 25.354389872368799
77.221152011267193 59.507067059352138 25.153321091681992
77.04645270985165 58.926771693426659 25.000108331902315
76.856443971740774 58.335027656681774 24.924501355233215
76.654153894090499 57.747641061375241 24.868851502781656
76.45170506260061 57.149417816985419 24.863469684659865
76.216013723052669 56.574426153717447 25.036403321472221
75.991645585091064 56.126838043708304 25.428269032236415
75.921516025919033 55.800985298932979 25.96831664301704
75.988911101261962 55.447811296235884 26.500596742919971
76.161269858330513 55.243447019046151 27.062958091030183
76.409774923984969 55.256869850127003 27.655185023417076
76.74655503082208 55.37533705822247 28.183176492505602
77.208111557143653 55.53705660478802 28.574151370251645
77.713136518881839 55.805289879056161 28.833915547106855
78.187755307953694 56.148168976444573 29.062203873961828
78.70245981118704 56.444690117802267 29.282051268450818
79.110161784949113 56.792332321463391 29.5896343858374
79.381698606514533 57.25569000566405 29.930739807114961
79.708558739857992 57.710272185441127 30.209670365865808
79.98949225937163 58.222763596134911 30.429843030207053
80.189831752839737 58.784778584307624 30.637702659139592
80.296131776488281 59.367947819094852 30.839924773742183
80.307877969751416 59.961998198771134 31.036192319557117
80.286720752089494 60.560486457684441 31.230393947548706
80.246102500556461 61.120216857458708 31.5038081846733
80.125442513072699 61.634077509760431 31.842462076803123
79.947741718854857 62.137283492385826 32.176803883618184
79.78723258697238 62.580503697985947 32.590179584711635
79.573171163145105 62.922960577086201 33.071138413216701
79.260052842379793 63.220199483378181 33.529497695950347
78.940005389598113 63.562657931894428 33.940912877050522
78.59489337702945 63.944597154827051 34.299363661043529
78.237436062621157 64.293555594009533 34.681585323614293
77.869035634025607 64.509150509760772 35.138650893422081
77.518024750674869 64.682613386264933 35.629715597996537
77.186798830658859 64.891400658095122 36.116876517015363
76.824231357279629 65.079515808067327 36.589879668271209
76.452661722965587 65.193249308760699 37.081065948695866
76.107168639493651 65.228289895840788 37.613386091645033
75.821085210055116 65.174681036394986 38.210706310902594
