#fname degree numKnot L1 L2 L3 L4 MSE traceH AIC AIC0 GCV GCV2 cv_avr cv_stdev cv_error ts_avr ts_stdev ts_error sigma0 sigma_opt
00003767.nii_R_ICA_labeled_d5_cp120_lmd1d0.000_lmd2d0.000_lmd3d0.000_lmd4d0.000 5 120 0 0 0 0 3.13079412568338e-005 120 -231.146667706394 2114.95661431383 -0.0132301265582522 0.0106437860280606 0.207037435179111 0.153567153023087 0.783455990634531 0.289600092955824 5.20193203410894 5.20366736684461 1 5.05629333935332e-005 
00003767.nii_R_ICA_labeled_d5_cp121_lmd1d0.000_lmd2d0.000_lmd3d0.000_lmd4d0.000 5 121 0 0 0 0 3.69624824572671e-005 121 -195.831577648278 2120.95804491275 -0.0139832589977781 0.0116527158314839 0.205388383072313 0.149651466749144 0.784316578131108 0.0466460398155704 3.33352637202321 3.33529414746783 1 5.13127187453089e-005 
00003767.nii_R_ICA_labeled_d5_cp120_lmd1d0.000_lmd2d0.000_lmd3d0.000_lmd4d0.000 5 120 0 0 0 0.0001 3.24075710330579e-005 112.295090217332 -271.873946945778 2068.72743382416 -0.0171695159642027 0.0102360997625876 0.196250191269743 0.120267192472731 0.788273908457063 0.393031574281863 5.18432527286483 5.18977662401222 1 5.05629333935332e-005 
00003767.nii_R_ICA_labeled_d5_cp121_lmd1d0.000_lmd2d0.000_lmd3d0.000_lmd4d0.000 5 121 0 0 0 0.0001 3.77004745803821e-005 113.204848157157 -238.963780569934 2074.18732056771 -0.0179350711593486 0.0111122452964344 0.195168134512724 0.116870317777473 0.788832898416364 0.256533210151804 3.02530796880065 3.02700380661982 1 5.13127187453089e-005 
00003767.nii_R_ICA_labeled_d5_cp120_lmd1d0.000_lmd2d0.000_lmd3d0.000_lmd4d0.000 5 120 0 0 0 0.0002 3.39863408610443e-005 108.503880732296 -286.721567903864 2045.98057634271 -0.020340657386618 0.0102074330988445 0.193472442509683 0.117388831106037 0.790586740894555 0.384629886126505 4.08293238134252 4.08937211634129 1 5.05629333935332e-005 
00003767.nii_R_ICA_labeled_d5_cp121_lmd1d0.000_lmd2d0.000_lmd3d0.000_lmd4d0.000 5 121 0 0 0 0.0002 3.87177255508482e-005 109.366474330457 -256.978415278987 2051.157334972 -0.0209622955309666 0.0109602287600484 0.192790921750207 0.115313773304519 0.790955526721031 0.253992873838742 2.95909072770069 2.96073865846884 1 5.13127187453089e-005 
00003767.nii_R_ICA_labeled_d5_cp120_lmd1d0.000_lmd2d0.000_lmd3d0.000_lmd4d0.001 5 120 0 0 0 0.0005 3.84442761096702e-005 101.65651178225 -305.49976527546 2004.89749050005 -0.0301847463814797 0.0103650792147032 0.189240630921545 0.113440515265939 0.794198320003978 0.226213158635248 2.96899320057689 2.96984178266211 1 5.05629333935332e-005 
00003767.nii_R_ICA_labeled_d5_cp121_lmd1d0.000_lmd2d0.000_lmd3d0.000_lmd4d0.001 5 121 0 0 0 0.0005 4.17731920294096e-005 102.449875660968 -283.412872608497 2009.65851598808 -0.0300865773118346 0.0108614606681359 0.189041252077951 0.112877584007022 0.794315463231666 0.0884442184110597 2.7090832975498 2.70990622191494 1 5.13127187453089e-005 
00003767.nii_R_ICA_labeled_d5_cp120_lmd1d0.000_lmd2d0.000_lmd3d0.000_lmd4d0.001 5 120 0 0 0 0.001 4.37864696794021e-005 95.5911385016854 -315.161455870191 1968.50660239163 -0.0495696101985257 0.0106355831922229 0.186081661470061 0.111035415269007 0.796986392617213 0.236653785672769 2.98572365616392 2.98683389363645 1 5.05629333935332e-005 
00003767.nii_R_ICA_labeled_d5_cp121_lmd1d0.000_lmd2d0.000_lmd3d0.000_lmd4d0.001 5 121 0 0 0 0.001 4.57688893991105e-005 96.3316388928979 -300.421301742422 1972.9501062911 -0.0475515344344654 0.0109250745193094 0.186174769902854 0.110972554981733 0.796885436106342 0.151090284702217 2.99709650543963 2.99709935488445 1 5.13127187453089e-005 
00003767.nii_R_ICA_labeled_d5_cp120_lmd1d0.000_lmd2d0.000_lmd3d0.000_lmd4d0.002 5 120 0 0 0 0.002 5.05629333935332e-005 89.2490605469633 -319.306766623837 1930.45584910862 -0.121990952543614 0.0109863353560955 0.183093283989904 0.109289223026801 0.799705226211091 0.227368350558036 2.26276515319088 2.2639149887376 1 5.05629333935332e-005 
00003767.nii_R_ICA_labeled_d5_cp121_lmd1d0.000_lmd2d0.000_lmd3d0.000_lmd4d0.002 5 121 0 0 0 0.002 5.13127187453089e-005 89.9356068594185 -311.463358101658 1934.57531667905 -0.107831952831568 0.0111140896485069 0.183345675260353 0.109352826158318 0.799463901007305 0.225780893143966 2.25235264683618 2.25345753197809 1 5.13127187453089e-005 
00003767.nii_R_ICA_labeled_d5_cp120_lmd1d0.000_lmd2d0.000_lmd3d0.000_lmd4d0.005 5 120 0 0 0 0.005 6.17815825345351e-005 80.929992719003 -313.086807126292 1880.54428045909 0.194770583014234 0.0115569932167192 0.179164282104305 0.107861424330398 0.803404609330754 0.248092705265988 2.05813724324077 2.06023146183019 1 5.05629333935332e-005 
00003767.nii_R_ICA_labeled_d5_cp121_lmd1d0.000_lmd2d0.000_lmd3d0.000_lmd4d0.005 5 121 0 0 0 0.005 6.13362638899757e-005 81.5452986244765 -312.383602427628 1884.23600322632 0.236897102969093 0.0115565920363835 0.179488245710224 0.107908055558153 0.803089844149915 0.251082420763963 2.05557334013074 2.05780727153314 1 5.13127187453089e-005 
00003767.nii_R_ICA_labeled_d5_cp120_lmd1d0.000_lmd2d0.000_lmd3d0.000_lmd4d0.010 5 120 0 0 0 0.01 7.28802800478165e-005 74.8913914610003 -293.784246017486 1844.31548088155 0.0762505464491435 0.0121266439597524 0.176126541405859 0.107067098316568 0.806309091545966 0.247128523547957 1.78594095820695 1.78830414465471 1 5.05629333935332e-005 
00003767.nii_R_ICA_labeled_d5_cp121_lmd1d0.000_lmd2d0.000_lmd3d0.000_lmd4d0.010 5 121 0 0 0 0.01 7.17646145444352e-005 75.455795080513 -297.503104212977 1847.70162033525 0.080475168076234 0.0120717212367972 0.176459826998438 0.107104201753149 0.805983688231778 0.240837887034229 1.79498884732301 1.79702945285679 1 5.13127187453089e-005 
00003767.nii_R_ICA_labeled_d5_cp120_lmd1d0.000_lmd2d0.000_lmd3d0.000_lmd4d0.020 5 120 0 0 0 0.02 8.79406754502314e-005 69.1658230274411 -252.780477335838 1809.96588056023 0.0521410612429873 0.0129059258205497 0.173059517927613 0.106124531114361 0.80922490698317 0.196666816628131 1.70271688487564 1.70322117530547 1 5.05629333935332e-005 
00003767.nii_R_ICA_labeled_d5_cp121_lmd1d0.000_lmd2d0.000_lmd3d0.000_lmd4d0.020 5 121 0 0 0 0.02 8.61670682061955e-005 69.6829363622144 -261.128217684766 1813.06811184624 0.0534343501613192 0.0128111550483462 0.173385146835045 0.106182531566895 0.808909702985524 0.196301994731451 1.71998782207869 1.72047830094103 1 5.13127187453089e-005 
00003767.nii_R_ICA_labeled_d5_cp120_lmd1d0.000_lmd2d0.000_lmd3d0.000_lmd4d0.050 5 120 0 0 0 0.05 0.000118867786718956 62.1423594175185 -140.172342628348 1767.83292345984 0.0414338215914461 0.0144525026825564 0.169057676456677 0.104323402252387 0.812959262959146 0.180362254498275 1.4224212256468 1.42264335673203 1 5.05629333935332e-005 
00003767.nii_R_ICA_labeled_d5_cp121_lmd1d0.000_lmd2d0.000_lmd3d0.000_lmd4d0.050 5 121 0 0 0 0.05 0.000115950486881952 62.6028463615312 -156.760079442686 1770.59510704706 0.0417893961742855 0.0143085741320887 0.169344687476396 0.104445490134926 0.812690307246182 0.180683726986121 1.43682197444237 1.43704753921498 1 5.13127187453089e-005 
00003767.nii_R_ICA_labeled_d5_cp120_lmd1d0.000_lmd2d0.000_lmd3d0.000_lmd4d0.100 5 120 0 0 0 0.1 0.000155697415213997 57.2572795272069 14.8003155749057 1738.53176201398 0.0388646355383703 0.0161278175829599 0.166166533342189 0.102671980880667 0.815617056633326 0.176521726071766 1.27188561677399 1.27206393463291 1 5.05629333935332e-005 
00003767.nii_R_ICA_labeled_d5_cp121_lmd1d0.000_lmd2d0.000_lmd3d0.000_lmd4d0.100 5 121 0 0 0 0.1 0.00015160723177739 57.6793005391533 -10.4939390006161 1741.06285326925 0.0389579681061056 0.0159489541409766 0.166417122295808 0.102823198571287 0.815387516964695 0.176827051906673 1.27993510457401 1.28011741759335 1 5.13127187453089e-005 
00003767.nii_R_ICA_labeled_d5_cp120_lmd1d0.000_lmd2d0.000_lmd3d0.000_lmd4d0.200 5 120 0 0 0 0.2 0.000208096295598028 52.7361510886596 249.860009363726 1711.41824829944 0.0385019819427795 0.0182242698346264 0.163455424007652 0.101066983464105 0.818106843106342 0.172614209627518 1.17395084258453 1.1740796530191 1 5.05629333935332e-005 
00003767.nii_R_ICA_labeled_d5_cp121_lmd1d0.000_lmd2d0.000_lmd3d0.000_lmd4d0.200 5 121 0 0 0 0.2 0.000202616431962425 53.1229698558658 213.671563021095 1713.73777449717 0.0384625232311205 0.0180175180125245 0.163677279711995 0.101215089344412 0.817905002080509 0.172934406145175 1.17630248688487 1.17643581684417 1 5.13127187453089e-005 
00003767.nii_R_ICA_labeled_d5_cp120_lmd1d0.000_lmd2d0.000_lmd3d0.000_lmd4d0.500 5 120 0 0 0 0.5 0.000305777723305737 47.2935826888538 705.969778344518 1678.78755130181 0.0398138461160043 0.021506790380349 0.160070716652486 0.099317505731314 0.821252322235017 0.162213037953591 1.15211146997791 1.15213267401862 1 5.05629333935332e-005 
00003767.nii_R_ICA_labeled_d5_cp121_lmd1d0.000_lmd2d0.000_lmd3d0.000_lmd4d0.500 5 121 0 0 0 0.5 0.000298108957750854 47.638168169378 651.59356474024 1680.85312398727 0.039680572805572 0.0212710194477843 0.160274418043343 0.0994427386834644 0.821065274364816 0.164916185468423 1.16951088646592 1.16955105469712 1 5.13127187453089e-005 
00003767.nii_R_ICA_labeled_d5_cp120_lmd1d0.000_lmd2d0.000_lmd3d0.000_lmd4d1.000 5 120 0 0 0 1 0.000406126723693254 43.5553311899452 1185.6530898325 1656.38343060546 0.0416777347064154 0.0243434425642667 0.157684124548832 0.098070644999964 0.823472024428057 0.074931026996629 0.907668867998574 0.911213251824335 1 5.05629333935332e-005 
00003767.nii_R_ICA_labeled_d5_cp121_lmd1d0.000_lmd2d0.000_lmd3d0.000_lmd4d1.000 5 121 0 0 0 1 0.000396240422224207 43.87108723649 1112.83331395001 1658.27546565046 0.0414885892990136 0.024081627283064 0.157868254017175 0.0982081740042846 0.82330559955741 0.0801793751831332 0.95590167505386 0.958842829886643 1 5.13127187453089e-005 
00003767.nii_R_ICA_labeled_d5_cp120_lmd1d0.000_lmd2d0.000_lmd3d0.000_lmd4d2.000 5 120 0 0 0 2 0.000538460003880919 40.1193631426789 1827.18873599283 1635.80110264175 0.0442605164706543 0.0275778931998595 0.155421174875782 0.0968373662127452 0.825573344244142 0.0713662608624562 0.775294972733244 0.779816814109127 1 5.05629333935332e-005 
00003767.nii_R_ICA_labeled_d5_cp121_lmd1d0.000_lmd2d0.000_lmd3d0.000_lmd4d2.000 5 121 0 0 0 2 0.000525307942521789 40.4089106767049 1728.4343044125 1637.53506037438 0.0440048138592735 0.0272761108995723 0.155609225885307 0.096950270561596 0.825399845636161 0.0715045417631519 0.786058226899954 0.79050384719061 1 5.13127187453089e-005 
00003767.nii_R_ICA_labeled_d5_cp120_lmd1d0.000_lmd2d0.000_lmd3d0.000_lmd4d5.000 5 120 0 0 0 5 0.000788862784297614 36.0038156649302 3055.42717785891 1611.1711696787 0.0490103201688107 0.0327468219101308 0.15228134731157 0.0958747496608179 0.828579643267254 0.106375373511346 0.803600324272632 0.805083586453334 1 5.05629333935332e-005 
00003767.nii_R_ICA_labeled_d5_cp121_lmd1d0.000_lmd2d0.000_lmd3d0.000_lmd4d5.000 5 121 0 0 0 5 0.000768978684096568 36.2622662547372 2904.98556696221 1612.71684254019 0.0486488585093583 0.032370033131134 0.152486828548205 0.0959268702415133 0.828381576538841 0.106611310924844 0.815486553970568 0.816934162199181 1 5.13127187453089e-005 
00003767.nii_R_ICA_labeled_d5_cp120_lmd1d0.000_lmd2d0.000_lmd3d0.000_lmd4d10.000 5 120 0 0 0 10 0.0010590089641475 33.1859567694914 4390.24111570688 1594.33236328957 0.0536569177615978 0.037455440121215 0.149840758401762 0.0954725074209822 0.830957575377199 0.0859987995865675 0.623394647605768 0.627226346621453 1 5.05629333935332e-005 
00003767.nii_R_ICA_labeled_d5_cp121_lmd1d0.000_lmd2d0.000_lmd3d0.000_lmd4d10.000 5 121 0 0 0 10 0.00103216223995626 33.4231536435739 4185.59095521387 1595.74875231285 0.0532192340908014 0.0370175746961361 0.15004936087994 0.0955132845100373 0.830755041896562 0.104709380773738 0.834232585599999 0.835760517323247 1 5.13127187453089e-005 
00003767.nii_R_ICA_labeled_d5_cp120_lmd1d0.000_lmd2d0.000_lmd3d0.000_lmd4d20.000 5 120 0 0 0 20 0.00142040611603503 30.600430577228 6183.03838065471 1578.91063961542 0.0591514275991285 0.0428738857091976 0.147528572362037 0.0948549945813407 0.83318396429492 0.0295734535670458 0.591616168901251 0.604811974073563 1 5.05629333935332e-005 
00003767.nii_R_ICA_labeled_d5_cp121_lmd1d0.000_lmd2d0.000_lmd3d0.000_lmd4d20.000 5 121 0 0 0 20 0.0013847668847728 30.8180620049166 5908.49574944302 1580.20741145604 0.0586421479654024 0.0423740627339231 0.147718472926215 0.0949237098214443 0.833003126227794 0.0297019019557908 0.611307054735938 0.624060802613024 1 5.13127187453089e-005 
00003767.nii_R_ICA_labeled_d5_cp120_lmd1d0.000_lmd2d0.000_lmd3d0.000_lmd4d50.000 5 120 0 0 0 50 0.00208097178049261 27.5076873648072 9469.73147656408 1560.521303454 0.0676998927402949 0.0511825448771437 0.145070597586733 0.09349390209252 0.835472596841071 0.0268272543582835 0.441634687922574 0.45992030805557 1 5.05629333935332e-005 
00003767.nii_R_ICA_labeled_d5_cp121_lmd1d0.000_lmd2d0.000_lmd3d0.000_lmd4d50.000 5 121 0 0 0 50 0.00203047733307504 27.7017201124107 9073.50628759635 1561.67272484443 0.0671026089822502 0.0506013050773431 0.145203035170164 0.0935888078393351 0.835351618710898 0.0268441105776258 0.445992995871371 0.464102269224113 1 5.13127187453089e-005 
00003767.nii_R_ICA_labeled_d5_cp120_lmd1d0.000_lmd2d0.000_lmd3d0.000_lmd4d100.000 5 120 0 0 0 100 0.00274691699822091 25.3921127818917 12789.205068782 1547.99634009659 0.0749899233891103 0.0582580551267686 0.143899608018543 0.0923810087450646 0.836512607007937 0.0275882209629925 0.412806594922424 0.432087891720575 1 5.05629333935332e-005 
00003767.nii_R_ICA_labeled_d5_cp121_lmd1d0.000_lmd2d0.000_lmd3d0.000_lmd4d100.000 5 121 0 0 0 100 0.00268399735009554 25.5698396668112 12282.9290748272 1549.04678273513 0.0743502956510034 0.057631975299906 0.143976273618808 0.0924668255693934 0.836445892863521 0.0273831498195486 0.414751495496127 0.4340067452127 1 5.13127187453089e-005 
00003767.nii_R_ICA_labeled_d5_cp120_lmd1d0.000_lmd2d0.000_lmd3d0.000_lmd4d200.000 5 120 0 0 0 200 0.00356951632654138 23.4519620112631 16893.5759557466 1536.56355310289 0.082759817952858 0.0658493697199291 0.143370720255738 0.0914155382240052 0.836932256195073 0.0465148920402047 0.319832100003222 0.337801784823453 1 5.05629333935332e-005 
00003767.nii_R_ICA_labeled_d5_cp121_lmd1d0.000_lmd2d0.000_lmd3d0.000_lmd4d200.000 5 121 0 0 0 200 0.0034924135477791 23.6147246713681 16257.1360434909 1537.52062206049 0.082080555550893 0.0651805194223295 0.143392110836184 0.0914901943542976 0.836919151558064 0.0430220988218986 0.334038349233509 0.352378606837339 1 5.13127187453089e-005 
00003767.nii_R_ICA_labeled_d5_cp120_lmd1d0.000_lmd2d0.000_lmd3d0.000_lmd4d500.000 5 120 0 0 0 500 0.00504447811569227 21.1317745747197 24259.870091797 1523.01559381628 0.0947719023013355 0.0774974484879633 0.143663212785014 0.0901370784674351 0.836502788844724 0.0811466806341013 0.388313820120938 0.395316250905937 1 5.05629333935332e-005 
00003767.nii_R_ICA_labeled_d5_cp121_lmd1d0.000_lmd2d0.000_lmd3d0.000_lmd4d500.000 5 121 0 0 0 500 0.00492640787348383 21.2768676670771 23313.4917085828 1523.85628059915 0.0938717306049104 0.0766330857648202 0.143614280613752 0.0902222180416909 0.83656061406083 0.082269576291088 0.400804647971231 0.407389962926073 1 5.13127187453089e-005 
00003767.nii_R_ICA_labeled_d5_cp120_lmd1d0.000_lmd2d0.000_lmd3d0.000_lmd4d1000.000 5 120 0 0 0 1000 0.00683574228525405 19.5446527268438 33213.2338960287 1513.94605256392 0.107619995893126 0.0896003148640625 0.14448177916153 0.0890561739677181 0.835573098289351 0.0709814145739261 0.301641585053711 0.313184141913177 1 5.05629333935332e-005 
00003767.nii_R_ICA_labeled_d5_cp121_lmd1d0.000_lmd2d0.000_lmd3d0.000_lmd4d1000.000 5 121 0 0 0 1000 0.00664365788598113 19.6777858837322 31770.8867632679 1514.69625415224 0.106315626650236 0.0883828623376544 0.144398171663685 0.0891534762098817 0.835666604742894 0.0717565650262518 0.306055214509391 0.317232495409374 1 5.13127187453089e-005 
