#spline3d 5 120 5 120
120.73176234132737 86.482011338606441 3.1400838409432383
120.63207559516242 86.1147673321437 3.5549648034929557
120.49536335818985 85.749473852978753 3.959118677018084
120.32359059248243 85.386301728280444 4.3504683600209955
120.11872215624707 85.025421873570224 4.7269367483737055
119.88272425078706 84.667003872605363 5.0864467620453331
119.6175765578092 84.311200321836779 5.4269219393716313
119.32529680933168 83.958109852257323 5.7462976315321859
119.00796548302102 83.607738778674204 6.0425745347277857
118.66775062890321 83.259974361851434 6.3139345233151678
118.30694351100637 82.914575793993478 6.5589482344065013
117.92797987829631 82.571196530122123 6.7767791137420144
117.53345976911118 82.229406101162951 6.967442974058355
117.12612169918745 81.888730775077065 7.1319979905475304
116.70874712328494 81.548724835039096 7.2726153942467908
116.28398636295191 81.209084206923251 7.3925056383640673
115.85414660827391 80.86976682472617 7.4956851600194661
115.42099143267846 80.53106883565053 7.5865973128613149
114.98565716509815 80.193599772429309 7.6696711080575497
114.54861815121784 79.858212016820801 7.7489023148925975
114.10973928097658 79.525885667906437 7.8274793234146296
113.66840583431755 79.197636017834341 7.9076055184163412
113.22367485829852 78.874511370064468 7.9905596074643617
112.77441558364629 78.557707204964942 8.0769757144484355
112.31943380132714 78.248765216065763 8.1672597203841519
111.85762519663083 77.949695513710552 8.262013915798299
111.38819363814808 77.662954477960213 8.3624050162597356
110.9109898787485 77.391224364814917 8.4705152401095294
110.42690435301832 77.136970484414448 8.5895728285461921
109.93819188119468 76.901944783897434 8.7240066339716815
109.44858021027861 76.686806602661676 8.8792350319340301
108.96307848849813 76.490974834951786 9.061146297610458
108.48747750267421 76.312768551244631 9.2753510331590618
108.02773026370774 76.149722330973574 9.5264441046832378
107.58926379462785 75.998976897666438 9.8172586828536392
107.17636874430394 75.857724166636274 10.148443979105901
106.79185876490567 75.723477259856651 10.518417690179978
106.43705547145218 75.594111481701319 10.92368733468451
106.11206430626642 75.467708487157637 11.359417476257322
105.81624078324379 75.342292258724967 11.820100568887112
105.54867392393288 75.215597198463982 12.300137286183823
105.30857790587721 75.08486784919522 12.794286545295417
105.09554747974641 74.946814125716443 13.297934945853404
104.90958668693401 74.797730825292788 13.807135093911976
104.75097949567721 74.633732478789071 14.318479926283931
104.62007845555911 74.451022589587552 14.828882281453506
104.5170767813309 74.246169920137916 15.335333578257481
104.44187037770124 74.016286951359945 15.83472956588415
104.39394959742744 73.759245280264849 16.323753360983297
104.37240123146921 73.473760750931504 16.79885447536742
104.37596727478346 73.159394925163866 17.256315435858525
104.40316657986942 72.816488085830287 17.692423429346533
104.45244857022001 72.446097598543119 18.103728559739231
104.52233973012645 72.049960814518755 18.487363702119634
104.61150888561103 71.6304007189716 18.841260381082062
104.7187450146985 71.190219934391024 19.164326513100896
104.84279177832549 70.7324605465476 19.456457397585297
104.98203481021902 70.260069333747339 19.718387675931254
105.1341127439819 69.77557360795214 19.951516124896006
105.29558545615812 69.280888603420877 20.157818496451029
105.46174765528443 68.777322500727379 20.339933144897543
105.62670259424242 68.26578475832514 20.501319737008821
105.78354001705524 67.747073201464858 20.646474126055086
105.92469432511908 67.222244593855791 20.781104004493336
106.04250396467857 66.692979174492137 20.912097660894812
106.12987428661214 66.161859461818679 21.047255003749381
106.18092234110395 65.632505979724272 21.194788377959416
106.19146783408121 65.109552589334015 21.362635509071854
106.15913524981799 64.59841508280185 21.557684673876135
106.08317435626981 64.104974686999299 21.785023890238367
105.96407937526182 63.635205206276318 22.047146345679401
105.80295093714045 63.194797176025268 22.343490225308312
105.60092682133751 62.788900181291112 22.670363759958928
105.35885974355925 62.422005603892643 23.021324938559399
105.07735946863195 62.097955108409359 23.387946020132322
104.75716750869189 61.820049012192179 23.76085790061331
104.39965532520027 61.591194885179398 24.130787294656752
104.00742950999576 61.414034928790109 24.489604419365243
103.58478646640054 61.291048931858626 24.831199126357529
103.13785585996922 61.22453935713952 25.151973330843933
102.67437585342462 61.216464978247139 25.450935054444866
102.2031144401948 61.268114562938187 25.729382698820736
101.73308896570042 61.379658627874022 25.99037275669253
101.272877483051 61.549839850724339 26.238119865359703
100.83000916300362 61.775570773434751 26.477622393993201
100.41063644042956 62.051844210978416 26.714297788329706
100.01952574633076 62.371897711674528 26.953739655928711
99.66032971053508 62.727676390028748 27.201454777028125
99.336006203619888 63.110462295871002 27.462540768982475
99.049252657565702 63.511581376583024 27.741244012348886
98.802815143964466 63.922973494964914 28.040596102137492
98.599662477541045 64.337718634736603 28.361956886154879
98.442993821064718 64.750400162791237 28.70474649691166
98.336053402202467 65.157266539355504 29.066413736235013
98.281766677938947 65.556205626853441 29.442659475241729
98.282272181916056 65.946527009306749 29.827902150434028
98.338425709573215 66.328592373514766 30.215928071471819
98.449572076913157 66.703327829620306 30.600567386637056
98.613429854565595 67.071779729676081 30.976281358200058
98.826293016781364 67.43463684005583 31.338640227225596
99.083520193293111 67.791803173384537 31.684563692476065
99.380129685680487 68.142052466047843 32.012340557490447
99.711361902623025 68.482807635854144 32.32145334965692
100.07309141879703 68.810067038097372 32.61228789396263
100.46196614534662 69.118555641532353 32.88581529027455
100.8753415177875 69.401968590943852 33.143391593729518
101.31101918085038 69.653345444453322 33.386688754078683
101.76680561571911 69.865627190427944 33.617746583157427
102.24009743066146 70.032273205330341 33.839058359467145
102.72760571025287 70.147903899763691 34.05357271383145
103.2252620038182 70.208862567226163 34.264612745615779
103.72826678653676 70.21356226308923 34.475796309919346
104.23122655741689 70.162459386561906 34.690995341027957
104.72825817364749 70.057957069948941 34.914356594363383
105.21314414149364 69.903877596842776 35.150298885085718
105.67945363065562 69.704888254839375 35.403468542614753
106.12064875672864 69.466011472533054 35.678645753087388
106.5301585699565 69.192359833767014 35.98065461112752
106.90140930826117 68.889052297451045 36.314323005715472
107.22782740414944 68.561207417423262 36.68447856001108
