#spline3d 5 120 5 120
64.238828611896992 84.703823067786388 2.2562275933548261
64.76077893938313 84.472781857643497 2.5317087871504951
65.267712983942801 84.211961079799721 2.7432507390696448
65.761265723084819 83.924880006598613 2.8987619622860343
66.243071865921621 83.615057673251755 3.0061511727424168
66.714769114551146 83.286015681439579 3.0733244632772543
67.17802536173977 82.941298625669376 3.1081479656268618
67.634594665988317 82.584505601363333 3.1183203153523253
68.086377786969621 82.219304232407922 3.1111165285589277
68.535455525235236 81.849404430366377 3.0930209929713857
68.984058345781918 81.478469804600891 3.0693570354176427
69.43444268268874 81.109945002311719 3.0440609756087311
69.888662517735483 80.746785859313178 3.0197143703870495
70.348296962213738 80.391161093039173 2.9978708368557059
70.81424845506865 80.044257894577797 2.9796040279810354
71.286698378440988 79.706290934531111 2.9660963546441161
71.765227586747343 79.376721335522262 2.959075547307199
72.249035867749939 79.054601701715498 2.960989026515243
72.737164751547127 78.738925995747636 2.974933250923943
73.228630319883379 78.428868039342618 3.0044336801033507
73.722410292439861 78.123849980962973 3.0531719932273162
74.217291873442349 77.823468676864721 3.1247387539837996
74.711631848303753 77.527365422780392 3.2224609533246151
75.2031230250753 77.235134219575954 3.3493350218242077
75.688592034918415 76.946329160886378 3.5080328133272807
76.163952940618302 76.660633527647875 3.7009602122893774
76.624359410188646 76.378183385425558 3.9302791709705374
77.064558055709014 76.099955766541044 4.1978254751054633
77.479379914771414 75.828091760601794 4.5049198082092934
77.864260912198162 75.566010182407254 4.8521225433693385
78.215665439365679 75.318186542248611 5.2390089972036327
78.531354415929002 75.089611554480086 5.664014810069169
78.810479124632906 74.885046646966941 6.1244119368399161
79.053561564312005 74.708284212957778 6.6164210158332466
79.262400759267223 74.561620123719464 7.1354524566884496
79.439941337141946 74.445624262467874 7.6764249669704583
79.59005994010289 74.359229166186481 8.2341203093296027
79.717236734222823 74.300047499703908 8.8035191873959935
79.826097945452574 74.264843015439098 9.3800887026260593
79.92089888416811 74.250110264168711 9.960005749918615
80.005101240851772 74.252718539468106 10.540298214266404
80.081187158750481 74.27052562813607 11.118905127374074
80.150769783577005 74.302765236545596 11.694646041170483
80.214873416449805 74.350178469836052 12.267180364960067
80.274345044343875 74.414687796178285 12.83690810425272
80.330271128864197 74.498652037352059 13.404836800092173
80.384369548909191 74.603807388482636 13.972380114463295
80.439333999932572 74.730093956294183 14.541056915448436
80.499077426255056 74.874588382693872 15.112070763597272
80.568795013927371 75.030752657203266 15.685784089791827
80.654767696956554 75.188174471655586 16.261140527795984
80.763848897031224 75.332926275321896 16.835126935848059
80.902630147905541 75.448596309969915 17.402391464656063
81.076354637920033 75.517923096229069 17.955133736013362
81.287774390216597 75.524761688387699 18.483373259802121
81.536170070726627 75.456046838898231 18.975606866458872
81.816846785230183 75.303353599953738 19.419777923881462
82.121242643996112 75.063888011439488 19.804381413403679
82.437742828536884 74.740724523552743 20.11950160598883
82.753016153658365 74.342278078429047 20.357587135810558
83.053542762490878 73.881217377719111 20.513985185032737
83.326916817363156 73.372872828134021 20.587141007507295
83.562777613924766 72.83357064876148 20.57881272559808
83.753142568182795 72.278908594298301 20.494065195876175
83.892303918004444 71.722319291160659 20.341200261995393
83.976423653091402 71.174118340012669 20.131371013760333
84.003134378612117 70.641085061520144 19.877893255054992
83.971295646758719 70.126527029648059 19.595320275275615
83.88094297583585 69.630730077552812 19.298461315598129
83.73341887569201 69.151593335551581 19.001604659739588
83.531616924333505 68.685313677709559 18.718083635457017
83.280266057857048 68.227069796843793 18.460195235900848
82.986167021579462 67.771723911017574 18.239353101262108
82.65829271489028 67.314597727989494 18.066268826255122
82.307667245069965 66.852356453304466 17.95097888463556
81.946962843364545 66.383948993280967 17.902641369797664
81.58983861763933 65.911462666172554 17.929110649828036
81.250154224740626 65.440667731589187 18.036319577151321
80.94122957582465 64.981023416417671 18.227524627733953
80.675260303487491 64.545034118888807 18.50254415759952
80.462877437102676 64.14705015374355 18.857147216626743
80.312775394099958 63.801753498831452 19.282764298048907
80.231279794161736 63.522550439566096 19.766578411237642
80.221861848128896 63.320149906181001 20.292194527244551
80.284685351751762 63.201631814023962 20.840820323085627
80.416282457194868 63.17003592425101 21.392794985700515
80.609583134657228 63.224540691862266 21.92933798270014
80.854362089033501 63.36110695016086 22.434216374231287
81.137982669931148 63.573320883530961 22.89519589786762
81.446409026674203 63.853291445670202 23.305040957920145
81.765322432978792 64.192363804616036 23.661968373802555
82.081262197456624 64.581590694091602 23.969472194118968
82.382607264043983 65.012003311500223 24.235495601057384
82.660243284083947 65.474819807171144 24.47105944511123
82.907770428028144 65.961677218494358 24.688575159421561
83.121214721611182 66.464882372625539 24.900137747878279
83.298342584897625 66.977635050060741 25.116128161509849
83.437765386132924 67.494169315839727 25.344323300364824
83.538100028223894 68.009785915552186 25.58954209766863
83.597450882396231 68.520789159011002 25.853691526714066
83.613372332949609 69.0243294541729 26.136117676617509
83.58320846060515 69.518230639698373 26.433963613800145
83.504653074216364 70.000745112716501 26.7426937886706
83.376215337180696 70.470279836585377 27.0566737841676
83.197432006955296 70.925102223864997 27.369821851068338
82.968844913682389 71.363063573009185 27.676310951685061
82.691876150355085 71.781406333140936 27.971250829572075
82.368723356241517 72.176720574450414 28.25124944608498
82.002322619079067 72.545077347935347 28.514746581652439
81.596343221423396 72.882302093644199 28.762043058780751
81.155150191353371 73.18428629193464 28.995059663559587
80.683693270706684 73.447222785034569 29.21693187727622
80.18734879080445 73.667717446627293 29.431590251363652
79.671760212451048 73.8427952752631 29.643410253086934
79.142714048207495 73.969843657654351 29.856969658850616
78.606060452116409 74.046516576756659 30.076910988719135
78.067672888575146 74.070620612661813 30.307889003246817
77.53343069514095 74.04001503928103 30.554559370454378
77.009213649938374 73.952564400572129 30.821577670013777
76.500901494476452 73.806132768840058 31.11359949208175
