#spline3d 5 120 5 120
126.2653395740377 111.07227965606154 2.6110104076636707
126.59656318851282 110.95075468666518 3.1764903090439862
126.88179176959652 110.80605323887528 3.7670113644736127
127.16226547771227 110.64475857334743 4.3584019194386086
127.48915127832809 110.47099865393328 4.9201401736846471
127.85718134482926 110.30124192987695 5.4576030574011067
128.13345310278157 110.14377658083092 6.0525107901234723
128.4235723877965 110.03425517865766 6.6504121638021996
128.68934104695791 110.02607607668062 7.2712646640969689
128.9412114308019 109.93395672093428 7.8873834411903383
129.24564829169813 109.74581886299622 8.4634133252482684
129.55912766015476 109.51521265746095 9.0139770398541526
129.85569546374677 109.17110252173725 9.5086707845179532
130.15169400057093 108.77433434613557 9.9845468072952883
130.29798988486053 108.50982246139702 10.581999117115334
130.36618742888786 108.29451177448644 11.232901789510194
130.39226489522142 107.90672638988683 11.785169286344567
130.32699548655043 107.40330799352662 12.239616889749904
130.2069645783896 106.89686271216202 12.670086305020902
129.9939117515199 106.36797948542343 13.024065060944448
129.77600193087989 105.77846190808104 13.281341581476617
129.56346587146658 105.17753759247177 13.498295950649139
129.18739934058209 104.62347744563043 13.609534365898565
128.88949397276619 104.03684047804168 13.74535959404022
128.59617422156069 103.44776411050572 13.894314470616765
128.19915942580195 102.90917333774384 13.992296408511541
127.74785896059288 102.40480331156742 13.987843465939923
127.26681669980371 101.93646360379256 13.924514783484431
126.71109575514213 101.55380304946451 13.939574577410605
126.15564421937103 101.17320798821866 13.914544375731376
125.60908223329579 100.80886519462403 13.752622746676268
125.03598368041565 100.49784924099175 13.58748687015105
124.49044234255722 100.16071398005437 13.38679137137232
123.93493827812361 99.819246994383377 13.220128621931167
123.38670708630151 99.461445505960427 13.064917883342755
122.83266537681435 99.132104540235119 12.871422232568218
122.24242323008166 98.861400859916614 12.690844336963663
121.62118143217836 98.614917509812699 12.596653688402551
121.01525063011832 98.324279840682564 12.564041934147566
120.39882803164284 98.058571639487838 12.526558813092455
119.77380294004311 97.81279371093467 12.485669954433478
119.16752049012345 97.520859070447926 12.487614146800322
118.56369185404695 97.222288289242968 12.49537508303354
117.93941303546477 96.975777933886164 12.546246993652881
117.28685187035049 96.819515225950255 12.629351099480921
116.61450190980722 96.771265848802884 12.67619633306866
115.97190881031864 96.601313633865331 12.781258429937591
115.36654401484708 96.353499619261243 12.974604036224267
114.82226046395284 96.125195121577903 13.300281242791714
114.34013509341749 95.878201608787975 13.703588342289846
113.86527972723636 95.64717320344505 14.120528651531384
113.43774304896671 95.47302487208232 14.611356627041868
113.06724626088385 95.261401958119777 15.135087627170371
112.74712786616681 95.009014743983144 15.672245479211531
112.52714845149508 94.737250268195638 16.24632129676835
112.295293421034 94.415085582262336 16.795486193401992
112.18661378586565 94.08638549535199 17.372536056227528
112.19413605927134 93.799926269248047 17.987120784454042
112.19902569754392 93.550785423322665 18.610871205441676
112.20439057395693 93.323460430338869 19.243603577327093
112.21616136495693 93.136554002772783 19.8895396821299
112.22374630214991 92.928974106904235 20.531801379415917
112.16614694946487 92.791438816124057 21.186654583657493
112.06292554395098 92.68713722828889 21.843880848758609
111.96846829534543 92.576746596205595 22.505977381511791
111.96022835313559 92.353240297744307 23.139187939862314
112.03663557308312 92.059637007593224 23.745454612384872
112.14439332385945 91.793604731936085 24.349350900395269
112.24453660594527 91.498196958279763 24.955713494288766
112.32043339012944 91.065325334111279 25.464094260249983
112.39722601168165 90.539538176475006 25.88627473580188
112.52448384980731 90.05021051759104 26.330184467666086
112.59376358231914 89.478096377019952 26.687533888358409
112.64200392474241 88.841923014164095 26.912491219662577
112.67692145637692 88.186808491523138 27.065728196619855
112.65831933717347 87.52430164021952 27.207661246685671
112.72826057670959 86.855385653313746 27.16727486034452
112.77548240198277 86.185916065220368 27.091955295709354
112.76571940952495 85.514193176426261 27.046681127004263
112.74176473266644 84.849360309786377 26.953819525405581
112.6955561096924 84.201874000990514 26.762675182013606
112.7051515282366 83.565516483789054 26.524460609279078
112.87509968840814 83.016867510044193 26.15983715343992
112.99920535427184 82.437487409342992 25.843899817461299
113.0507042095753 81.776977788476216 25.690970625549649
113.16579705511913 81.131883052621689 25.530093619008106
113.13797201457807 80.471952119301065 25.354910025154854
112.97785461793499 79.812146618620346 25.40726899703326
112.7405734788818 79.185196045591127 25.511130318664424
112.42332606387437 78.619702754386282 25.702591808167416
112.02583033044669 78.195723850802182 26.081631217395195
111.55215711727766 78.054277605899955 26.555046582692349
111.0557298964624 78.019612219393736 27.018263735472939
110.55101427380687 78.088252097646773 27.451408833023859
110.00284012704572 78.222428206999751 27.830374471498359
109.5302240809893 78.391995075435631 28.27153230651912
109.08935220430007 78.637964595332335 28.721506718724729
108.67152393231106 78.946995382323081 29.16395880723503
108.49950574747736 79.351363119954058 29.687967509941704
108.49313721811103 79.854807236710471 30.154140916914134
108.56209962564299 80.383484170149657 30.556979762831347
108.67851228530944 80.953773960348556 30.914181979618636
108.94990380484819 81.498309574752767 31.199482775245755
109.32064148401531 82.006602225135708 31.447213822783464
109.64552844397529 82.549333000432824 31.684523999209617
110.0597579564847 83.036749779738258 31.895092457090595
110.58961563261916 83.425856408411931 32.069891058142098
111.10085815061306 83.784029320317444 32.318649329433974
111.63143090416651 84.084713459724696 32.60214074024924
112.17699939682758 84.370076374948496 32.878494935043541
112.7366688833058 84.599860007917357 33.171926272724818
113.3388942661052 84.671629643737305 33.488218928947177
113.94656796422258 84.617706953591323 33.776604936110736
114.55474985847752 84.411463310820054 33.989644896761149
115.12782482829894 84.171490111351403 34.260754206224036
115.6350965536945 83.814913025391803 34.526515796197458
116.07882317961644 83.35538449221103 34.752921092758804
116.47778334729973 82.879681112185992 35.012202385881999
116.8750842685609 82.433435219582918 35.314081176474744
117.3108284971886 82.070427157222412 35.678652016910746
