#fname degree numKnot L1 L2 L3 L4 MSE traceH AIC AIC0 GCV GCV2 cv_avr cv_stdev cv_error ts_avr ts_stdev ts_error sigma0 sigma_opt
00004055.nii_L_ICA_labeled_d5_cp120_lmd1d0.000_lmd2d0.000_lmd3d0.000_lmd4d0.000 5 120 0 0 0 0 1.91717035357445e-005 120.000000000001 -117.328225721778 1844.78467567004 -0.00572579666653033 0.0106336223806858 0.251178544360073 0.400414925791767 0.827452382247187 -0.156482157900741 5.26555205058583 5.2747700009405 1 4.22466545484344e-005 
00004055.nii_L_ICA_labeled_d5_cp121_lmd1d0.000_lmd2d0.000_lmd3d0.000_lmd4d0.000 5 121 0 0 0 0 1.96083116462729e-005 121.000000000001 -92.6898124159783 1850.7847647381 -0.00568137091332184 0.010883590062876 0.25323385889947 0.417280443505683 0.83396399731658 -0.199328372645421 5.15158495116696 5.16377132076006 1 4.87310019595608e-005 
00004055.nii_L_ICA_labeled_d5_cp120_lmd1d0.000_lmd2d0.000_lmd3d0.000_lmd4d0.000 5 120 0 0 0 0.0001 2.02946155829669e-005 111.22827310558 -164.536286551562 1792.15454337758 -0.00708649427878719 0.00990615094595898 0.20999248309971 0.123393238309444 0.775186792769638 -0.0711833147734941 3.81145722025166 3.81817574303604 1 4.22466545484344e-005 
00004055.nii_L_ICA_labeled_d5_cp121_lmd1d0.000_lmd2d0.000_lmd3d0.000_lmd4d0.000 5 121 0 0 0 0.0001 2.07279718312768e-005 112.01593973637 -141.907000154502 1796.88063156699 -0.00703359470006074 0.0100970846327308 0.210243508282212 0.122955533032929 0.774869394087565 0.0885757639360028 3.96326806108558 3.96382840079011 1 4.87310019595608e-005 
00004055.nii_L_ICA_labeled_d5_cp120_lmd1d0.000_lmd2d0.000_lmd3d0.000_lmd4d0.000 5 120 0 0 0 0.0002 2.15270293011427e-005 107.031666234343 -183.764867246617 1766.97515356255 -0.00808321019466447 0.00976095443228037 0.205530689727187 0.11746683919367 0.77867598266947 -0.0815743811679431 4.03683510067784 4.04377431063129 1 4.22466545484344e-005 
00004055.nii_L_ICA_labeled_d5_cp121_lmd1d0.000_lmd2d0.000_lmd3d0.000_lmd4d0.000 5 121 0 0 0 0.0002 2.19547408949372e-005 107.731272023314 -162.479448391278 1771.17287554955 -0.00801937645672093 0.00992908187807529 0.205740769078333 0.117069762795834 0.778408490316261 -0.0285836551950146 4.51282790632407 4.51656956482811 1 4.87310019595608e-005 
00004055.nii_L_ICA_labeled_d5_cp120_lmd1d0.000_lmd2d0.000_lmd3d0.000_lmd4d0.001 5 120 0 0 0 0.0005 2.44795176847902e-005 99.8080799584057 -212.849454106131 1723.63423821456 -0.0105772528577573 0.00968718412633559 0.200137799963555 0.110161191815002 0.782946302374083 -0.0395687173789555 3.04896015622454 3.05517624448357 1 4.22466545484344e-005 
00004055.nii_L_ICA_labeled_d5_cp121_lmd1d0.000_lmd2d0.000_lmd3d0.000_lmd4d0.001 5 121 0 0 0 0.0005 2.48476303984769e-005 100.407249409156 -194.313234709475 1727.22933001406 -0.0104594592055319 0.00981619759757067 0.20030011725265 0.109957821116717 0.782757005720984 -0.0302362861213051 3.02686410102778 3.03254043147943 1 4.87310019595608e-005 
00004055.nii_L_ICA_labeled_d5_cp120_lmd1d0.000_lmd2d0.000_lmd3d0.000_lmd4d0.001 5 120 0 0 0 0.001 2.75648347947201e-005 93.6417914558531 -234.948853001347 1686.63713660394 -0.0139231738496039 0.00970517168495676 0.196932890826806 0.105926175722259 0.785537185757474 -0.0199048714977173 2.5888192511471 2.59473600201579 1 4.22466545484344e-005 
00004055.nii_L_ICA_labeled_d5_cp121_lmd1d0.000_lmd2d0.000_lmd3d0.000_lmd4d0.001 5 121 0 0 0 0.001 2.78331073928915e-005 94.1899903639235 -219.11884552865 1689.92638477997 -0.01369791357381 0.00980097057707701 0.197091614408525 0.105850167567048 0.785369664347102 -0.0289148972163519 2.7010717345387 2.70734100469801 1 4.87310019595608e-005 
00004055.nii_L_ICA_labeled_d5_cp120_lmd1d0.000_lmd2d0.000_lmd3d0.000_lmd4d0.002 5 120 0 0 0 0.002 3.11690266333672e-005 87.3190212290717 -255.481607879755 1648.70125049838 -0.0196510342693858 0.00976094181474488 0.194309535352167 0.102831866613236 0.787726750715598 0.00965654174521534 2.33252199673556 2.33705979534372 1 4.22466545484344e-005 
00004055.nii_L_ICA_labeled_d5_cp121_lmd1d0.000_lmd2d0.000_lmd3d0.000_lmd4d0.002 5 121 0 0 0 0.002 3.12906030029752e-005 87.8368243984197 -242.76391145989 1651.80809431605 -0.019175369005373 0.00982355447235148 0.19448834257383 0.10283789637936 0.787550261286725 0.0098367558408609 2.36805495381714 2.37251374121246 1 4.87310019595608e-005 
00004055.nii_L_ICA_labeled_d5_cp120_lmd1d0.000_lmd2d0.000_lmd3d0.000_lmd4d0.005 5 120 0 0 0 0.005 3.68269491867099e-005 79.111914540349 -277.403358033486 1599.45976458225 -0.0371366642570011 0.00991270155240298 0.191009242829959 0.100395328746006 0.790685853606015 0.0114849251707644 2.15142762396559 2.15622389444006 1 4.22466545484344e-005 
00004055.nii_L_ICA_labeled_d5_cp121_lmd1d0.000_lmd2d0.000_lmd3d0.000_lmd4d0.005 5 121 0 0 0 0.005 3.6691889370585e-005 79.6055377270981 -269.540513827921 1602.42147615054 -0.0354918537029227 0.00993377131813622 0.191176451048386 0.100531795295499 0.790537341733258 0.0104735715782379 2.18804410694526 2.1928268145928 1 4.87310019595608e-005 
00004055.nii_L_ICA_labeled_d5_cp120_lmd1d0.000_lmd2d0.000_lmd3d0.000_lmd4d0.010 5 120 0 0 0 0.01 4.22466545484344e-005 73.1765755098938 -286.844801772795 1563.84883601941 -0.0853812524368131 0.0101353982000784 0.188535074078074 0.0991318650419171 0.792981120974788 0.00380178329676765 1.99973889269672 2.00546355063996 1 4.22466545484344e-005 
00004055.nii_L_ICA_labeled_d5_cp121_lmd1d0.000_lmd2d0.000_lmd3d0.000_lmd4d0.010 5 121 0 0 0 0.01 4.18821707496423e-005 73.6515404397585 -283.53669884578 1566.6985512439 -0.0778675776591392 0.0101283536200896 0.188700764816182 0.0993116962931898 0.792839236040988 0.00919688255678173 2.02854129160998 2.03379040877338 1 4.87310019595608e-005 
00004055.nii_L_ICA_labeled_d5_cp120_lmd1d0.000_lmd2d0.000_lmd3d0.000_lmd4d0.020 5 120 0 0 0 0.02 4.9365512227522e-005 67.5563528502119 -286.190706538603 1530.12895230829 1.07691900389133 0.0105048213663862 0.186057766013908 0.0979774328572323 0.795296008880701 -0.0426425663414568 1.63880761217261 1.65070930514794 1 4.22466545484344e-005 
00004055.nii_L_ICA_labeled_d5_cp121_lmd1d0.000_lmd2d0.000_lmd3d0.000_lmd4d0.020 5 121 0 0 0 0.02 4.87310019595608e-005 68.0087491418807 -288.722549039298 1532.8432006182 -54.2557940476333 0.0104718127889481 0.186241384145444 0.0981480065647385 0.795134826675882 -0.0351884828520765 1.65008035556485 1.66103032760791 1 4.87310019595608e-005 
00004055.nii_L_ICA_labeled_d5_cp120_lmd1d0.000_lmd2d0.000_lmd3d0.000_lmd4d0.050 5 120 0 0 0 0.05 6.28154597421559e-005 60.6717464953193 -262.551443610038 1488.82405796822 0.0735430605968659 0.0112805851962652 0.182879407769191 0.0962572893958603 0.798240999001276 -0.0940634156083162 1.61127670897798 1.630446686596 1 4.22466545484344e-005 
00004055.nii_L_ICA_labeled_d5_cp121_lmd1d0.000_lmd2d0.000_lmd3d0.000_lmd4d0.050 5 121 0 0 0 0.05 6.17342568897666e-005 61.0903068773695 -275.798368555781 1491.33519969514 0.0773238136390124 0.0112158345240874 0.183081682386767 0.0964034472103806 0.798057843116065 -0.0910815976209225 1.61896111265243 1.63759002392137 1 4.87310019595608e-005 
00004055.nii_L_ICA_labeled_d5_cp120_lmd1d0.000_lmd2d0.000_lmd3d0.000_lmd4d0.100 5 120 0 0 0 0.1 7.73809631354402e-005 55.8900965518828 -220.907663030405 1460.1371296703 0.0493952624888125 0.0121161079497309 0.180663995500941 0.0945995071423587 0.800242624514802 -0.100460209682851 1.54347585779881 1.56451004358603 1 4.22466545484344e-005 
00004055.nii_L_ICA_labeled_d5_cp121_lmd1d0.000_lmd2d0.000_lmd3d0.000_lmd4d0.100 5 121 0 0 0 0.1 7.58502265245464e-005 56.2816692874574 -245.557261676488 1462.48625381347 0.0505384133730107 0.0120274681971176 0.180862484842645 0.0947524110341788 0.800063621454107 -0.100425883014258 1.54349495881329 1.56452327832536 1 4.87310019595608e-005 
00004055.nii_L_ICA_labeled_d5_cp120_lmd1d0.000_lmd2d0.000_lmd3d0.000_lmd4d0.200 5 120 0 0 0 0.2 9.79118716625473e-005 51.469249385553 -148.293408622907 1433.61623497766 0.0407037118208605 0.0132339788498215 0.178639325167093 0.0924963284775102 0.802007852196146 -0.0546379934127138 1.23335304753322 1.25108010005974 1 4.22466545484344e-005 
00004055.nii_L_ICA_labeled_d5_cp121_lmd1d0.000_lmd2d0.000_lmd3d0.000_lmd4d0.200 5 121 0 0 0 0.2 9.57110207204805e-005 51.8335228226775 -189.103954730247 1435.80142662681 0.0411504409358424 0.0131157205561979 0.178823457375982 0.0926816826988963 0.801846352053256 -0.0612378359815642 1.25161216881992 1.27019225169685 1 4.87310019595608e-005 
00004055.nii_L_ICA_labeled_d5_cp120_lmd1d0.000_lmd2d0.000_lmd3d0.000_lmd4d0.500 5 120 0 0 0 0.5 0.000140698266661675 46.1519330643438 26.4089838914934 1401.72106547498 0.0369181787814774 0.0153297570914626 0.176178231991599 0.0890879706061217 0.804067806671563 -0.0197137579745749 1.25594886823211 1.26807352410621 1 4.22466545484344e-005 
00004055.nii_L_ICA_labeled_d5_cp121_lmd1d0.000_lmd2d0.000_lmd3d0.000_lmd4d0.500 5 121 0 0 0 0.5 0.000137032190344857 46.4809057883349 -48.2390436838184 1403.69415393936 0.0369910130806195 0.0151603162673832 0.17634633784319 0.0893117277193871 0.803925563480056 -0.0197935166158268 1.2854197659093 1.29727976525072 1 4.87310019595608e-005 
00004055.nii_L_ICA_labeled_d5_cp120_lmd1d0.000_lmd2d0.000_lmd3d0.000_lmd4d1.000 5 120 0 0 0 1 0.000191131737745154 42.5020415289544 248.042009277822 1379.83200469075 0.0368697257724379 0.0174634294851404 0.174263280849023 0.0864167333024943 0.805680104640851 -0.0244831674298403 1.08645450635256 1.10121647987037 1 4.22466545484344e-005 
00004055.nii_L_ICA_labeled_d5_cp121_lmd1d0.000_lmd2d0.000_lmd3d0.000_lmd4d1.000 5 121 0 0 0 1 0.00018587940652419 42.8056399051198 134.195862420107 1381.65252347217 0.0367977461426831 0.0172542451197378 0.174443496488799 0.0866368762762202 0.805524576266043 -0.0248403578716352 1.10158740087819 1.11620681293488 1 4.87310019595608e-005 
00004055.nii_L_ICA_labeled_d5_cp120_lmd1d0.000_lmd2d0.000_lmd3d0.000_lmd4d2.000 5 120 0 0 0 2 0.000262113184216637 39.1488695883271 570.677101835335 1359.72745326206 0.0381584312624504 0.0200346920383643 0.171984170099067 0.0839394592347343 0.807684894349474 -0.0264925616922798 0.967343621005412 0.984263308977499 1 4.22466545484344e-005 
00004055.nii_L_ICA_labeled_d5_cp121_lmd1d0.000_lmd2d0.000_lmd3d0.000_lmd4d2.000 5 121 0 0 0 2 0.000254889434005221 39.4286089844998 402.826682170793 1361.40441599406 0.0379973618242483 0.0197902711195246 0.172204863329189 0.0841476769504079 0.807487068163411 -0.026448791190906 0.978935694198174 0.995650424606795 1 4.87310019595608e-005 
00004055.nii_L_ICA_labeled_d5_cp120_lmd1d0.000_lmd2d0.000_lmd3d0.000_lmd4d5.000 5 120 0 0 0 5 0.000398281995679016 35.134523995861 1204.12090455697 1335.6691581448 0.0412918483128212 0.0241093019485777 0.167987819669411 0.0810563078623501 0.811366611697475 -0.0298532816814303 0.859512214195577 0.879212438479406 1 4.22466545484344e-005 
00004055.nii_L_ICA_labeled_d5_cp121_lmd1d0.000_lmd2d0.000_lmd3d0.000_lmd4d5.000 5 121 0 0 0 5 0.000387135356059142 35.3853622369598 932.181266945024 1337.17191367691 0.0410230334741818 0.0238048972696247 0.168290613339758 0.0812454184360374 0.811084254523975 -0.0296317444708736 0.865538155567653 0.885057970326659 1 4.87310019595608e-005 
00004055.nii_L_ICA_labeled_d5_cp120_lmd1d0.000_lmd2d0.000_lmd3d0.000_lmd4d10.000 5 120 0 0 0 10 0.000551725128108585 32.3873075602883 1928.58145937328 1319.21716193038 0.0448503137768414 0.027921718510189 0.164263401724734 0.0792362277033386 0.814893494178402 -0.032569714023905 0.862714525453076 0.88291703572588 1 4.22466545484344e-005 
00004055.nii_L_ICA_labeled_d5_cp121_lmd1d0.000_lmd2d0.000_lmd3d0.000_lmd4d10.000 5 121 0 0 0 10 0.000535407955666936 32.6182957211845 1536.28456040089 1320.59976219258 0.0444705575476048 0.0275428020082638 0.164605768976994 0.0794123231112196 0.814569898599681 -0.0322152296268973 0.848764881494689 0.869215134487995 1 4.87310019595608e-005 
00004055.nii_L_ICA_labeled_d5_cp120_lmd1d0.000_lmd2d0.000_lmd3d0.000_lmd4d20.000 5 120 0 0 0 20 0.000774914626264224 29.8675635937868 2991.19703417254 1304.144228789 0.049641087498621 0.0326119989688863 0.160536562979268 0.0774197093124704 0.818428921357474 -0.134743721109841 0.739381666599325 0.794207783899209 1 4.22466545484344e-005 
00004055.nii_L_ICA_labeled_d5_cp121_lmd1d0.000_lmd2d0.000_lmd3d0.000_lmd4d20.000 5 121 0 0 0 20 0.000750969937623234 30.0801553673615 2423.45137095871 1305.41489471396 0.0491420918620224 0.0321434364019844 0.160843267931793 0.0776310131752594 0.818143615150058 -0.116952295673123 0.665230062476994 0.718756203402001 1 4.87310019595608e-005 
00004055.nii_L_ICA_labeled_d5_cp120_lmd1d0.000_lmd2d0.000_lmd3d0.000_lmd4d50.000 5 120 0 0 0 50 0.00121416467274314 26.8542151692166 5094.16085679386 1286.15374525106 0.0575867220485592 0.0401271338764871 0.156686244458281 0.074576765953531 0.821999251563207 -0.131318327183553 0.559252541202762 0.628386339857072 1 4.22466545484344e-005 
00004055.nii_L_ICA_labeled_d5_cp121_lmd1d0.000_lmd2d0.000_lmd3d0.000_lmd4d50.000 5 121 0 0 0 50 0.00117844185529721 27.0443146525177 4194.73926522725 1287.28705469611 0.0569965796460413 0.039574890921686 0.156887597973577 0.0748085744478075 0.821819797286057 -0.131644007899127 0.565932587772209 0.634485956723452 1 4.87310019595608e-005 
00004055.nii_L_ICA_labeled_d5_cp120_lmd1d0.000_lmd2d0.000_lmd3d0.000_lmd4d100.000 5 120 0 0 0 100 0.00165543543432618 24.7928659563763 7212.594272906 1273.87566920938 0.0640338443414719 0.0463159947937718 0.154878896443357 0.0723072702528039 0.823596810904094 -0.130043545976683 0.501446647642461 0.576910562854708 1 4.22466545484344e-005 
00004055.nii_L_ICA_labeled_d5_cp121_lmd1d0.000_lmd2d0.000_lmd3d0.000_lmd4d100.000 5 121 0 0 0 100 0.00161257656621594 24.9673561378009 5999.67254945787 1274.91386708883 0.0634557608226443 0.0457570602362522 0.154997958136112 0.0725234258815667 0.823497217180231 -0.129938019903626 0.505589526484361 0.580463290304284 1 4.87310019595608e-005 
00004055.nii_L_ICA_labeled_d5_cp120_lmd1d0.000_lmd2d0.000_lmd3d0.000_lmd4d200.000 5 120 0 0 0 200 0.00216472596212702 22.9022280584054 9660.5047647509 1262.63573708923 0.070154460558352 0.0524105265740078 0.153836973422652 0.0703066885889497 0.824461705300823 -0.13327200643628 0.455932251082979 0.539540213315934 1 4.22466545484344e-005 
00004055.nii_L_ICA_labeled_d5_cp121_lmd1d0.000_lmd2d0.000_lmd3d0.000_lmd4d200.000 5 121 0 0 0 200 0.00211706882460213 23.0623629351819 8100.1716820385 1263.58682429383 0.0696251540005244 0.0518762699427283 0.153903667506651 0.070480535577999 0.824410098522443 -0.132894067439818 0.459186294226106 0.542091830552075 1 4.87310019595608e-005 
00004055.nii_L_ICA_labeled_d5_cp120_lmd1d0.000_lmd2d0.000_lmd3d0.000_lmd4d500.000 5 120 0 0 0 500 0.00293410191532135 20.6412162184216 13362.089541258 1249.22661874377 0.0777760654832935 0.0602651227168846 0.152996807705832 0.0682782274639419 0.825128485640984 -0.138462973389085 0.403034650249815 0.498686712008942 1 4.22466545484344e-005 
00004055.nii_L_ICA_labeled_d5_cp121_lmd1d0.000_lmd2d0.000_lmd3d0.000_lmd4d500.000 5 121 0 0 0 500 0.00287732975430758 20.784177590183 11269.1424382933 1250.0728054535 0.0772531456557453 0.0597258046478517 0.15304624714605 0.0684007746960533 0.825089366021672 -0.138171430960113 0.405892615893287 0.500828477790405 1 4.87310019595608e-005 
00004055.nii_L_ICA_labeled_d5_cp120_lmd1d0.000_lmd2d0.000_lmd3d0.000_lmd4d1000.000 5 120 0 0 0 1000 0.00367510349664956 19.0946995391813 16930.9475553924 1240.09868299092 0.0842922736253192 0.0668829767112906 0.152384041572524 0.0670682240738934 0.825639980369957 -0.141189928436006 0.365966735891304 0.470948333593037 1 4.22466545484344e-005 
00004055.nii_L_ICA_labeled_d5_cp121_lmd1d0.000_lmd2d0.000_lmd3d0.000_lmd4d1000.000 5 121 0 0 0 1000 0.00359963731054297 19.2259003684411 14283.5504558392 1240.87049286452 0.0836467408238492 0.0662397134490087 0.152440729765884 0.0671694077962952 0.825591705588784 -0.140997822761615 0.368904661392673 0.473114660509468 1 4.87310019595608e-005 
