#spline3d 5 121 5 121
124.86232156405562 114.72897022224112 2.5261136479415049
125.39152617922697 114.91952223357261 3.041125605021695
125.85016276566829 115.08783441870484 3.6020976981371611
126.24391236753122 115.21357636929224 4.2081029894323443
126.55505404540327 115.27675431616107 4.873077339436616
126.8979020828412 115.2717536846838 5.5249407365414358
127.29291728997677 115.13169506614385 6.1308503155696297
127.6706418883103 115.02177142171998 6.7502306771074814
127.98330042499508 114.9513801925997 7.411842358347978
128.2406026426539 114.8353546007415 8.0909663107912113
128.47089360351885 114.68255764963416 8.7702073845455981
128.69633385075826 114.46303505213383 9.4358356276232023
128.8625219303245 114.13802901316028 10.080881242106887
128.89400392567242 113.69743560510254 10.669569295328014
128.8855232489376 113.20374187532749 11.214670637589036
128.86905275914864 112.68450077133706 11.73792646490052
128.77800689325429 112.10387948444782 12.175687742086495
128.63050927311156 111.50390290794692 12.575992712599509
128.42775845018448 110.90632867391919 12.9717384647288
128.02480594704056 110.31339712495152 13.167506297966318
127.52812457545004 109.76433675554206 13.242017957855415
127.03963894017117 109.22393581105531 13.246785116326746
126.58163093472272 108.64948159497317 13.203533915146545
126.08143533242466 108.10349491311754 13.191657481722364
125.45118361354162 107.72145207813199 13.201137064338447
124.79936303138706 107.38558160498859 13.11823666364184
124.16517194949783 107.0557881285356 12.953601240548689
123.49623702681838 106.78133925174828 12.825463596960958
122.83135802759521 106.50122874123791 12.692035553870431
122.16016104054604 106.21504350031803 12.601181250545688
121.49723167300645 105.9429384487013 12.449934767234835
120.84487656736523 105.68239388330801 12.229370017031963
120.16966360984367 105.43266114668934 12.084170386371591
119.47647611112728 105.21010792872815 11.98782044857478
118.78463601194744 104.97873886542008 11.904408255886578
118.10246458833471 104.76505823119805 11.728967889295291
117.4006303615359 104.60797026730829 11.578921068141325
116.67580281115117 104.46046068927868 11.594307805813843
115.98976406536521 104.19417276939974 11.601695153672681
115.3164209095869 103.9154960034091 11.699459356716586
114.67521543314206 103.61453777521533 11.901801015122272
114.07158033714791 103.27445685434549 12.144563772823515
113.47864732554676 102.96045378761249 12.444240598776041
112.88896991247144 102.70001263930176 12.798807394927907
112.35631863964817 102.38931763707541 13.192455113830082
111.82557653744472 102.06877008745465 13.597206353534299
111.37497575447921 101.80507440389772 14.114416593880064
111.04760223674469 101.52168668234883 14.715298876762491
110.76077214791471 101.14821190821245 15.27600996676474
110.5188342010472 100.7365891620265 15.841893624568945
110.39227298242051 100.38325421573961 16.474109564561203
110.31775627192127 100.18618810802231 17.184968747213418
110.24889515193929 99.914717547047687 17.862093381230238
110.24495994276664 99.557604121004701 18.50667493278565
110.24536916296753 99.244148263828549 19.169901288454845
110.25696998586365 98.983161978048599 19.856462952886602
110.25462030841589 98.738529496717263 20.548574969819629
110.19202160923477 98.414412052108304 21.208326130328953
110.22843146182436 98.060367460801302 21.851587742762785
110.38104236625854 97.836201617119102 22.540053905463179
110.43324974811267 97.652233093452296 23.250101492511458
110.43421813479182 97.402349653762656 23.94235575874016
110.41957319381049 97.051663829116407 24.59143580054679
110.3485933962297 96.614948578295909 25.177631788886551
110.20973571158868 96.111992405970938 25.705571979519917
110.11531257520892 95.514265041933868 26.120674421344667
109.9986186106094 94.839757741990539 26.418161298556271
109.71409364684534 94.188495214831917 26.612916996136654
109.28821006438436 93.578239832889309 26.687869252384015
108.93205129974046 92.939626989827687 26.615588891400698
108.72546579700169 92.253550586932121 26.394985776203136
108.61009318532062 91.628531940502384 26.031895158234054
108.40661273458707 91.0705673547983 25.578882986049035
108.26612704552956 90.620836083280153 25.009861859915965
108.27522588572555 90.326810427090777 24.321329210665102
108.34513745593675 90.118794975912223 23.621014504960446
108.52018935533853 89.945918100968228 22.924185975712941
108.85262978711215 89.745607317400484 22.295273653636198
109.29705440095414 89.508184876406219 21.757340876171845
109.81205847566352 89.255360515199399 21.275666251866355
110.28235629751161 88.791043027193467 20.966604492545798
110.7281232683148 88.249457524321286 20.717044663868624
111.14422963935476 87.694119807402643 20.463855072818994
111.39934446070619 86.989738134236703 20.418130096712911
111.6050568115589 86.288307441457718 20.528006537873562
111.76701873631332 85.594476364408663 20.726883851422034
111.77119728500534 84.906700318178054 21.011899886950069
111.59182110897208 84.352003116724859 21.493186309232254
111.24538173919072 83.885406113968969 21.946581459294965
110.70570646381097 83.540616288044646 22.333414344782092
110.17466892533911 83.33214651651214 22.797169580563875
109.60632598103062 83.268703160713599 23.279202699612284
108.944749203897 83.38481272351558 23.596575931743743
108.43515839802841 83.541956244546242 24.090637673204014
107.92942149289455 83.69371560033079 24.627467931949745
107.57641814301854 84.050361432144726 25.161924262894356
107.30666116582293 84.502714505382286 25.685161583596855
106.93575810113286 84.966955436306606 26.123595922561378
106.75273526136536 85.407130295651797 26.686960060049199
106.69521244579687 85.802636270586646 27.316700693895442
106.62003975520066 86.065255761929564 27.995033562818595
106.49459262243072 86.292195527641127 28.684218572797331
106.40400613656274 86.470486357372963 29.389066999971885
106.40142766118974 86.709745039196051 30.090791843766741
106.54031476512395 87.013231415482053 30.748538289922042
106.81418675763624 87.233179545106452 31.399305628333735
107.13541826498275 87.383750333360155 32.042537520331798
107.53787576450969 87.524492268879797 32.639391017057712
108.01376286831116 87.700500145129212 33.186498438354214
108.61697338434092 87.753557803101685 33.60889160282143
109.25679813562759 87.546724782462405 33.9676338219098
109.70541660195967 87.19230101176619 34.42597984634979
110.10494948594621 86.814325796377034 34.924083774272681
110.63800972164772 86.393943104263442 35.221008846024233
111.17548611156361 85.9338604617557 35.432400223579855
111.61199066636235 85.394217794156518 35.669022789227327
112.03676460408552 84.871905205211377 35.96535182200148
112.47789818333186 84.340741898278225 36.216818781872291
112.82804335910626 83.723573412288403 36.412081908837372
113.03975329850508 83.035381084446726 36.635795138721633
113.05905138431172 82.27576497021164 36.952872901201545
