#fname degree numKnot L1 L2 L3 L4 MSE traceH AIC AIC0 GCV GCV2 cv_avr cv_stdev cv_error ts_avr ts_stdev ts_error sigma0 sigma_opt
00004108.nii_R_ICA_labeled_d5_cp120_lmd1d0.000_lmd2d0.000_lmd3d0.000_lmd4d0.000 5 120 0 0 0 0 2.79659667717099e-005 120 -209.370937090691 2048.79185881195 -0.0107098897426678 0.0105328667717178 0.214681211754318 0.216739743352452 0.790892013359127 -0.167642603972733 3.65997595957507 3.67418920103106 1 4.7046439822417e-005 
00004108.nii_R_ICA_labeled_d5_cp121_lmd1d0.000_lmd2d0.000_lmd3d0.000_lmd4d0.000 5 121 0 0 0 0 2.68479751837306e-005 120.999999999998 -211.286919066607 2054.79158937597 -0.0102355923434469 0.0104061855491655 0.217085692591567 0.224075603760235 0.790627569292196 -0.100846070263991 3.89431808219825 3.90272785924363 1 4.60473866267217e-005 
00004108.nii_R_ICA_labeled_d5_cp120_lmd1d0.000_lmd2d0.000_lmd3d0.000_lmd4d0.000 5 120 0 0 0 0.0001 2.9079190904364e-005 112.055283804184 -251.336634515588 2001.12382992407 -0.0136561118265941 0.0100787030853613 0.195274593746156 0.117482891130478 0.788818615380484 -0.206051974156012 3.21470631146387 3.23494302042234 1 4.7046439822417e-005 
00004108.nii_R_ICA_labeled_d5_cp121_lmd1d0.000_lmd2d0.000_lmd3d0.000_lmd4d0.000 5 121 0 0 0 0.0001 2.80420282009065e-005 112.970160876578 -253.216592046991 2006.61284240222 -0.0130344455473914 0.00996805793941173 0.196139444172678 0.11800448661349 0.78804135824364 -0.198280073823207 3.06444597376721 3.08476800056476 1 4.60473866267217e-005 
00004108.nii_R_ICA_labeled_d5_cp120_lmd1d0.000_lmd2d0.000_lmd3d0.000_lmd4d0.000 5 120 0 0 0 0.0002 3.01428002807214e-005 108.191199492561 -269.072697088241 1977.93958038419 -0.0158321442564491 0.00996281317257819 0.192484545503897 0.115185656274507 0.791239969814032 -0.217726397448003 3.42414778933517 3.44439826500544 1 4.7046439822417e-005 
00004108.nii_R_ICA_labeled_d5_cp121_lmd1d0.000_lmd2d0.000_lmd3d0.000_lmd4d0.000 5 121 0 0 0 0.0002 2.91925746814495e-005 109.065927271589 -270.62033377126 1983.18771805399 -0.0151062668630033 0.00986952549986425 0.192987068000252 0.115839311403011 0.790838284864988 -0.239761855532025 3.04511868142565 3.07062874604056 1 4.60473866267217e-005 
00004108.nii_R_ICA_labeled_d5_cp120_lmd1d0.000_lmd2d0.000_lmd3d0.000_lmd4d0.001 5 120 0 0 0 0.0005 3.28656708298654e-005 101.292619572431 -296.5160052953 1936.54875707521 -0.0219730604061941 0.00988937723675814 0.189000829711156 0.112212971270774 0.794261306640583 -0.0880865537151226 4.32661746194287 4.33345338589201 1 4.7046439822417e-005 
00004108.nii_R_ICA_labeled_d5_cp121_lmd1d0.000_lmd2d0.000_lmd3d0.000_lmd4d0.001 5 121 0 0 0 0.0005 3.20511240555848e-005 102.101741740632 -297.444545815069 1941.40329377865 -0.0208925160067636 0.00982294868470006 0.189145382155617 0.112989022421333 0.794228235938179 -0.318732363510287 2.94267552701996 2.98059944223463 1 4.60473866267217e-005 
00004108.nii_R_ICA_labeled_d5_cp120_lmd1d0.000_lmd2d0.000_lmd3d0.000_lmd4d0.001 5 120 0 0 0 0.001 3.59486712322766e-005 95.2125702083306 -317.203329688929 1900.06920389371 -0.0323710324590391 0.00991147715275222 0.186829899722559 0.110349194538495 0.796150055728508 -0.168374910820601 2.63697066278218 2.65675176606307 1 4.7046439822417e-005 
00004108.nii_R_ICA_labeled_d5_cp121_lmd1d0.000_lmd2d0.000_lmd3d0.000_lmd4d0.001 5 121 0 0 0 0.001 3.51803357788163e-005 95.964099786902 -317.892920322246 1904.57819619629 -0.0304835473275466 0.00985579173680398 0.186871968993945 0.111094625161828 0.796212059483017 -0.287788543700401 2.552999790657 2.59115172155627 1 4.60473866267217e-005 
00004108.nii_R_ICA_labeled_d5_cp120_lmd1d0.000_lmd2d0.000_lmd3d0.000_lmd4d0.002 5 120 0 0 0 0.002 3.99316015302653e-005 88.8606453527 -334.911927920615 1861.95861464613 -0.0595308382477017 0.0100099944624337 0.184850985176412 0.10887489919018 0.797907412095889 -0.216150703184265 2.16900329375829 2.20056669682036 1 4.7046439822417e-005 
00004108.nii_R_ICA_labeled_d5_cp121_lmd1d0.000_lmd2d0.000_lmd3d0.000_lmd4d0.002 5 121 0 0 0 0.002 3.91197813945965e-005 89.5527095924757 -335.743231607993 1866.11080443613 -0.0544994924582872 0.00995299405264816 0.18491094191668 0.109478040233521 0.797930544936017 -0.238440489467937 2.26389689609842 2.29786861565093 1 4.60473866267217e-005 
00004108.nii_R_ICA_labeled_d5_cp120_lmd1d0.000_lmd2d0.000_lmd3d0.000_lmd4d0.005 5 120 0 0 0 0.005 4.7046439822417e-005 80.5374762705569 -348.404485787195 1812.0213148293 -2.69913626849522 0.010301650373134 0.182241961035457 0.107216136302106 0.800268191931146 -0.237459485496961 1.97765106696998 2.01625974333774 1 4.7046439822417e-005 
00004108.nii_R_ICA_labeled_d5_cp121_lmd1d0.000_lmd2d0.000_lmd3d0.000_lmd4d0.005 5 121 0 0 0 0.005 4.60473866267217e-005 81.154559850633 -349.874852865964 1815.72357553793 -0.663797048842701 0.0102310282627791 0.182367216962387 0.10763517751012 0.80020032301505 -0.241693396580969 1.98812697823451 2.0273607433739 1 4.60473866267217e-005 
00004108.nii_R_ICA_labeled_d5_cp120_lmd1d0.000_lmd2d0.000_lmd3d0.000_lmd4d0.010 5 120 0 0 0 0.01 5.4628153034319e-005 74.5061068999366 -345.75463284 1775.83492579846 0.101892484586107 0.0106986010445644 0.17988647086323 0.106325720884722 0.802484047140166 -0.225707385121397 1.92731905230527 1.96460346149773 1 4.7046439822417e-005 
00004108.nii_R_ICA_labeled_d5_cp121_lmd1d0.000_lmd2d0.000_lmd3d0.000_lmd4d0.010 5 121 0 0 0 0.01 5.33681850007211e-005 75.071096750689 -348.06048401902 1779.22456125068 0.111523562737828 0.0106105089620949 0.180064947713165 0.106649128346381 0.802350067761071 -0.227879979261674 1.93032660231003 1.96797580217946 1 4.60473866267217e-005 
00004108.nii_R_ICA_labeled_d5_cp120_lmd1d0.000_lmd2d0.000_lmd3d0.000_lmd4d0.020 5 120 0 0 0 0.02 6.57427122437336e-005 68.7952398199223 -323.084416198476 1741.57240192714 0.0564528070947453 0.0113473826160067 0.1770324278274 0.105667564753854 0.805226384232711 -0.153307139930425 1.9376237512279 1.96203381925207 1 4.7046439822417e-005 
00004108.nii_R_ICA_labeled_d5_cp121_lmd1d0.000_lmd2d0.000_lmd3d0.000_lmd4d0.020 5 121 0 0 0 0.02 6.40252564767839e-005 69.3124119921658 -326.836262709114 1744.67502105376 0.0583248389876326 0.0112319149597962 0.177261001532328 0.105927226893724 0.805033913187208 -0.169888755571189 1.92440564154586 1.95167486773108 1 4.60473866267217e-005 
00004108.nii_R_ICA_labeled_d5_cp120_lmd1d0.000_lmd2d0.000_lmd3d0.000_lmd4d0.050 5 120 0 0 0 0.05 9.02622174770627e-005 61.7984361402129 -239.461669047321 1699.59748904965 0.0411773700882586 0.0127769809285732 0.172906223204289 0.104622445117886 0.809181296483154 0.0629043331511293 2.02272363793543 2.02482929390641 1 4.7046439822417e-005 
00004108.nii_R_ICA_labeled_d5_cp121_lmd1d0.000_lmd2d0.000_lmd3d0.000_lmd4d0.050 5 121 0 0 0 0.05 8.75497862744911e-005 62.2586708626368 -246.037462080742 1702.35824368827 0.0415865733660145 0.0126159397023261 0.173170028759026 0.104816097024446 0.808944774913662 0.0710381370879291 1.90080962056948 1.90267294114863 1 4.60473866267217e-005 
00004108.nii_R_ICA_labeled_d5_cp120_lmd1d0.000_lmd2d0.000_lmd3d0.000_lmd4d0.100 5 120 0 0 0 0.1 0.00011899644463129 56.9363125993805 -121.440514849684 1670.4316727534 0.0374543462300014 0.0142828842727607 0.170018893229699 0.103467989818306 0.811896545893933 0.137172763915876 1.37368887416063 1.37380746012166 1 4.7046439822417e-005 
00004108.nii_R_ICA_labeled_d5_cp121_lmd1d0.000_lmd2d0.000_lmd3d0.000_lmd4d0.100 5 121 0 0 0 0.1 0.000115374108730354 57.3578300603104 -129.817267264451 1672.95990453602 0.0375564845913803 0.0140960946214485 0.170276135218176 0.103625457452792 0.811661491031729 0.163980665812596 1.63720875561045 1.63723217793757 1 4.60473866267217e-005 
00004108.nii_R_ICA_labeled_d5_cp120_lmd1d0.000_lmd2d0.000_lmd3d0.000_lmd4d0.200 5 120 0 0 0 0.2 0.000157380454046597 52.4387061583612 48.199697557036 1643.45528465355 0.0361285576405155 0.0160339265586165 0.167391390589955 0.102197900243668 0.814342325807022 0.165209446837591 1.21576685347481 1.21580786689691 1 4.7046439822417e-005 
00004108.nii_R_ICA_labeled_d5_cp121_lmd1d0.000_lmd2d0.000_lmd3d0.000_lmd4d0.200 5 121 0 0 0 0.2 0.000152773109691896 52.8248824672658 38.7216544422201 1645.77123213699 0.0360955042623446 0.0158299049072839 0.167637759475319 0.102330910990213 0.814114613534116 0.165362653635816 1.22731461789821 1.22735650156462 1 4.60473866267217e-005 
00004108.nii_R_ICA_labeled_d5_cp120_lmd1d0.000_lmd2d0.000_lmd3d0.000_lmd4d0.500 5 120 0 0 0 0.5 0.00022756318888839 47.0262346117865 375.242807588541 1610.9973694132 0.0363839619698418 0.0187423935002522 0.163963889594222 0.100715510203908 0.817558902261066 0.160517278724891 0.955791535115098 0.955806197388871 1 4.7046439822417e-005 
00004108.nii_R_ICA_labeled_d5_cp121_lmd1d0.000_lmd2d0.000_lmd3d0.000_lmd4d0.500 5 121 0 0 0 0.5 0.000220985337860463 47.3703313633021 362.999341867002 1613.06036466019 0.036228534063535 0.0185023490684421 0.164208492156962 0.10082417481149 0.817329560921731 0.160876260228093 0.967576397468878 0.967592911922736 1 4.60473866267217e-005 
00004108.nii_R_ICA_labeled_d5_cp120_lmd1d0.000_lmd2d0.000_lmd3d0.000_lmd4d1.000 5 120 0 0 0 1 0.000305302559093505 43.3093689312112 751.169158249203 1588.71491051797 0.0379121217581206 0.0213008128730161 0.16135184848409 0.0998302062998275 0.820042865001368 0.15684171993348 0.831944086240118 0.831945660829423 1 4.7046439822417e-005 
00004108.nii_R_ICA_labeled_d5_cp121_lmd1d0.000_lmd2d0.000_lmd3d0.000_lmd4d1.000 5 121 0 0 0 1 0.000296247931863999 43.6247736973067 734.430764058813 1590.60515694938 0.0376665728771823 0.0210160970449177 0.161583144772626 0.0999232841198675 0.819824628976445 0.157117760470141 0.841076362555105 0.8410784965756 1 4.60473866267217e-005 
00004108.nii_R_ICA_labeled_d5_cp120_lmd1d0.000_lmd2d0.000_lmd3d0.000_lmd4d2.000 5 120 0 0 0 2 0.000415903121072114 39.8934942715676 1297.23613131075 1568.24631729554 0.0405118857314787 0.0244392015037374 0.158980208959056 0.0990901245874978 0.822307405764726 0.154651448133841 0.740930273619786 0.740930494140799 1 4.7046439822417e-005 
00004108.nii_R_ICA_labeled_d5_cp121_lmd1d0.000_lmd2d0.000_lmd3d0.000_lmd4d2.000 5 121 0 0 0 2 0.000403584245994928 40.1826357645198 1275.54818230146 1569.97819740436 0.0401947929053365 0.0241092045988243 0.159175163336979 0.0991701007238425 0.822123515780326 0.154788722556783 0.747600168742919 0.747600294933627 1 4.60473866267217e-005 
00004108.nii_R_ICA_labeled_d5_cp120_lmd1d0.000_lmd2d0.000_lmd3d0.000_lmd4d5.000 5 120 0 0 0 5 0.000625399232680781 35.8024961454271 2345.85451138319 1543.7508171016 0.0451142352499843 0.0293713319173388 0.15645697238928 0.0982512017231469 0.824711946815972 0.152401012087619 0.652633252481083 0.652639354009859 1 4.7046439822417e-005 
00004108.nii_R_ICA_labeled_d5_cp121_lmd1d0.000_lmd2d0.000_lmd3d0.000_lmd4d5.000 5 121 0 0 0 5 0.000608243646578872 36.0602823032782 2321.94793370273 1545.29339955245 0.0447502150309558 0.0290021169532885 0.156606923971582 0.0983181250657048 0.824571040313713 0.152620098996887 0.65681760921986 0.656822767095808 1 4.60473866267217e-005 
00004108.nii_R_ICA_labeled_d5_cp120_lmd1d0.000_lmd2d0.000_lmd3d0.000_lmd4d10.000 5 120 0 0 0 10 0.000838090267212907 33.0016531111143 3418.5801278835 1526.99701743504 0.0491348081590069 0.0335430506397943 0.154794703278528 0.0976641439408952 0.826292808051096 0.148282744453988 0.591858331142657 0.591899022320887 1 4.7046439822417e-005 
00004108.nii_R_ICA_labeled_d5_cp121_lmd1d0.000_lmd2d0.000_lmd3d0.000_lmd4d10.000 5 121 0 0 0 10 0.000816724036547923 33.2380062352332 3396.14621035805 1528.40998691816 0.0487478693913214 0.0331503873165438 0.154939332735125 0.0977255574257775 0.82615645488917 0.148739789960738 0.596432140671983 0.59646737688285 1 4.60473866267217e-005 
00004108.nii_R_ICA_labeled_d5_cp120_lmd1d0.000_lmd2d0.000_lmd3d0.000_lmd4d20.000 5 120 0 0 0 20 0.00111215201934343 30.4317728214622 4807.06903798256 1511.64378457939 0.0536863326736388 0.0381686042733638 0.153119442303879 0.0970662178514388 0.827886032388657 0.143341197651534 0.513729507055516 0.513866895149966 1 4.7046439822417e-005 
00004108.nii_R_ICA_labeled_d5_cp121_lmd1d0.000_lmd2d0.000_lmd3d0.000_lmd4d20.000 5 121 0 0 0 20 0.00108465226447822 30.6484739708353 4782.87541366053 1512.93736403471 0.0532496780863481 0.0377325919630124 0.153266531431961 0.0971283412708125 0.827747245224862 0.143721548708412 0.519972003009876 0.520099191988701 1 4.60473866267217e-005 
00004108.nii_R_ICA_labeled_d5_cp120_lmd1d0.000_lmd2d0.000_lmd3d0.000_lmd4d50.000 5 120 0 0 0 50 0.00162894187869749 27.3575472188065 7435.93040033588 1493.32297731956 0.0612027832145946 0.0455283888241652 0.151108315040592 0.0961095120262243 0.82977196637878 0.138517535026166 0.426848038587875 0.427174816460738 1 4.7046439822417e-005 
00004108.nii_R_ICA_labeled_d5_cp121_lmd1d0.000_lmd2d0.000_lmd3d0.000_lmd4d50.000 5 121 0 0 0 50 0.00158715955028533 27.5507801834348 7394.28119513118 1494.47230556618 0.0606339257392744 0.0449813788605627 0.151221675888231 0.0961882806216878 0.829668497024716 0.138900423421157 0.430153860852076 0.430463440550367 1 4.60473866267217e-005 
00004108.nii_R_ICA_labeled_d5_cp120_lmd1d0.000_lmd2d0.000_lmd3d0.000_lmd4d100.000 5 120 0 0 0 100 0.0022113409614817 25.2543665823718 10406.7077112455 1480.8442516799 0.0685863764097726 0.0525294535884779 0.150168452449196 0.0951366999033663 0.830593521681931 0.133887517932419 0.402128109349104 0.402693708947518 1 4.7046439822417e-005 
00004108.nii_R_ICA_labeled_d5_cp121_lmd1d0.000_lmd2d0.000_lmd3d0.000_lmd4d100.000 5 121 0 0 0 100 0.00215189376439169 25.4315616193249 10337.2373250581 1481.89309512712 0.067876562768803 0.0518611664377833 0.150223214813242 0.0952364201847949 0.830550548435806 0.134355574150357 0.403717747293672 0.404256691909537 1 4.60473866267217e-005 
00004108.nii_R_ICA_labeled_d5_cp120_lmd1d0.000_lmd2d0.000_lmd3d0.000_lmd4d200.000 5 120 0 0 0 200 0.00304146322727185 23.3254104288284 14647.5166585523 1469.4705742247 0.0777144638513823 0.0610591273772336 0.149948847879372 0.0939020038598175 0.830671201184371 0.12699975382555 0.370864293586607 0.371936663033627 1 4.7046439822417e-005 
00004108.nii_R_ICA_labeled_d5_cp121_lmd1d0.000_lmd2d0.000_lmd3d0.000_lmd4d200.000 5 121 0 0 0 200 0.00295744004830522 23.4878679202404 14541.5941086706 1470.42506958704 0.0768524887639208 0.0602547837240275 0.149941559840481 0.0940216345511376 0.830691974369346 0.127786958235817 0.375019660050553 0.376021923678974 1 4.60473866267217e-005 
00004108.nii_R_ICA_labeled_d5_cp120_lmd1d0.000_lmd2d0.000_lmd3d0.000_lmd4d500.000 5 120 0 0 0 500 0.004660750948917 21.0186321238119 22928.6360832485 1456.02015273552 0.0924615967517275 0.0747926795478064 0.150563614881433 0.0919407780594272 0.829840798594034 0.116119969464927 0.312197892570289 0.314637217507208 1 4.7046439822417e-005 
00004108.nii_R_ICA_labeled_d5_cp121_lmd1d0.000_lmd2d0.000_lmd3d0.000_lmd4d500.000 5 121 0 0 0 500 0.00453201087138585 21.1634217238946 22768.5400458461 1456.85786397733 0.0913987673870851 0.0738010529900979 0.150500818135042 0.0920784752380188 0.829918474816514 0.116606080356448 0.314900267015281 0.317259282092596 1 4.60473866267217e-005 
00004108.nii_R_ICA_labeled_d5_cp120_lmd1d0.000_lmd2d0.000_lmd3d0.000_lmd4d1000.000 5 120 0 0 0 1000 0.00644303099601221 19.4407890398367 32049.0732846899 1446.98262372302 0.105895322537766 0.0873116796655886 0.151430490631508 0.0902980065867529 0.828798676220591 0.114382961762318 0.305167375845986 0.307888037858367 1 4.7046439822417e-005 
00004108.nii_R_ICA_labeled_d5_cp121_lmd1d0.000_lmd2d0.000_lmd3d0.000_lmd4d1000.000 5 121 0 0 0 1000 0.00626284741307899 19.5735224678517 31817.7472395457 1447.73560004762 0.104632183862061 0.0861337601458913 0.151349232232879 0.0904379926071761 0.828894712686815 0.114238286763971 0.304483945355551 0.307229926241622 1 4.60473866267217e-005 
