#spline3d 5 121 5 121
75.35719221558891 114.27761256597927 2.2182230223659061
75.379328514485081 114.31186557810476 2.8000626686667549
75.404795006511179 114.30324910881666 3.3809813194649192
75.436103634379222 114.25786061210025 3.9598111999733225
75.476206647128464 114.18352761720379 4.5357169322173503
75.522659191905333 114.07826959775366 5.1056727110839821
75.548732256541342 113.92385505141651 5.666787328036845
75.556130111694486 113.78183126487249 6.2307018213635406
75.589367272625054 113.72895673162974 6.8089936171716667
75.624227526672712 113.68236009242636 7.3909044107000268
75.650768746802839 113.53608585136016 7.9528384632030535
75.679805655781848 113.3139720083268 8.4920777777643224
75.745329430827042 113.07308143547272 9.0189570241289694
75.865598632371047 112.7972030031673 9.5203564925910182
76.025016842300658 112.43678315446616 9.9481575667805888
76.17841045987835 112.0271523725194 10.338061941334772
76.313211235219015 111.5868979828745 10.694607396292644
76.476789415225184 111.09214005750796 10.953173294690648
76.642732798047135 110.58188740407816 11.181591634335112
76.774107711435562 110.07115422038585 11.42892876546887
76.951992950051221 109.56361951588903 11.64637849882196
77.20729273431003 109.06433276141006 11.812421343293014
77.477486808874772 108.56623514876031 11.951576092558687
77.749285465388567 108.0565688869105 12.000838992247676
78.017586199796909 107.53719189474926 11.991113101028654
78.275732642713947 107.01806229277985 11.958588266572866
78.552757701941147 106.5122586861326 11.882252968591276
78.876386546702363 106.03332110782544 11.811332173186038
79.236042377483557 105.58145965503633 11.735331531832678
79.579136369413476 105.11465644406751 11.696885247162527
79.903039275909677 104.63102447756758 11.688438030592335
80.240633160823663 104.15952103275229 11.643083808148177
80.599821235319141 103.70419061100391 11.598287211582221
80.968842833356362 103.25474650644708 11.594982203395164
81.328997765252552 102.79835121267085 11.615215475352539
81.708072727624 102.35837009676317 11.645316735293619
82.111060805642268 101.94183710529936 11.699667327765161
82.53719200537148 101.55447672446337 11.781347148821482
82.971126867200695 101.17802069964848 11.870965132471467
83.389107704562619 100.79154300086253 11.989707897487634
83.83009913834448 100.43860624182076 12.132341497529842
84.269716799177019 100.1082081671113 12.322312930352581
84.657378832197892 99.754652999236157 12.576602993701435
85.022370320920558 99.400933744544403 12.860274714550533
85.400586723773117 99.074082740185588 13.156582425068025
85.774990052118213 98.758307088144946 13.470290789920943
86.10120014629085 98.428272532410773 13.824384083288143
86.419127434746002 98.147487796779245 14.221433073202585
86.739152344368819 97.912980544392894 14.647554309642404
87.052635127229507 97.649489480696019 15.060599521786294
87.370164641954858 97.414509661315762 15.486027193216032
87.674642636840304 97.199930546887273 15.933376751111719
87.951212212755976 96.985106671366722 16.398942687559281
88.197703400093559 96.801153703739018 16.891600802628108
88.408319170154058 96.635522053517121 17.408563974208477
88.587857994807948 96.440739902993158 17.929606820323794
88.694858755045715 96.269373320080902 18.472744030675432
88.74724107126454 96.150813654117513 19.04176109903559
88.850251295566338 96.0180030514056 19.598802127342314
88.985624431543542 95.874473001906708 20.145845636707325
89.087667816910496 95.763185930753508 20.706900564643199
89.152178172255532 95.676734602039161 21.280876597337684
89.142178586188379 95.606792105163876 21.860296146926544
89.026972472912874 95.491081540740325 22.420601075451916
88.948551658065 95.326063658759224 22.973081939098481
88.979743135344634 95.111792247931447 23.514806234573697
88.985737824326222 94.82353844804183 24.022277149618784
89.055531305196098 94.480057879164335 24.493076769906565
89.167187961167073 94.049163410706754 24.879361780086914
89.141652068931407 93.518058868155549 25.130765898880131
89.026871062153077 92.955572976589096 25.282742714127853
88.876666587979585 92.399861888026393 25.328883382627666
88.671218627753248 91.85476126394434 25.354238341762567
88.526314548963555 91.293490251520566 25.39685847385018
88.431400720638266 90.717812748669317 25.400284981175783
88.296739470057219 90.154942515767701 25.325592114616089
88.232755280324298 89.585241856096857 25.233051658934038
88.213330867423224 89.008854912520036 25.147967583382506
88.151813437554992 88.436913970538313 25.072150657459982
88.087162746741669 87.865589302812836 24.981111090930895
88.030460613061891 87.293096777396457 24.867249668585465
88.099273946833591 86.719739819889213 24.822914560884339
88.239755723199053 86.149817492615384 24.862775744731504
88.336864794064638 85.591847208984404 24.986073622728217
88.423664374548494 85.038191745439264 25.14142969939903
88.520439698489 84.488570627991308 25.328404530462624
88.625810445773226 84.00702925319716 25.640454227002188
88.727899306710867 83.626363606770752 26.079280507666631
88.834063744890656 83.285285161350401 26.539080871786858
88.972148515046186 82.973077905415821 27.007665781078718
89.149248120586904 82.703152213518479 27.494263504108638
89.389773273050523 82.502573977382795 27.989256341737036
89.677577428314223 82.40459774257998 28.487795604231803
90.008133118026137 82.408657947999089 28.970935149263788
90.405471311843527 82.521823439246944 29.403646218098817
90.691957791581302 82.783121933113321 29.83286412665808
90.820962767012674 83.170960557385669 30.263464975684325
90.95564582614027 83.565131841281385 30.672645490474086
91.023759992293932 83.995934928628813 31.053955719768709
90.996745022879267 84.438967742782978 31.433671950610112
90.932986094742859 84.866238880670352 31.824771308867525
90.837946764519486 85.295493837584402 32.204169650025953
90.710964308673795 85.741993540267472 32.556328846102012
90.540425815879757 86.165853680888517 32.915284626838364
90.326157799231581 86.540377367199554 33.309160367789985
90.062337948477918 86.868930616201666 33.711189498713864
89.729715976578802 87.152907961411913 34.097329482404973
89.329111970164192 87.407595453377823 34.434070650797281
88.902519717041059 87.622242548091137 34.768619967270389
88.491817740403491 87.75153283400789 35.163593553505258
88.094475404506809 87.798802823593036 35.590949022978386
87.639230895547001 87.783431858994845 35.951777144867741
87.163686997824612 87.730710933977065 36.284073405098589
86.716777285243253 87.634298902974876 36.641885103047699
86.278113640195059 87.533442727012655 37.017140331295224
85.868637807104761 87.354861454996325 37.388194879460514
85.503098165838878 87.065002750805206 37.739856819554319
85.162678983566039 86.765972979348575 38.109102257590507
84.817306936125874 86.450845143430854 38.450104054733771
84.424650848346118 86.056765340360215 38.656523658970073
83.943663614054117 85.526532244538657 38.62810468660814
