#spline3d 5 121 5 121
124.98981662512145 111.74650399629139 2.587602139035992
125.4148506666003 111.95854443200749 3.180965524705206
125.759775084719 112.07842038243908 3.8215153351110951
126.06802969004032 112.11896492905858 4.4844137307737206
126.37530794675276 112.07517075265439 5.148531989901552
126.76297214113376 112.06911932584974 5.7696339911306227
127.11419510807409 112.02355789953575 6.4096916460766193
127.48659985658043 111.99896825058137 7.0398101397699877
127.82949672007918 112.01905593256595 7.6835212219520939
128.14293247962769 112.04708184554475 8.3484414852917173
128.52159923377721 112.02177957577349 8.9735850240067911
128.96412841203551 111.89230125747702 9.5466369098574173
129.32020289307334 111.84606810230916 10.187149440127078
129.67476317196804 111.68713387213378 10.807416539331545
130.02660426135881 111.46699405078331 11.414180458154448
130.35225714245976 111.14883060220977 11.991453803053894
130.54980117971991 110.71764460189809 12.553461013617497
130.69095343009297 110.28498626457777 13.136082010979733
130.6322639986364 109.89603654854778 13.758503222845352
130.55081110447586 109.44785378320604 14.332312777682214
130.50110848714266 108.88563350455554 14.807400788706536
130.3397363892179 108.35384415055307 15.281041621280055
130.13689183566208 107.80352732786737 15.724893374765685
129.87822583323336 107.23393554793762 16.109695061798682
129.44993214511413 106.69171401398563 16.370056003463478
128.97729100808388 106.23209838407644 16.699499967252684
128.47298877315222 105.70670653966867 16.810849280645044
127.87634806565386 105.27937117105634 16.890105310670855
127.30769961061932 104.82495452340677 16.882462963615218
126.75106239016297 104.34864733034632 16.821679204414476
126.17011868986212 103.90924786909879 16.760597689641962
125.54398726324241 103.54466815763858 16.647054049305904
124.91339604162958 103.17863921397948 16.570781168852157
124.37074497573572 102.69991190476348 16.443338096557515
123.81685573300848 102.25617529869072 16.26641112124997
123.23527432999271 101.85354287078977 16.076504626538021
122.64139541745848 101.47749676584796 15.876066758636787
122.038988500202 101.13626097691402 15.633562804915952
121.46371217444225 100.71237553059656 15.470245021506431
120.85324386229203 100.33799056705125 15.325203248652642
120.26145004436304 99.936346858739455 15.158852586768583
119.62464126892418 99.593726299179266 15.056041959702949
118.96324260063679 99.321674696731506 14.886133801281458
118.32229956935969 98.979816463500953 14.79618709203211
117.68450109551104 98.624698391586421 14.743766582635818
117.04240650408647 98.286694133154427 14.657464396320933
116.42017362263279 97.892366851002549 14.64520275911998
115.7967075450815 97.527195017114309 14.756849738393154
115.17362057886187 97.165917264178859 14.888682762805791
114.57476045322446 96.772702780084629 15.032631081034626
113.98073512222915 96.397990752707457 15.258520122649987
113.47543393732727 96.001225919235452 15.605826479531162
112.98171315668947 95.59612508452949 15.968021040478035
112.48545563480565 95.214207336175576 16.350609292565959
112.18989031767114 94.792469695414511 16.885439421667634
111.93424559451027 94.360068471894053 17.416990034732176
111.68112597451409 94.010177915106013 18.007912473339164
111.46547734296352 93.647116164679161 18.605945380709812
111.28577943076431 93.241294377506733 19.188784896733488
111.08597089263013 92.766927011539281 19.711850088630911
110.98524289806791 92.222073721225598 20.200207231273978
110.90425396359126 91.88132288462495 20.854126133099697
110.95751775221875 91.439898020109226 21.443109066546235
111.15819244065881 91.080650575162963 22.052702703637877
111.41759225430653 90.839016764063501 22.695492337039592
111.62703864348313 90.488229372333464 23.309077138394869
111.93922814650814 90.23645322471765 23.919396438606398
112.33377619581282 90.042114436260391 24.510533302153206
112.73576150054824 89.814506595060124 25.077992827849002
113.25943523003812 89.560580263429742 25.531051219157604
113.78401133179533 89.24681221896688 25.928752257493144
114.33792542975056 88.891593390857565 26.268749285303734
114.90295697974912 88.44622278743644 26.424627723333206
115.44196072756569 87.937232053040873 26.447616164478394
115.86004673634837 87.341235860867187 26.374553648638145
116.19829052241664 86.693495629520541 26.270386399072414
116.44669662022854 86.021616904014877 26.120175247026626
116.61901367889722 85.351461843227909 25.876104780981912
116.84243473531966 84.700779746336693 25.624926475522347
117.00449017907084 84.021806639846147 25.40699448393579
117.07253781152711 83.347942317154946 25.120248894030539
117.18269167713164 82.698823004806684 24.805782638598632
117.27796161826387 82.041410267018435 24.495628770562419
117.31275099845919 81.414145706614704 24.112143129458058
117.16940430131639 80.814526756743064 23.709440438732408
117.00601414982273 80.251069285544077 23.273379621736634
116.76439821596209 79.737084042321612 22.794511185841575
116.39707097183789 79.122608997822098 22.590699455372057
116.08052529807019 78.465116252223979 22.472665179412122
115.66651537894303 77.861944450965993 22.48308200993376
115.2089789137917 77.292117481703556 22.611402853673727
114.66227631961912 76.837463586304779 22.796400498867904
114.0087187637326 76.547899941276398 23.003507213196912
113.37161790779916 76.386464938776129 23.324877933695557
112.77324099768963 76.25526002073741 23.735152971499087
112.13211757762657 76.233910686066039 24.086849442306296
111.53749693210575 76.243024028450975 24.518365933575076
111.03416735830048 76.216422863529544 25.053282889145763
110.54544034562244 76.288356480490037 25.598383379184654
110.04353506176214 76.524048778954565 26.088858202933583
109.65422020060716 76.877121120465063 26.599749110666593
109.2131303765677 77.101909766699961 27.1422425166556
108.91150050059474 77.401960505511582 27.76066576899817
108.94144263247043 77.698627900963473 28.451088886731331
109.15504339618813 78.030074817692835 29.078247614866068
109.48692981162482 78.454336498645532 29.579451988118812
109.91189443310833 78.80192823532856 30.068886913764992
110.25922001649181 79.179506756249424 30.585888126254595
110.56804414586207 79.613250762181437 31.093820875924692
111.00895226485551 79.97006711270889 31.564696370817384
111.48024781823176 80.166222018332874 32.09813199764428
111.95397308275714 80.499209670496072 32.546382702366174
112.34918445341386 80.897071629566938 33.022817616612926
112.79884516160719 81.118330618281817 33.567482203735203
113.34225799531859 81.330366715601315 34.00969161883345
113.89001621293288 81.61331228428503 34.405572014217228
114.4147447615069 81.869691046522746 34.845760904807634
114.9604494881998 82.093348995696104 35.279485655074126
115.51635410262116 82.305684836985151 35.705215226829111
116.03518451371565 82.427938426761074 36.213062591876067
116.47449177999988 82.397601339743687 36.879314554690382
