#spline3d 5 120 5 120
128.40782571474034 110.44357177165932 3.0302600998717257
128.49774995060466 110.40130745892978 3.7491528461060377
128.61779711996994 110.39319820672813 4.5147540938938642
128.77089121400491 110.40383558299887 5.3148751513810852
128.95995755785384 110.41781080108923 6.1373272687182778
129.18790839422351 110.41971920261008 6.9699222929707805
129.4574394695627 110.39423773644947 7.8004838197503705
129.77042020500656 110.32637470358362 8.6169012188992653
130.12676870247228 110.20192989006567 9.4073068215322895
130.52290802393111 110.008147015014 10.160461297818681
130.95006983487406 109.73467149719862 10.866412986013071
131.39331000887461 109.3746313993866 11.51723947582974
131.83097951630322 108.92605856184036 12.107943485854262
132.23557714752678 108.39302494841225 12.637120879474251
132.57588557389784 107.78609864494712 13.107164459311043
132.82033709000299 107.12174492450092 13.52375947066399
132.94116760064645 106.42066997826097 13.894662806232363
132.91863151738161 105.70533598260467 14.228012139669401
132.74373616108019 104.99724400326829 14.530700969894751
132.41965727815827 104.31447250597701 14.807081624452046
131.96080124843874 103.66996952318891 15.058248392307858
131.38985054984016 103.07104105131363 15.281967841707916
130.73363090993442 102.51996281399973 15.473149666772654
130.01886663720069 102.01529984477806 15.624793586170458
129.26881043403159 101.55335054679054 15.729391469086716
128.50140955310945 101.129228298342 15.780625833481498
127.72886573787999 100.73736103126731 15.774991720412388
126.95820471362484 100.37155300564565 15.713049915301797
126.19258124813121 100.02486057301526 15.599830943186817
125.43271975772795 99.689555885201628 15.444385985831786
124.67815982133089 99.357374557850108 15.258695889505663
123.92809888753898 99.020121344811557 15.056268734306585
123.18181868096647 98.670511075136304 14.850721839282745
122.43880795878127 98.30296937162089 14.654668863276404
121.69873568984042 97.914287447445105 14.479014166101797
120.96139873099003 97.503847585418541 14.332848149140743
120.2267822007951 97.073392426266025 14.223849019201795
119.49531915997277 96.626341652078267 14.158965317116426
118.76835400150793 96.166796986370926 14.145055551269564
118.04869706205554 95.698507572678793 14.189142414819477
117.34107255561543 95.224129026173671 14.298138424582424
116.65244644932187 94.744868735965824 14.478145862018533
115.99201220246809 94.260695748381139 14.733640458046425
115.37087151380042 93.77102247643235 15.066871940693259
114.80140130564709 93.275710352343609 15.477591191218881
114.29635257531743 92.77618182523878 15.963059979059528
113.86774787651184 92.276399088494131 16.518282175521456
113.52580943002809 91.783391314313931 17.136430786441785
113.27781709227645 91.30746355593196 17.809300641900016
113.12708069539613 90.861731492111687 18.527892166322797
113.07202121077214 90.461139985198258 19.282974908041112
113.10548519270719 90.121039201709152 20.06562776259473
113.21449038360849 89.855504372140174 20.867723997710776
113.38055537097678 89.675505348644307 21.682358910624089
113.580890486031 89.587409247553396 22.504082081706624
113.78989487255478 89.591405128932635 23.329058676078958
113.98129262578419 89.680533184139762 24.154956627367518
114.13027628156013 89.840366167076496 24.980626141712527
114.21547116258255 90.049573964543825 25.805550349221829
114.22049575923259 90.281404701150265 26.629095789905961
114.13510077079398 90.505843324262827 27.449604482938859
113.95542577748512 90.692086347003709 28.263564157021793
113.68399177957238 90.810964385357366 29.064780304676599
113.32892991130785 90.837301826840019 29.843752008208288
112.90280007612957 90.751888827316805 30.587340170886435
112.42126759443741 90.543011608569088 31.278828755738761
111.9019005165122 90.207402560649228 31.898488218795922
111.36329674237794 89.750726477291138 32.424663195680999
110.82453981429049 89.187158488773335 32.8353723043599
110.30489972986204 88.538631544645469 33.110234145445332
109.82359505209118 87.833264303191527 33.232688847510737
109.39943546317622 87.103049719042062 33.192187450191042
109.05021281173906 86.380984339463794 32.986021421178762
108.79188715956217 85.697796342318625 32.620507134791048
108.63777920308216 85.078571045279929 32.111233654748048
108.59790451198353 84.539701986078029 31.482342713508412
108.67840929717079 84.08672433989237 30.765077519590996
108.880803485146 83.712997700943617 29.995943805329162
109.20106018727051 83.400172773546814 29.214375874560353
109.62854349968114 83.120358248449477 28.460284393548541
110.14496198572255 82.839860563765285 27.771538630670168
110.72372610396404 82.524045009896682 27.181499507955461
111.33030860336848 82.142755356712456 26.716767832487708
111.92408452114391 81.675088632582586 26.395670161639945
112.46143028396511 81.113674851336114 26.227086768405027
112.90035855175007 80.466642168226684 26.210680360634289
113.20558619774698 79.757369935126718 26.338013534767803
113.35320180357087 79.021685834439978 26.594561884698191
113.3338766005625 78.303116032458092 26.962129553529067
113.15414254122125 77.646959903797082 27.421251252820362
112.83489178411256 77.094578017283141 27.953154788500175
112.40886339562388 76.678243581037648 28.541199609231853
111.91595364186959 76.417599625046222 29.171603493911544
111.39790101446084 76.318219239660849 29.833502322264092
110.89324118498047 76.372088426891537 30.518650052205842
110.43349476258392 76.560018509351437 31.220948605938108
110.04114143053377 76.855236674353904 31.935997724263149
109.72953199222384 77.22768365113177 32.660621627924165
109.50386373166478 77.648098225091275 33.392388188013037
109.36273778757781 78.09163610348152 34.12910011843951
109.30009715170291 78.540255213241721 34.868367534983854
109.30701953621583 78.98356441800621 35.607406549365237
109.37330709047218 79.418230377558359 36.343102075884985
109.48888824728274 79.846251748309641 37.072312820275883
109.64502595571146 80.272544159456345 37.792329238652968
109.83515140337357 80.702498690807616 38.501312445249184
110.05526913365455 81.139836803496038 39.198655380241213
110.30363780983279 81.585030329230491 39.885145307388697
110.5799373072076 82.034381813472962 40.562936927289584
110.8842542175055 82.479700580207634 41.23530118010023
111.21623816460723 82.908478657936527 41.906162682752296
111.57463445316679 83.304386027910212 42.579536552021317
111.95721145269806 83.647960741275867 43.259057225518788
112.36089906626374 83.917222217620974 43.94766084514788
112.78208934685212 84.08842272550136 44.64752580318244
113.21690844331188 84.13672989987333 45.360229774514337
113.66139915871005 84.036812346913919 46.087011125636963
114.11159362606701 83.763208645386868 46.828998612874265
114.56352455161168 83.290451597924559 47.587313321948876
115.01322448379052 82.593074397507053 48.363077178606517
