#spline3d 5 121 5 121
66.185955446544369 109.90607355369774 5.9487405046889013
65.504571507721352 109.90772822229674 6.280798863142862
65.114283208443652 109.8465493152174 6.7784135426793499
64.890930470828494 109.70937025782408 7.3523881010704244
64.703869889756945 109.48469127314171 7.9101207383510186
64.474669544323021 109.13786639622853 8.3819340371959203
64.226347865925405 108.71739768936439 8.7804322130813333
64.020763507327189 108.25144816402752 9.1400326896350261
63.882053455408574 107.77818718493114 9.5274856239258909
63.774798324971989 107.30610187843877 9.9278681136174782
63.738630504397406 106.86129931078278 10.360870446947073
63.761009200750394 106.42121656099627 10.810388613700981
63.847739034189907 105.96368393569345 11.246364707110887
64.12119962159656 105.60892565207159 11.677260843558088
64.50674753918095 105.32284727883233 12.093369150506661
64.869579963306961 104.99886393463088 12.483558341782533
65.234526553679387 104.66610608582997 12.864314942140025
65.608141215234156 104.37650688312777 13.28168285672778
66.03136103253162 104.10639410355427 13.650292908426124
66.538551984868164 103.82639017728572 13.896607308368191
67.046399948005259 103.5362130921992 14.128830349303962
67.556348132151911 103.20935475568174 14.277422841344904
68.063056354751069 102.84742598124997 14.357136025046682
68.555420923270077 102.47194538576285 14.446567832826547
69.049044644958101 102.09466443750921 14.512903017973512
69.570996997002496 101.75475910885605 14.568906259609072
70.108486429433015 101.43983849919654 14.636124189028418
70.644746349756915 101.12074015649502 14.662408920919543
71.177210845421897 100.79219802805981 14.639796922802024
71.715902455214248 100.47267458890876 14.607711495715611
72.250988313330794 100.16882804094108 14.503008920034635
72.763289400733413 99.847217271891452 14.335519714590751
73.277908231978188 99.517568122126562 14.202983398232041
73.802707592366929 99.186244894987098 14.127726940554099
74.332319733239601 98.868422230609326 14.031102828366697
74.862532622412687 98.552792654957045 13.928666865471504
75.386625054462485 98.226585438775388 13.830628603462195
75.899331610843348 97.888386005124545 13.711924857755465
76.423333373491189 97.557829488657759 13.624131204396591
76.973597826205648 97.261843713626448 13.581284376223369
77.547641129581663 97.011855870448613 13.553048473962564
78.104301488666465 96.729830518729329 13.552421850881773
78.64030507924268 96.406250271466263 13.577414831905084
79.18531662469114 96.099079202438645 13.593816210502784
79.707511755577869 95.762144013450822 13.6542718269614
80.230100806496566 95.422175413682339 13.708596420741992
80.765971986847418 95.099057361873776 13.740740038148081
81.292046800278527 94.790815767536941 13.885947748785316
81.826826434556281 94.547486520093855 14.117175261592868
82.329879798171802 94.349803985957607 14.431536075982873
82.794054442253625 94.129133978201679 14.789008323099802
83.239124919153539 93.863436513762736 15.140844008531783
83.672327431574956 93.638272032989079 15.531154108571139
84.111118264700181 93.497056185762005 15.962080445975039
84.508900863776731 93.335160054331041 16.412696346146468
84.826144003636557 93.046075261280549 16.869414769159334
85.185023777746636 92.759808439863136 17.307345919972011
85.523358555490162 92.576600128471071 17.796031252138526
85.762251195490265 92.508624607058266 18.377485819732478
85.955691349172739 92.385000317743248 18.962304240027546
86.096011501701895 92.267060523562392 19.557957967344255
86.188935849984134 92.217653623616002 20.176807989800455
86.253592284057589 92.191162372837198 20.800073753967656
86.248888302907574 92.159953886633474 21.42388868917482
86.239719645863147 92.111423108569909 22.047628187357184
86.294261866100356 92.028323700371686 22.665983660323427
86.373887020799444 91.91076498957429 23.277110949458031
86.452960851658744 91.72383092674346 23.868865742855796
86.565434632180143 91.457961799067206 24.427360173078892
86.708437229727892 91.143905116348137 24.950281721945906
86.792917748199628 90.749027469942746 25.429942416151171
86.805573337785589 90.308301868073784 25.884553037288402
86.714047197238472 89.828579692483927 26.272968861089222
86.535359277875799 89.319467659247181 26.602061170689886
86.324178712159949 88.802183333223454 26.885100698145983
86.038231053197492 88.273347551887113 27.062662695014101
85.69504353908161 87.753248570151129 27.164309423839192
85.345358324122017 87.235778341680799 27.176583321966046
84.958252225404536 86.746298185184841 27.126610603601144
84.554352540222922 86.270559176103305 27.066546378370877
84.25740386153835 85.725129196923248 26.979081097688013
84.030244461061443 85.146876503596062 26.88485570959082
83.825608198530702 84.590779191478276 26.67991608526415
83.68743757745635 84.003375946951067 26.509817714910675
83.643839896030755 83.378930507567731 26.446760902314697
83.656718975832334 82.750516082923085 26.416133923449511
83.725132402797172 82.128130817544928 26.402156069990323
83.907352825200263 81.526967819079147 26.445736660979243
84.144852642515673 80.960121596213355 26.560501483261326
84.388003538811475 80.426591427131925 26.792008162145905
84.658034867892042 79.936617941327953 27.094819958670428
85.047199160346437 79.623740003757149 27.474866183740886
85.511281492445889 79.450522014280708 27.880336592865106
85.993424592236778 79.398192879740549 28.276052251275814
86.475719803524171 79.466950649769572 28.673008101245717
86.955125052189985 79.61438788896217 29.051963401836101
87.416539942959858 79.825592687243599 29.41733322667109
87.825184091070511 80.061831218729623 29.826566411742416
88.215583993481133 80.304301590136461 30.25369727084632
88.603407434326385 80.55232581459137 30.678670820121894
88.895501834099164 80.799749235943835 31.171386330138539
89.159664271625161 81.079725444323699 31.670627983750641
89.395702923903301 81.447928907097335 32.119097245603768
89.534336175826724 81.882580772233979 32.550198595159451
89.636723450946491 82.342917416682312 32.958179560426281
89.751901733216556 82.798358602572904 33.380465036047184
89.773451305222395 83.290685096994196 33.76554897450054
89.60062487570606 83.818855141047948 34.073074207549098
89.319396870321171 84.308088163922847 34.3597438538931
88.978908761725393 84.747412537518059 34.643114585077356
88.564532249065422 85.145797531047577 34.894345115478522
88.082036847684364 85.502712313587935 35.088261015964335
87.548030050379836 85.811926647022233 35.183420174891346
86.971625023936596 86.054286361977276 35.257939836333193
86.375456748512022 86.221159629284358 35.353051052675589
85.758871532504571 86.327460979509155 35.360618722040051
85.136643657435854 86.417205494863566 35.349051172813439
84.521275921007472 86.497523541186496 35.434552317838495
83.936012657600656 86.613080898702037 35.635433586628849
83.392881113080051 86.796213444543099 35.916614178048619
82.904846122485765 87.080131559253914 36.248339822918069
