#spline3d 5 120 5 120
64.083735728516515 86.665001441671336 1.8099420728741902
63.605575477928163 86.692406265499315 2.365694505938619
63.249050976919513 86.558686356268652 2.9332673674145284
62.991115157970313 86.325129049735253 3.5136000366666202
62.809114096360098 86.057663281858183 4.1086441937456115
62.686469812757124 85.786966574960147 4.7151575557693954
62.600055654321132 85.499983445103368 5.3197581469160511
62.517227798828358 85.193494567261823 5.9165023065551301
62.466073608616718 84.888258741085806 6.5160691313541257
62.490073260143866 84.578739865086163 7.1172717573571926
62.540000176470507 84.23223130981799 7.694234716750139
62.639416384558018 83.878417025820468 8.2621052723317483
62.817604935359213 83.551773953759024 8.8318076094775613
63.125622712839196 83.287491602266854 9.3766393139048336
63.533878290010406 83.010799162019254 9.8410480564426326
63.966502848590729 82.646076654531484 10.220720503820086
64.431212691316034 82.241777470173915 10.501278147812878
64.973399987273041 81.889041517556493 10.698653476262599
65.49267689803186 81.54132277727777 10.953199447369187
66.016458174415902 81.190954661144929 11.198448552014987
66.602026078925192 80.875475500621263 11.337248183170059
67.218075322998061 80.597301446806398 11.377748662603356
67.815814087352862 80.2826595321485 11.380550380652071
68.402372541949447 79.948911432940633 11.350638468905986
69.010970281250081 79.672844927005073 11.241734644127378
69.62817116600317 79.44417533035157 11.084076288337938
70.25022073271667 79.258646242397987 10.89960335721222
70.873793719386939 79.063760901982263 10.727557653778401
71.483118673875325 78.808663785203379 10.585044904018586
72.076138553009287 78.511181991254944 10.456792817990978
72.684987876978568 78.256652367655164 10.310830111485199
73.323038477496354 78.075078343246531 10.178729965940413
73.980433570218651 77.935195276609591 10.095498087662863
74.603693209694413 77.681618946775217 10.039394043983396
75.209145617215952 77.374482721393946 10.044820666927242
75.811904412773984 77.083505431217617 10.131619855685587
76.411385243304707 76.784951943404067 10.210092034703687
77.012511679460246 76.484003756976094 10.293007635656036
77.597780629231238 76.20441134847735 10.492398823567319
78.133648983010318 75.938155196691355 10.811650087325376
78.6161448473093 75.647058658117473 11.190811191683624
79.021015802533526 75.344797484953631 11.636951898517836
79.387976773791863 75.099366480657821 12.150910444653196
79.745047330109259 74.859539397956596 12.675456606416921
80.023589770930869 74.646489866905 13.246486532209735
80.198914813294635 74.432279631483709 13.874271924380368
80.317540910244219 74.250322142917966 14.520295466426051
80.360924690350956 74.319475127384877 15.190954657260168
80.334937287814114 74.499765785790402 15.855844848080544
80.278411349217507 74.686835207728535 16.496449136038375
80.184652084236717 74.906954153060141 17.127928496720504
80.086204157252013 75.132994150107223 17.759839556916326
80.05043600893714 75.43838074640243 18.35891837685087
79.976940601744502 75.782502753328004 18.936471607033571
79.887531184812431 76.094300950023054 19.529685780861683
79.89815810271007 76.436139989738123 20.112035888700678
79.942256464697508 76.83496851603951 20.658196787445959
80.007380689700952 77.254047161362848 21.185318414452912
80.172585246100695 77.687770740875507 21.679135008411823
80.469512549715034 78.112342691145642 22.126796988192325
80.895301000959805 78.454541563835477 22.531840083161264
81.384320161621787 78.655379930860803 22.962015022569435
81.8441263614299 78.724351508379613 23.457684502444021
82.34441820411206 78.697193244332112 23.912280112346462
82.895244703495052 78.600949922784679 24.298348349776344
83.434058280951533 78.399029576872252 24.655369482263911
83.931061208317672 78.101235337928955 25.008124411811842
84.399083590626589 77.721175441230585 25.322783828421805
84.859044469792849 77.263839930198714 25.518515826716101
85.223867247946075 76.717080528777828 25.689539307443845
85.478897700486485 76.104763699911771 25.860422120074819
85.612025109538706 75.4372211846635 25.888934707117237
85.598851849131577 74.758289112102517 25.794927087362986
85.452052614204945 74.10186043254987 25.721791919093313
85.246950550665844 73.467674940537009 25.595506998182401
84.966026463180512 72.875232630691087 25.416282455238779
84.544407458149578 72.364024658477675 25.277264843658433
84.099396644807257 71.863291852724828 25.168166923787766
83.704595152270912 71.316154093108807 25.12385322645029
83.294726251707303 70.78190339591761 25.195677060922012
82.830670978998853 70.301335637959298 25.303023908655916
82.37261725333164 69.811210848929861 25.375694553953856
81.93938850495077 69.301606853430911 25.467193062632486
81.520032596425935 68.792689067416575 25.615325222494228
81.126736973515378 68.254894815184642 25.719839872619879
80.745721061582003 67.705863754124366 25.822420306759117
80.404543425131308 67.144690557708827 25.991040338418767
80.121174493001888 66.603370362159339 26.303829524248474
79.885766488280282 66.164433421129971 26.778005124195079
79.798603400745137 65.827842775139473 27.361072714682191
79.863469988193728 65.514456102128293 27.966767152273505
80.033215897408596 65.234767842787363 28.573700174633867
80.372350034620695 65.164569243772448 29.153166666161155
80.782379960238089 65.297300165110627 29.694990954212354
81.165591632745333 65.530436441391259 30.202266762985673
81.591858172443509 65.835252147667063 30.627315824239862
82.091764966188549 66.172185804188643 30.94835927425002
82.563141073922225 66.599206380070385 31.178028183228871
82.971792335199595 67.100203825870523 31.388603623257993
83.26528781051185 67.65083152127356 31.65543844129941
83.461224908647054 68.205260791286264 31.994975525801067
83.557802876592504 68.75131120229382 32.383432426646429
83.58284071830505 69.296119843789228 32.785536666482862
83.545664109013032 69.787306901958019 33.248460895498972
83.415273712232036 70.284289179883899 33.688906800176326
83.207747044747592 70.793658897572215 34.087666252509045
82.941802636601324 71.318054299264006 34.419631992604451
82.621095273651179 71.83848706684995 34.707520893678314
82.255741905227794 72.30840695347969 35.026962979248069
81.913351323873783 72.774768304025287 35.37659274825895
81.543460002278465 73.210439607984682 35.737226908058183
81.086191584630001 73.591341639748137 36.062725741399227
80.578195340241791 73.910170949395592 36.372557342405955
80.050246974587779 74.191608390676947 36.685871872189999
79.502697701854899 74.47314986433615 36.972232735858853
78.977646710263272 74.65930945355862 37.351039077269846
78.510015224597822 74.738538791855731 37.843428311396565
78.10277692976517 74.767532987875484 38.388369006420263
77.722166417979224 74.802974204048908 38.923808921115523
77.339791811708324 74.903136491898749 39.386155653475328
