#spline3d 5 120 5 120
130.34696474864859 108.48398157102837 2.7860334473769877
130.6988867223331 108.31921049111007 3.3053709560698961
130.99346691225617 108.18470919845828 3.8517202516169879
131.23395253311051 108.0713612779642 4.4199343580528474
131.42359036712259 107.97005005522865 5.0048663624996728
131.56563167894979 107.87166198361368 5.601368777553291
131.66337617962364 107.76713214307668 6.2042905196951716
131.72026267762402 107.64759681795157 6.8084793727354214
131.73993350230748 107.50469485325661 7.4088092045172207
131.72616610728809 107.33102745078031 8.0002485574501954
131.68261952310982 107.12072941022195 8.5779654625370334
131.61242858521655 106.87004792858127 9.1374379260019971
131.51776052637649 106.57773106123965 9.674518662950657
131.39946603078712 106.24513108075199 10.185431065208157
131.25697380266971 105.87595662489821 10.666704449274839
131.08847158986498 105.4757647383291 11.115099429115519
130.89134489132942 105.05128793384984 11.52757057663362
130.66280509610419 104.60968533199173 11.901298300395641
130.40057305396448 104.15782995556593 12.233800165657385
130.10349319818769 103.701725206798 12.523132281590712
129.77197816197332 103.24610531843473 12.768173355826297
129.40813398072152 102.79431489657249 12.968926308271772
129.01555608997887 102.34843462424938 13.126744543436004
128.59885215584484 101.90956862002422 13.244352038845793
128.16303409023547 101.47816626864289 13.325609664192177
127.71291380069022 101.05429285365149 13.375072255730268
127.25263901233231 100.63778971834209 13.397522705092284
126.78543592075893 100.22832506320799 13.397679445218458
126.3135581349603 99.825376712435713 13.380142320321523
125.83838222685232 99.428209033171839 13.349479918353108
125.36059004418236 99.035888822390589 13.310315462307075
124.88037427950286 98.647373851384799 13.267333129696585
124.39761313657424 98.261695026240005 13.225213020965757
123.91199911633619 97.878190878407182 13.18854860370069
123.42313525374398 97.496758083861337 13.161793489802289
122.93064540077083 97.118020895675954 13.149277502160075
122.4343144963817 96.7433667118068 13.155277685728725
121.93426838742502 96.374816156246709 13.184091571658616
121.43117311700048 96.014739645089037 13.240046189054736
120.92639852383185 95.665488173988123 13.327391736427236
120.42209028319651 95.329022364272305 13.450063111672536
119.92111734136529 95.006615656167369 13.611343516315253
119.42689275896058 94.698688248110486 13.813511460609933
118.94310983264459 94.404778142738806 14.05755648368066
118.47347340068228 94.123602670103324 14.343037845636569
118.02150947589855 93.853134900389136 14.668115774512668
117.59048286813653 93.590665270331613 15.029736550926028
117.18339273839452 93.332894657964289 15.423931307379789
116.80297518796297 93.076078721531175 15.84612547132668
116.45167670586528 92.81625236104162 16.291438919452762
116.13158727775048 92.549513209572964 16.754941121816287
115.8443520353337 92.272314937270721 17.231856624003392
115.59109806146633 91.981731291072037 17.717749315726447
115.3723898817282 91.675659870453259 18.2086991278608
115.18819562600682 91.352940081995214 18.701456050721038
115.03783484517905 91.013360314836845 19.193533004992684
114.91990604540774 90.657540440587255 19.683200861578165
114.83223160600296 90.286702783353093 20.16937382193996
114.77187222394804 89.902375832798825 20.651399934454044
114.73525402386844 89.506087905632384 21.128787208471927
114.7184121646256 89.099099339343084 21.600901490264899
114.71730134879404 88.682185266971629 22.066654939281804
114.72806883330377 88.255499208055795 22.524251800771033
114.74724554847991 87.818474027545818 22.970977518958126
114.77180085544043 87.369849433464708 23.403172459248793
114.79906108860438 86.907832836350849 23.816441954403487
114.8265326272292 86.43041370754419 24.206150127693316
114.85169571053643 85.935828346769654 24.568190506053575
114.87183421174902 85.423132149562718 24.89994636643657
114.8839613912531 84.892752393627973 25.201226635328926
114.88489979066792 84.346783889285035 25.474788102994996
114.871547212842 83.788914551200179 25.726243805678642
114.8413305968338 83.223906140663146 25.96318431926851
114.79276942985651 82.656746938692564 26.193677454984304
114.7259861793902 82.09166353185347 26.424479273286963
114.64295557358298 81.5312325879311 26.659444623560717
114.54729870034164 80.975881483556478 26.898711157490297
114.4436872816616 80.423805048966273 27.138711683645646
114.33688363880842 79.87133085224869 27.373030069593401
114.23060566661448 79.313698809106668 27.593944708219979
114.12653427626574 78.746065635459331 27.79422199339637
114.02369726410349 78.164608716625466 27.968840120645648
113.91836206909457 77.567634704291279 28.116388612728056
113.80440484964736 76.956601157874971 28.239932166638926
113.67401841466659 76.336937882454762 28.347153266500094
113.51863829695131 75.718502245262002 28.449624100306089
113.3299927503207 75.11550177075722 28.561221779054616
113.10117755931529 74.545766093809092 28.695932119480453
112.82762664512883 74.029351324023807 28.865481573840462
112.50782363301549 73.586589063473838 29.077315968537992
112.14362046844677 73.235818309192638 29.333422008042405
111.74012231761009 72.991309120165013 29.630365884062339
111.30544867897777 72.861345906940386 29.960238799669536
110.85022108343649 72.847076607933928 30.312831491168392
110.38697020767781 72.942282955824723 30.678222881181856
109.9293905629975 73.134136948451683 31.04915459790336
109.49143420553152 73.404768983277677 31.422517225054232
109.08626387382587 73.733424861887556 31.799565745971247
108.72521031551338 74.098827290482745 32.184946718002855
108.41690859174028 74.481452676661931 32.584946315612044
108.16681890535888 74.865379656822455 33.005533344189097
107.97713138814785 75.23954949002848 33.450711279178073
107.84705897237309 75.598237501314657 33.9215012595226
107.77335005334764 75.940771372275748 34.415651656789024
107.75094318988251 76.270534296663399 34.928048585541283
107.77364817215255 76.593625996247425 35.45152569634498
107.83485772551535 76.917400784384441 35.977853896507739
107.92827097548275 77.24907744802816 36.498726994575705
108.04851566386203 77.594709133392698 37.006495004777818
108.19158772222508 77.958601836597836 37.494568664555445
108.35504529707839 78.343177351240143 37.95750637339988
108.53794631601296 78.749169959259376 38.390882335105609
108.74055917185431 79.176014950174022 38.791055400924805
108.96394201156195 79.622290601808047 39.154933265669008
109.20953209918213 80.086107005216718 39.479775700012063
109.47887837772993 80.565363832139255 39.763054742811967
109.77352988099956 81.057888733719082 40.002350401569174
110.09502345599088 81.561493400623931 40.195278101056083
110.44489403274933 82.073988683289073 40.339456338673983
110.82467675298103 82.593185488984744 40.432503326542388
