#spline3d 5 121 5 121
122.83864742040576 87.253656395026468 1.2909792537449982
122.86067310673586 87.018974079294068 1.8918506673586348
122.91575730052357 86.787795611155474 2.4737628225843977
123.00130348947982 86.559782378116282 3.0446512516801807
123.12441764235729 86.336567998460879 3.6117200247947556
123.22087302238826 86.105069322208749 4.1872376166386935
123.15714618995077 85.803281613445819 4.744298300231593
123.05608043134107 85.314724196358839 5.1218816442655433
123.00157676505117 84.80649306446881 5.4771514794496854
122.99126555466478 84.464542785231487 6.0063952548173614
122.9387225001157 84.090601795483096 6.5071952651083143
122.81385899139114 83.69633470106794 6.9732643078084999
122.62763027181494 83.351086413578585 7.4533923473236374
122.4878050753117 83.007989439525318 7.9578515785824022
122.30132007314572 82.635866347047056 8.4359636340470772
121.92432366002549 82.349168616735156 8.8368049319433535
121.43279811833438 82.180159045272717 9.2033245836126678
120.93225529267423 82.008093921275346 9.5304240776485223
120.40245096901104 81.76103497115875 9.7459183399074085
119.84403128261039 81.517442593587049 9.8941048581329358
119.29560514141819 81.252302914632835 10.018045592378451
118.75249485273758 80.958791314242475 10.107279207662494
118.16866236529815 80.751183094409726 10.171515933744868
117.57886551936831 80.562621496544068 10.249792817013544
117.01126097226468 80.343786236537483 10.387611716785557
116.45256635390257 80.093964486603838 10.495397185192978
115.89327192587749 79.815627944371997 10.529113980516273
115.3665280901609 79.486189317670835 10.580890640087283
114.88653806972404 79.100444677907575 10.67784877822724
114.40932613401159 78.714638009137303 10.789712720387415
113.90532732551776 78.368146946979095 10.905920721731082
113.37473303088902 78.068392335357132 11.035428131947342
112.83800404302418 77.772504052189362 11.151015665954516
112.32766897064118 77.438967637981136 11.274240412390832
111.84650315874249 77.070579002580487 11.419803804388552
111.35800042655575 76.706005517738049 11.557722439904397
110.83080014970523 76.398406558821549 11.672611568950689
110.26732128912049 76.133989796250049 11.738027712857571
109.73847299769216 75.807416828412585 11.799496785258203
109.28639642672886 75.400133261124893 11.9444539480348
108.80297488742376 75.043935353363153 12.105332202918893
108.26416995014314 74.772204178001644 12.270947224708966
107.7762254214651 74.482839646529783 12.531404683220538
107.31545865901326 74.218119007921132 12.859860771265442
106.8677411081833 74.000178755993772 13.234204642602082
106.45431688919571 73.75938002214528 13.637772715739622
106.07117188388689 73.599334800266362 14.098773563249404
105.73133210431405 73.517005889839822 14.620314144938069
105.40171452467392 73.467409769878842 15.145822391650245
105.01539772227508 73.467175311317277 15.633563531774284
104.61320224613111 73.458269773114225 16.109846485802148
104.20152370840175 73.397736967043556 16.575280722246191
103.84685958158408 73.361650068577305 17.085853273774696
103.53131584471781 73.440166996321736 17.623838942789341
103.29477032687645 73.521663131837528 18.192400871770609
103.14902735052152 73.584522094627118 18.797169263912991
103.00899271375164 73.705487049995853 19.393990745298581
102.81230464848892 73.896843912380291 19.952647574930676
102.60377183587363 74.100835194413349 20.50343264069345
102.43253576732658 74.271157541346213 21.078368281320845
102.22269194834016 74.386029964437526 21.653914446300508
101.97490757864875 74.446189311243472 22.223296602846901
101.70405306090348 74.453231077706064 22.785390471436493
101.48078132962073 74.446345266241124 23.366056971481388
101.30776360506381 74.433478552318604 23.963942710202314
101.13187459596409 74.416970312239869 24.564936516789906
100.9318486651193 74.305127198593937 25.146260411038369
100.76470746514755 74.047218760013422 25.693274580528154
100.65087563158768 73.702386927655354 26.206506589467331
100.53698960273533 73.266252925334157 26.636347342109758
100.37173240814745 72.75609512510222 26.969468794715205
100.1968607925555 72.206619833608528 27.207569259275019
100.05954948263218 71.612981470752345 27.342002085292552
99.95809042342124 71.009103278312892 27.46586012683164
99.880061776233461 70.397741719183699 27.545791120958178
99.810526038631636 69.779339272165871 27.580721377375536
99.726950317891536 69.162787979236768 27.607586822318286
99.64919940850497 68.545976677816313 27.636595417021699
99.619517765402321 67.929976090467321 27.724866998167453
99.609277882710529 67.318797702356875 27.849132775649366
99.589529179075527 66.71225936086833 28.001555502545969
99.666784191789915 66.108075187703619 28.120232651364397
99.809741772476755 65.499406043441553 28.169449137941633
99.863255932347698 64.876971075128267 28.178590588978587
99.881922395408267 64.260730228511463 28.267158491336012
99.886603080583129 63.664811402227173 28.461004831261526
99.830518779047338 63.092187211018114 28.698219768992939
99.760219196199586 62.571118917638501 29.055134292442599
99.721877930123696 62.178675195938453 29.553598943314768
99.707136087406667 62.002546530250626 30.161577820099119
99.680121581290663 61.960104301953045 30.786174693173081
99.615685062051796 61.895946397993363 31.404635183145203
99.484364035969676 61.888081834128819 32.011684290517778
99.338198899499318 62.019745710042542 32.607804537789683
99.216524842597693 62.216107819920481 33.1929570503642
99.046096814794836 62.543898312131979 33.702713308818318
98.905715826248681 63.011836503871102 34.101353093445304
98.884018564067247 63.570468655444436 34.38561086913186
98.856154858903508 64.12995074528979 34.65860712051628
98.791268765017449 64.678100996414656 34.945176751259773
98.703530523555671 65.218201670268215 35.246398230819544
98.705449063548471 65.754466078427015 35.561751710174164
98.77161740468992 66.304532995847779 35.852632435894009
98.857087496972611 66.891724497891332 36.057204486139803
98.989840658182558 67.493319131960959 36.152388314570203
99.179201010468844 68.088260143382513 36.180082738839843
99.417164562807272 68.662605707102628 36.231221892731895
99.646282035636375 69.228483931926363 36.35144168834352
99.860511831729767 69.786795128044815 36.5296946307813
100.10541819997094 70.328690935730194 36.71489230881788
100.37279446445127 70.872747946698055 36.859507069288448
100.66702819145033 71.411514513453653 36.964915973537572
101.01357405304567 71.922526622719815 37.059158699851146
101.35003775727027 72.421316911787798 37.223804156781362
101.63547205732569 72.915335749828571 37.481204177169211
101.90260279880076 73.386309350553773 37.791585210388817
102.15273893291355 73.828304131990336 38.150109788599806
102.3520654018528 74.246924593883023 38.577264462882042
102.61269329863492 74.580182318165782 39.032665962660914
103.12315307512392 74.694746968405639 39.465302382580688
104.06228336225581 74.465650842920923 39.825864010574549
