s,curvature,torsion
0,0.032183337518929,-4.47186923919758
0.0678562072876788,0.0251732062885354,-7.19300156295137
0.135790283663732,0.0281754523163227,-5.67929716332891
0.203798270198606,0.038771277898835,-2.94170836475227
0.271876258743028,0.0524274788320301,-1.5422694699074
0.340020198809989,0.0672118734962084,-0.863752586753499
0.408225701916032,0.0824521413653482,-0.493286513995369
0.476487843099645,0.0978939996559115,-0.264817020587569
0.544800959953687,0.113442322721373,-0.108706447528931
0.613158450377073,0.129078270048954,0.00714451625697851
0.681552571370586,0.144829925020058,0.0988402603462237
0.749974250048812,0.160713220766289,0.174799223798842
0.818413095201782,0.176574914460847,0.240717042427613
0.886857883171423,0.192221677511374,0.301153114388085
0.955297178915287,0.207468100057152,0.359562010942454
1.02371988610432,0.222140183561434,0.418699910956395
1.09211570755559,0.236080465158446,0.480897449615957
1.16047550804864,0.24915514580867,0.548236490190398
1.22879157573701,0.26126369075508,0.622649872087875
1.29705778362965,0.272351419934738,0.705945995224161
1.36526965907446,0.282425598202642,0.799742877674945
1.43342438083442,0.29157588897283,0.882235491867718
1.50152082725996,0.299916889960537,0.934251930688217
1.56955985961773,0.307446671017762,0.960730394524772
1.63754467408165,0.314015884386993,0.966541005871595
1.70548107869695,0.319330162936234,0.956672201263419
1.77337763536895,0.322964425591144,0.936167019058643
1.84124561022273,0.324385426526138,0.910013708916071
1.90909868210924,0.322978872314325,0.883149836941355
1.97695237269177,0.318077881402207,0.860709570305215
2.04482318244462,0.308990312588613,0.848679691843947
2.11272744185317,0.295284572634575,0.857997062001777
2.18067988876248,0.277599998185681,0.892228711157357
2.2486922112649,0.256865972153045,0.948935358595426
2.31677204156438,0.234007743530812,1.02635590465895
2.38492251276084,0.209911923970541,1.12198713157782
2.45314231243043,0.185391030046911,1.23053573260229
2.5214261371045,0.16114188219943,1.34065176661425
2.58976543876607,0.137692698324048,1.42962888690885
2.65814935336058,0.115337799178092,1.45432952054338
2.72656571116633,0.0940720569740796,1.33157720458747
2.79500204269957,0.0735393600183663,1.03265557335498
2.86344637207922,0.0531876852353235,0.511156461377599
2.93188753172593,0.0327850570040305,-0.936499616069316
3.00031528083099,0.013574730130739,-11.4486281540343
3.06872042949946,0.0150525707030025,-9.55723289879866
3.13709499857057,0.0355661455408278,-1.14272631124384
3.20543241603061,0.0576742298791387,-0.0580353457325798
3.27372773229609,0.07986469421085,0.215531179628492
3.34197782218771,0.101556065445967,0.297239899025201
3.41018153113879,0.122233277895653,0.315356926953111
3.47833972003445,0.141437984493506,0.316689855659304
3.54645523541338,0.15897275939692,0.31743495200688
3.61453291427558,0.174702596704612,0.318614933446774
3.68257953169396,0.188487775614784,0.320897643572128
3.75060362485709,0.20018602717364,0.324853781017662
3.81861519192278,0.209655443238269,0.331088442627497
3.88662526961695,0.216757711392763,0.340339223839279
3.95464539677176,0.221361396142251,0.353582356947868
4.02268697460267,0.223345069805,0.372178789610173
4.0907605383481,0.222600210968738,0.398101790944372
4.15887496086071,0.219162615992721,0.431477786430729
4.22703667579427,0.213595176488888,0.469053599403257
4.29524913069873,0.206589346567193,0.507645765069424
4.36351252086618,0.198826632231393,0.542522487989804
4.43182376930392,0.19096830932352,0.566842796777773
4.50017673052583,0.183643465140811,0.571510963829164
4.56856259042071,0.177436037082023,0.545921960813672
4.63697043239519,0.172873781771419,0.480046337047699
4.70538794265896,0.170425097092906,0.367803197306662
4.77380223468801,0.170511166942401,0.210720737200678
4.84220078181619,0.173335577948089,0.0522977748378853
4.91057238405123,0.178324422970336,-0.0630564773632396
4.97890795732917,0.184744409481715,-0.133216042398442
5.04720111200688,0.191876498529942,-0.162850564212345
5.11544855339004,0.198993870737834,-0.158961070246109
5.1836502900896,0.205352912277076,-0.127827659364351
5.25180962488726,0.210195101518402,-0.0732740152192446
5.319932901636,0.212757093032921,0.00439397811237733
5.38802898870808,0.212287671822932,0.10957457378701
5.45610849468974,0.208072845726034,0.253696842066605
5.52418273615237,0.199716434615692,0.429657253138645
5.5922625529933,0.187891390536608,0.628534951512238
5.66035725985403,0.173596276424603,0.86663421290097
5.72847395366905,0.157913927490406,1.15910233216118
5.79661719141976,0.142020223315164,1.51422952759552
5.86478899761087,0.127178455689357,1.91778819514525
5.93298913829713,0.114671911995708,2.30614652144654
6.00121558413916,0.105598315439878,2.55078590862517
6.06946507879534,0.100505246104555,2.5099311516684
6.13773373061889,0.0990704867379266,2.1422318560024
6.20601755298331,0.100158344360347,1.59785660888148
6.27431284992303,0.102353816180525,1.04785756763768
6.34261633890726,0.104559229273852,0.539530744565984
6.4109250903274,0.106085871069089,0.0717460927974783
6.47923636269688,0.106604714047008,-0.377597750897187
6.54754737216787,0.106103563022135,-0.835434507997801
6.61585503352961,0.1048838020964,-1.32310738501478
6.68415571040365,0.103596445073227,-1.84245708936173
6.75244501308001,0.103286908328014,-2.35355879364102
6.82071768336573,0.10536788676739,-2.75791022404786
6.88896761074189,0.111368039510989,-2.86450872248448
6.95718811370269,0.122145924065747,-2.61261090500697
7.0253726502683,0.137335486136661,-2.17001997236416
7.09351575353305,0.155699207707129,-1.70488519692127
7.16161399579304,0.175669523047775,-1.30056734572126
7.22966685476374,0.195669509253834,-0.974177728507136
7.29767735209403,0.214218870958771,-0.714338855958363
7.36565233936865,0.229944090499489,-0.502362560998635
7.43360232459872,0.241567123330304,-0.319464949127284
7.50154076360296,0.247900484219679,-0.147246523392322
7.56948278893577,0.248155702990905,0.0108751104830094
7.63744351307369,0.242856891901137,0.15246709589539
7.70543638776318,0.232925117202954,0.293424345207113
7.77347194046078,0.219348646571549,0.446088151392594
7.84155695718045,0.203164649956067,0.621306756974639
7.90969413322379,0.185450055110932,0.828471676090641
7.97788217082731,0.167316501858422,1.07278721561223
8.0461162694242,0.149898545460378,1.34783754547801
8.11438893167509,0.134311908635946,1.6220441028809
8.18269099614314,0.121545212620317,1.82468812490936
8.25101279816058,0.112167699372952,1.90733572854923
8.31934520366216,0.105968486702416,1.8737353566494
8.38768014987936,0.10241499711304,1.72722186032773
8.45601089474375,0.100843565908287,1.4996329990983
8.52433214579435,0.100563927854712,1.23254070418479
8.59264009310337,0.10095067271741,0.959574999117711
8.66093236248125,0.101491923531521,0.699893462950406
8.72920790359455,0.101798622023309,0.460144235263941
8.79746682624513,0.101592024158589,0.238903117058275
8.86571019688276,0.100684678875172,0.0302259417057069
8.93393980688014,0.098990304339359,-0.166993060634924
9.00215793551589,0.0965905907233899,-0.353171318546678
9.07036714507674,0.0936389077325934,-0.533264778452296
9.13857010818255,0.090319425383308,-0.709262555586071
9.20676946165325,0.0868348264925473,-0.879697531092311
9.27496768702846,0.0833931109792276,-1.03911383864585
9.34316701592539,0.0801914950229194,-1.177973725421
9.41136935653752,0.0773966609564045,-1.28369282796924
9.4795762361559,0.075122868824488,-1.34326812589334
9.54778875364057,0.0734122859331803,-1.34702342559292
9.61600753633278,0.0722514672426428,-1.29185028812345
9.68423272206184,0.0716560980337265,-1.17428592070258
9.75246400953941,0.071597236709154,-0.994517071650042
9.82070073829265,0.0719928408124305,-0.758831600896507
9.88894196915131,0.0727398692753202,-0.476225134106011
9.9571865616103,0.0737544294337631,-0.155463343687722
10.0254332479053,0.0750152702068304,0.195462325072222
10.0936807067506,0.076607716231499,0.566701033287716
10.1619276434168,0.0787645342765679,0.941159341936249
10.2301728871739,0.0818947227096546,1.28879264792214
10.2984155218038,0.0864616153779431,1.49793474125442
10.3666550583384,0.0924521164638026,1.51966533576442
10.4348916197082,0.0994694345422149,1.42291116190183
10.5031260965516,0.10685003432388,1.27411073503419
10.5713602371311,0.113755274822487,1.1199866952881
10.6395966270375,0.119260162065752,0.986996532450213
10.7078385156815,0.122412780468034,0.889035679318547
10.7760894568727,0.122267803509237,0.836527430171305
10.844352749905,0.117906094514948,0.846558264623346
10.9126306954087,0.108453811618236,0.961618175761909
10.9809237213443,0.0934556234693831,1.28639439487332
11.0492296088692,0.0739817152105403,2.08546334797541
11.1175432476432,0.0520575737003283,4.33371869513686
11.1858569237673,0.0326836763304888,11.3850050062079
11.2541610126519,0.0315135384483911,12.730078154
11.3224449818455,0.0519809316385735,4.88547596580876
11.3906985783514,0.0784760746122001,2.25546695332193
11.458913053843,0.105202817458721,1.33759957226129
11.5270822731324,0.129976997702722,0.951522679419393
11.5952035562284,0.151343480394638,0.780497692599266
11.6632781211277,0.168258910262425,0.708868688580425
11.7313110019509,0.180581184323273,0.68238049806116
11.7993104568584,0.188395825049741,0.684051255949795
11.867287118078,0.191799814529671,0.708011100666911
11.9352530252326,0.190902748306227,0.754462127586321
12.0032206098952,0.18583106949772,0.828785715994297
12.0712016920896,0.176736082644273,0.943245077588431
12.1392065449893,0.163810715324661,1.12220289064882
12.2072430800912,0.147328397298612,1.41482643768011
12.275316201828,0.127740497450355,1.92653226406494
12.3434273803412,0.10612176536132,2.86319281013369
12.4115745499247,0.0853216248834589,4.51370930630345
12.4797525151591,0.0704330337506223,6.69167779248155
12.5479538068464,0.0680704852138675,7.17116761646068
12.6161698165374,0.0796277371049679,5.20115613264247
12.6843920432957,0.0991787074917162,3.30616980864596
12.7526132795131,0.120870045121415,2.18915360286578
12.8208285679395,0.141168624766986,1.58287475137879
12.8890357814668,0.157847378589751,1.26200077594858
12.9572357112887,0.169266493357169,1.11603650962109
13.0254315983058,0.1744730925775,1.09117655953413
13.0936281311221,0.174242319246221,1.14286693529806
13.1618302215417,0.169836481505463,1.2475869083063
13.2300419860826,0.162565575775516,1.38882776959712
13.2982660843586,0.153735935334369,1.54560782357301
13.3665034324765,0.144574182948125,1.68414443287883
13.4347532563329,0.136110138195068,1.75461951441248
13.5030134144185,0.129027099505782,1.69884790395346
13.5712809010019,0.123537327643481,1.46891955377986
13.6395524381284,0.11938318589783,1.04178782628595
13.7078250741767,0.115956432165608,0.532823854830131
13.7760966282903,0.112485412575615,0.0746046541199249
13.844365769879,0.108558259951673,-0.329198826865211
13.9126319084435,0.104077208033958,-0.682805664713034
13.980895044928,0.099104384524765,-0.989679902759915
14.0491556190799,0.093738199879712,-1.25094026864143
14.1174143628862,0.0880172643230605,-1.46850875267956
14.1856721561557,0.0818527082722112,-1.65178611302744
14.2539298726436,0.0749955091242595,-1.82788814398406
14.3221882037699,0.0670477752960902,-2.06048679226629
14.390447453139,0.0577109007898794,-2.53464224477427
14.4587073394223,0.0475654626870022,-3.53835385798875
14.526966908079,0.0380395645649625,-5.43873237682505
14.5952245592115,0.0319509306059674,-7.80687019429089
14.6634781641996,0.0329707853956957,-7.59660781550473
14.7317252524099,0.0412864501281532,-5.10769936727267
14.7999632432581,0.0536817189761044,-3.22890834321423
14.8681896941789,0.0676299833639946,-2.1998351775968
14.9364025325868,0.0817582004712408,-1.64616950602817
15.0046002396809,0.095240634476514,-1.34235279493931
15.0727819581065,0.107549944762138,-1.15364769031345
15.140947554302,0.118485456642337,-1.00661938527871
15.2090977270261,0.127876215910593,-0.881087725889104
15.2772340943788,0.135504006255436,-0.766341243172203
15.3453592028658,0.141108247299192,-0.655403979492388
15.4134764487174,0.144394338502901,-0.542204831121719
15.4815899072478,0.145043976091486,-0.419572245558523
15.5497040722256,0.142727626516226,-0.276861259445259
15.6178235160114,0.137121284652788,-0.0957269239529837
15.6859524925672,0.127933869825184,0.159269675509582
15.7540945185332,0.115136822511203,0.501539072366966
15.8222519759393,0.0995571068772647,0.963649377705564
15.8904258398784,0.0824040817755729,1.68457721837299
15.9586156650149,0.0652638310214364,2.91871440884139
16.0268198300421,0.0505289915033043,4.95253372947918
16.0950359733948,0.0418787961903552,6.9482122333705
16.1632615351303,0.0422805477466211,6.24166328500273
16.2314943128668,0.049398484559904,3.95719885891142
16.2997329427384,0.0582168480214839,2.29329763433574
16.3679772294524,0.065233590727347,1.31422069192363
16.4362282688621,0.0685999914300252,0.787148500790596
16.5044882538161,0.0681459952561373,0.564656167694427
16.5727598933345,0.0643054918050527,0.552297157929998
16.6410457370102,0.0576753284568961,0.774999633873921
16.7093475737795,0.0489964769940612,1.39340447053805
16.7776659398316,0.0393440285227763,2.8285104039964
16.8459997458228,0.0308368436047916,5.70496425321999
16.914346021174,0.0280138784756235,7.88195861411757
16.9826997689565,0.0351073074271234,5.12329021903108
17.0510539287708,0.0501469936176875,2.15411392030356
17.1193994656508,0.0700021736499119,0.72374091817298
17.1877258199254,0.0926168357813274,0.148329821789438
17.2560220362873,0.116678902195016,-0.0804252991216029
17.3242781447174,0.141123864093286,-0.164670771078122
17.3924864885799,0.164915223538519,-0.185241681291365
17.4606428855164,0.186988973999245,-0.176107447464828
17.5287475038822,0.206243796525091,-0.151819021568324
17.5968053396419,0.221546931073267,-0.11805628974021
17.6648261956475,0.231747948927267,-0.075687445753245
17.7328240981598,0.235697748556551,-0.0218429322458308
17.800816129849,0.23259908820111,0.0468584591979676
17.8688206386026,0.223012999413766,0.138823967500178
17.9368550191732,0.207885969673966,0.27260640340075
18.0049337369045,0.188235061318156,0.479413620480493
18.0730668745207,0.165191053932638,0.816630970256428
18.1412592391285,0.140119971724634,1.39471396225379
18.2095100146822,0.114939376999612,2.4178424983906
18.2778129105047,0.0928748632565128,4.12332732906705
18.3461567332204,0.0796155857017073,5.96385366048134
18.4145262973164,0.0817112128797871,5.71037272308771
18.482903593612,0.0991082840127263,3.68291112342019
18.5512692759143,0.12530938450184,2.0522688618947
18.6196045645066,0.15502151119645,1.10594376472642
18.6878931598698,0.185265217667974,0.566304473679611
18.7561228862917,0.214206663377712,0.238164413863444
18.8242869370846,0.240486030921697,0.0190289714611975
18.8923846058384,0.262945391793598,-0.145479815361249
18.9604214063907,0.280532135771423,-0.287436100799616
19.028408515869,0.292281451086126,-0.429763347273152
19.0963615213766,0.297343024358368,-0.594082051660444
19.164298513372,0.295394108964155,-0.777048927924359
19.2322377325109,0.287698901085779,-0.964795133510151
19.3001953938904,0.275943165122447,-1.16033113093331
19.3681842041466,0.26180580963159,-1.35822905576189
19.4362126409266,0.246865265371278,-1.54262976775001
19.5042849195829,0.232464866623515,-1.68629937705727
19.5724015055547,0.21953924126554,-1.75434744964769
19.6405599913944,0.208438793279566,-1.71419688583091
19.7087561438859,0.198828911607286,-1.54646547704754
19.7769849378952,0.189740621679907,-1.24564748874812
19.8452414216163,0.179889916964034,-0.89152372254503
19.9135211606127,0.168454345780922,-0.560465664435968
19.9818200487762,0.155160709031632,-0.234721518864523
20.0501339225372,0.140115088265695,0.114085112397295
20.1184582630028,0.123717588368793,0.527411912877021
20.1867880531388,0.106633034788614,1.06670458978081
20.2551178122532,0.0898269523653561,1.81779698747339
20.3234417992286,0.0746745628798892,2.85562812352887
20.3917543520839,0.0630607577746338,4.05148062118137
20.4600503143973,0.0570075502517211,4.74568408700348
20.5283254874715,0.0572422805244822,4.34794870152234
20.5965770130893,0.0623714994223497,3.31173202437344
20.6648035888877,0.0700826337677418,2.31562975548254
20.7330055531038,0.0784609102504515,1.58444278347866
20.8011848658425,0.0862539952083459,1.08312587900626
20.8693449854998,0.0926649852396733,0.73543799465117
20.9374906416815,0.0971545687367399,0.482017989255825
21.005627510634,0.0993265838205349,0.282109312960012
21.0737618044604,0.0988696021532185,0.105541888140684
21.1418997911636,0.095529506696818,-0.0760026071069236
21.210047270166,0.0892098634607025,-0.290457532907668
21.2782090729885,0.0803041748814881,-0.58067257744215
21.3463887143954,0.069395612735695,-1.03518367336851
21.4145882013462,0.057230338871732,-1.83751143982463
21.4828079766817,0.0449564676687899,-3.37537924382063
21.5510469870914,0.0347795486800867,-6.08906695338486
21.6193028566264,0.0308231750263227,-8.01044678869926
21.6875721399356,0.0360296681326856,-5.78510837111721
21.7558506246779,0.0474759767993576,-3.10891240120973
21.8241336501272,0.0613500852472591,-1.60405371258688
21.8924164097645,0.0757002797561727,-0.829221522815635
21.9606942328331,0.0897152202882257,-0.422180626638087
22.0289628694836,0.10303096548205,-0.192229159189912
22.097218740012,0.115437243971246,-0.055346186578037
22.1654591234935,0.126781529029294,0.0285812829322654
22.2336822835547,0.136932314042761,0.0802520641721265
22.3018875298446,0.145763947235222,0.11104652002362
22.3700752140316,0.153150288546566,0.12751006825326
22.4382466598655,0.158962352382763,0.133480295225013
22.5064040279916,0.163067889357462,0.131140888684876
22.5745501185141,0.165374872471685,0.12538581716299
22.6426881369482,0.165961906975703,0.119741305256804
22.7108214854644,0.164951039311341,0.113495618938741
22.778953590883,0.162464725832594,0.105925433582152
22.847087766427,0.15862540836163,0.0962046393504866
22.9152271131987,0.153555074195271,0.0833069030133077
22.9833744659451,0.147374906201538,0.0658814658580561
23.0515323858729,0.140205156596227,0.04207659181088
23.1197032016893,0.132165427521371,0.00927185552394662
23.187889098683,0.123375635944154,-0.0363452532159033
23.2560922491292,0.114008597010527,-0.087443968651649
23.3243148500964,0.104443394908809,-0.131803854158005
23.3925588705694,0.0951108370415126,-0.164625625192353
23.4608257362381,0.0864377722342562,-0.176810382024695
23.529116073332,0.0788430797932954,-0.154574389788335
23.5974294986894,0.0727371818129975,-0.0819734683058166
23.6657644407956,0.068529070974392,0.050747419606068
23.7341179818984,0.0666438720603015,0.233259159253972
23.8024857190159,0.0675457409124452,0.425926173909691
23.8708616516973,0.0717483474235625,0.572522165185762
23.9392381235497,0.0796029677427547,0.611055014935769
24.0076060137901,0.0906606165845893,0.555693404812417
24.0759554348086,0.104212705892526,0.466045072162223
24.1442766188255,0.119509783213607,0.376775562350127
24.2125607976329,0.135786093553605,0.301250890392661
24.2808010336204,0.152269123387116,0.241863761544193
24.3489929534535,0.168180507158901,0.196896770680297
24.4171353277926,0.182734712852706,0.163721495538174
24.4852304385454,0.195138972703867,0.140002067200069
24.5532841797046,0.204595827309361,0.124062438465635
24.6213058450936,0.210494694952989,0.118423001435892
24.6893074938115,0.212980334137651,0.12483325960527
24.7573028747144,0.212402550977433,0.142450049749254
24.8253062787752,0.209130606996103,0.17181896219106
24.8933314963198,0.203552496636374,0.214568455538883
24.9613909122365,0.196074555389852,0.27330674804686
25.0294947565026,0.187122483290956,0.351567538361377
25.0976505175711,0.177145024471349,0.45363922206692
25.1658625178405,0.166621497664612,0.584001620072174
25.234131643847,0.156073836980823,0.745878874459963
25.3024552220184,0.146073658664403,0.932861805078
25.3708270969443,0.13721849753811,1.12854776914351
25.4392380070191,0.130128087336481,1.30820665744176
25.5076761190883,0.125404604198969,1.43414370601373
25.5761276327295,0.123552632972684,1.46619081824376
25.6445774382157,0.124889228221975,1.38166071424084
25.7130098190896,0.129496625572004,1.19011479533533
25.7814091952969,0.137257444368359,0.928100855078102
25.8497609088825,0.147956254028725,0.639374900120293
25.9180520613291,0.16139129414188,0.358506993481664
25.9862724182356,0.177260728686789,0.129853764275332
26.0544153541339,0.19462146499082,-0.025466168278864
26.1224786760644,0.212430387445213,-0.124631597054671
26.1904652178551,0.229674228661211,-0.185024692007358
26.2583831490897,0.245334178301729,-0.220480869134085
26.3262459220985,0.258374869166438,-0.241103252167463
26.3940717808973,0.267749313627181,-0.254190416926857
26.4618827715293,0.272413087389247,-0.265379361735743
26.5297032229465,0.271342448395438,-0.279858506811585
26.5975577107988,0.263551698834365,-0.303952828644847
26.6654685794601,0.248482033504506,-0.354768056353647
26.7334533929547,0.227133812473618,-0.45300690870644
26.8015231436139,0.20093412038699,-0.625231747855256
26.869681418163,0.171381478608891,-0.927502173587189
26.9379243961064,0.140140670813764,-1.48035823493086
27.0062415821928,0.10932492475798,-2.54588069423848
27.0746171303946,0.0822704186695648,-4.57670406416079
27.1430315865138,0.0650584820394802,-7.17307657039061
27.2114638639335,0.0647712797917155,-6.71758944402197
27.2798932697389,0.0791016133780598,-3.83570471592563
27.3483014082987,0.0991640268826918,-1.86725023649368
27.416673662545,0.11955927018958,-0.867607648844406
27.484999910115,0.138134301350516,-0.339671808205218
27.5532747344827,0.153950937406332,-0.03807789528632
27.6214973282998,0.166482576543106,0.147553555269881
27.6896711261378,0.175342738995312,0.270352875696252
27.757803194025,0.180188293481089,0.358784284952044
27.8259034048825,0.180684585429833,0.430612946225648
27.8939834353659,0.17649476459351,0.500018572733464
27.962055630321,0.167279677674146,0.583178259277541
28.0301317961945,0.152930255181961,0.718914416974783
28.0982220338372,0.134278546545569,0.964258083854521
28.1663338486964,0.11249785123235,1.41640987003087
28.2344717040809,0.0890312537211162,2.31350284953149
28.3026370070715,0.0660765161249206,4.24758575080735
28.3708284590912,0.0481283833664041,7.98008245571985
28.4390426749532,0.043777109501485,9.44803622851136
28.5072749561187,0.0556556289316736,5.60932089648172
28.5755200954021,0.0747850568263111,2.90853737802112
28.6437730909349,0.0946684051103868,1.64816904823931
28.7120296576087,0.112585110043766,1.03816101678107
28.7802864771896,0.127860727363017,0.711943262741115
28.8485412510513,0.140459360148786,0.513207259993058
28.9167926216785,0.150508337931811,0.377145237878707
28.9850400051065,0.158203265762763,0.273033820379275
29.0532833780222,0.163773318744942,0.184450363209534
29.1215230555199,0.167467565997,0.10157100333789
29.1897594880857,0.169550021805614,0.0178745441507974
29.2579930999793,0.170299150601076,-0.0713284080275668
29.3262241857861,0.170010284885802,-0.169483434063989
29.3944528767939,0.168940582666831,-0.270936139159568
29.4626791627831,0.167131447037487,-0.370178580074034
29.5309029084893,0.164582317409224,-0.470119582679324
29.5991238552894,0.161308225801257,-0.573907883656854
29.667341622107,0.15734016528596,-0.685090511623644
29.7355557102377,0.152727630026317,-0.807789251745001
29.8037655160263,0.147543796848126,-0.94686155771163
29.8719703553311,0.141894105040915,-1.10796150354546
29.9401695038773,0.135929260876873,-1.29730298515821
30.0083622579586,0.129863739736933,-1.52070766336526
30.0765480190637,0.124053019569427,-1.76017370873949
30.1447263760941,0.119118962643855,-1.97283231487632
30.212897155885,0.11565480199127,-2.11859240560143
30.2810605134262,0.114053484121007,-2.16051676057545
30.3492170748643,0.114409434972041,-2.08399636194103
30.4173681026986,0.116485416540914,-1.90539361836695
30.4855156503227,0.119767588457418,-1.66136727303422
30.5536626743573,0.123575666126867,-1.38940356733531
30.6218130765518,0.127172527101646,-1.11477359591185
30.6899716524552,0.129840361200707,-0.847668719619877
30.7581439284031,0.131038572457446,-0.60199042914163
30.826335809367,0.130786595707045,-0.376153765720491
30.8945529744009,0.129329830120322,-0.151344002632805
30.9628002312653,0.127009768751239,0.0864418108931275
31.0310809419202,0.124266236355491,0.345780230524991
31.0993965366022,0.121654633956409,0.626661015273865
31.1677461276743,0.119867945553218,0.914853243275397
31.2361262336551,0.119743948573869,1.17670567446279
31.3045306254947,0.122228365293145,1.36239665953527
31.372950311348,0.128273922046731,1.42585940059519
31.4413736923083,0.138489561976341,1.34226969411891
31.5097871423274,0.152372240064452,1.16158386887272
31.5781763106021,0.168938135646893,0.956649428323403
31.6465276305428,0.187074898003422,0.768557656286729
31.714829715965,0.205641781307049,0.612239932477691
31.7830745554205,0.223509402652035,0.488692835456018
31.8512584164373,0.239567009352572,0.393605693395835
31.919382371924,0.252720020934856,0.321656818966883
31.9874523718959,0.261889037765607,0.268226152440602
32.0554788059418,0.266013696933324,0.229959896356695
32.1234755337878,0.264315524584194,0.205450626618948
32.1914583835192,0.257072440151939,0.192189389019209
32.2594433487322,0.244854936296297,0.187941784129274
32.3274449665637,0.2282609697302,0.192195852854622
32.3954750666113,0.207903890340439,0.206086764251222
32.4635419325641,0.184401087792033,0.233088625553406
32.5316498847112,0.158365125508547,0.281192841910506
32.5997992655605,0.130399234313541,0.369261866222703
32.6679867897119,0.101100447100921,0.54848970682684
32.7362062029978,0.0710825748647705,0.998013548637179
32.804449181959,0.0411173835047788,2.75448752382056
32.8727063389565,0.0139996717135411,22.6201442556026
32.9409681587683,0.0220930370259982,8.74372923904128
33.0092258832257,0.0484646514252101,1.7305052715006
33.0774723200069,0.073723303932142,0.687414571858537
33.1457024974665,0.0964295783147896,0.34442422898594
33.2139140944984,0.115817481615608,0.178360213653105
33.2821075884611,0.131204842737773,0.0721792093485335
33.3502860830987,0.141932043552557,-0.0149196901656025
33.4184548024763,0.147355957475806,-0.105003190791167
33.4866202679285,0.14709877663154,-0.199799254553712
33.5547892658008,0.141777938052682,-0.29899946869066
33.6229678862665,0.132274820482257,-0.418052285719013
33.69116080801,0.119490009050509,-0.575932784683763
33.7593708685993,0.10434634793608,-0.802288272841063
33.8275989278114,0.0878025502482143,-1.14963628457857
33.895843999356,0.0708883497046689,-1.71687297012867
33.964103602139,0.0547848615510958,-2.68601328475679
34.0323742664173,0.0409843533800868,-4.29083427259295
34.1006521227089,0.0314123139229725,-6.19830051500896
34.1689334982415,0.0275233353402327,-6.7036978904568
34.2372153667898,0.0284139944530567,-5.37580370085453
34.305495467693,0.0316584517956913,-3.88104740419913
34.3737722463978,0.0354644329384436,-2.94897596751727
34.4420447352425,0.0391039221447457,-2.46759021088977
34.5103124030074,0.0424685271969327,-2.24633541775912
34.5785749932717,0.0457533233081415,-2.15247737205465
34.6468323675396,0.0493008818477628,-2.09511477742691
34.7150843657643,0.0535088650165503,-2.01160684203013
34.7833306943343,0.0587587012516433,-1.86818265094132
34.8515708518967,0.0652828826373775,-1.64687835896423
34.9198041508546,0.0728832933797277,-1.38560466312545
34.9880299043769,0.0811756323806557,-1.13391655721325
35.056247664089,0.0897299077086203,-0.91313048940022
35.1244574347717,0.0981090336300412,-0.727268052060586
35.19265984633,0.105884840560603,-0.572400932990393
35.2608562661706,0.112642642251745,-0.441860894471266
35.3290488372233,0.117981487916752,-0.328418855218892
35.3972404303757,0.121513594404307,-0.224763431111873
35.4654345050895,0.122864479859928,-0.122994056547457
35.5336348775386,0.121746641077799,-0.015225752848482
35.6018453865032,0.118179648334623,0.11001659917706
35.6700694707891,0.112281115092514,0.271041890991741
35.7383097528464,0.104209275580542,0.496671368305519
35.8065676785946,0.09419589851624,0.83799204470646
35.8748432327628,0.0826219204150953,1.39209560121144
35.9431347464867,0.0701997572534383,2.3435292134709
36.0114388126279,0.0584189417525794,3.96088738964616
36.0797503233322,0.0504236067895693,6.03525075312881
36.1480626437785,0.0510556879084941,6.50531432629252
36.216367937957,0.0625266256787982,4.62383812056858
36.2846577081149,0.081722589471135,2.77828291209462
36.3529236069164,0.104907866029661,1.68043079857323
36.4211583672488,0.129730324274699,1.0689342561525
36.4893567095553,0.154684191812154,0.715932771431051
36.5575161300943,0.178633042247822,0.501305722251819
36.6256374739365,0.200597004671651,0.364483829580719
36.6937252013223,0.219665775298606,0.273861571357415
36.7617872679007,0.234965183338731,0.212157502267229
36.8298345589383,0.245647865165548,0.169542994496121
36.8978798475827,0.25115214760665,0.14011835637381
36.9659363731353,0.251975888503024,0.118531661157779
37.0340164223631,0.248899223327749,0.100850277759364
37.1021301701724,0.242718971376272,0.0843437613562741
37.1702848365025,0.234240278695468,0.0667708516741195
37.2384841873859,0.224269306667617,0.0460362094428588
37.3067283816633,0.213607758247248,0.0200912654414763
37.3750141442136,0.203049448467688,-0.0129029844810143
37.4433352334183,0.193378458733031,-0.0540650526000042
37.5116831648159,0.185367877238946,-0.102887076324125
37.5800481497541,0.179592070552526,-0.152953562460893
37.6484200934401,0.175870007844217,-0.19763742523431
37.7167893371827,0.173828084452842,-0.235179767610266
37.7851471822498,0.173087040189101,-0.265217904561106
37.8534862909374,0.17326291251846,-0.288647600732533
37.921800978877,0.173968585605548,-0.307293302564929
37.9900874034272,0.174815650572515,-0.323563529431855
38.0583436493326,0.175416448705449,-0.340224018746021
38.1265697108552,0.175386369922707,-0.360359258381974
38.1947673693239,0.174346650875095,-0.387560969621026
38.2629399661252,0.172005071828671,-0.41719534759605
38.3310920715009,0.168383770354605,-0.441817195594812
38.3992290898663,0.163575883719316,-0.46110412550953
38.4673568799485,0.157664276548282,-0.474295521473579
38.535481412315,0.150719044083254,-0.480122997219409
38.6036084643866,0.142795307698195,-0.476634037516546
38.6717433516224,0.133931492779944,-0.460831905901129
38.7398906931873,0.124148388877843,-0.427959628823523
38.8080542104836,0.113449511978636,-0.370033095711862
38.8762365574657,0.101823814920673,-0.272652181222418
38.9444391837542,0.0893041433022787,-0.131945679556517
39.0126622612524,0.0761389495857983,0.0639277099698117
39.0809047356305,0.0626620622431389,0.376370743889359
39.1491644722974,0.0492729689762388,0.945305629649461
39.2174384587577,0.0365337926106769,2.12569504343845
39.2857230444107,0.025498558381269,4.78102680776896
39.3540141990545,0.0186726202782451,8.89734128068295
39.4223077718788,0.0195094662348757,7.35782250551273
39.4905997345469,0.0260600531669913,3.20215804603602
39.5588863950664,0.0341896422906014,1.01355807415266
39.6271645728759,0.0421934649124545,-0.0266469011063389
39.6954317157746,0.0497149392813548,-0.534079143945709
39.7636859405462,0.0568053453931547,-0.794940550536641
39.8319260399915,0.0635887148641744,-0.920231830292625
39.9001514835093,0.0701622964895128,-0.961166504232721
39.9683624158361,0.0765618891591024,-0.946318603856036
40.0365596530642,0.0827530211750745,-0.894222714705073
40.1047446713762,0.0886349124288394,-0.817722834333222
40.1729195813717,0.0940507436420168,-0.725532029447362
40.2410870794384,0.0988002819593742,-0.622916367361528
40.3092503661405,0.102718530138194,-0.535154731586537
40.3774129972069,0.105899620336044,-0.477126536218657
40.4455786400857,0.108524832556171,-0.439612340902807
40.5137508157384,0.110792524302344,-0.416307982635287
40.5819326674044,0.112912941048057,-0.402504431480479
40.6501267626161,0.115105089189096,-0.394352475002198
40.7183349323259,0.117594677169759,-0.388493626628593
40.7865581504379,0.120612546294793,-0.381950272207904
40.8547964570443,0.124393242584729,-0.372205747168491
40.9230489292716,0.129173552060992,-0.357398527101878
40.9913137056145,0.135128489424786,-0.340627291671367
41.0595880858238,0.142184303908601,-0.326995191814294
41.1278687134449,0.150208693851512,-0.317680776537253
41.1961517772395,0.159073965244442,-0.313219692584759
41.2644332046946,0.168657387005211,-0.313710741337562
41.3327088452102,0.178841680674562,-0.319001303659682
41.4009746406255,0.189515679706989,-0.328825466682694
41.4692267802219,0.200575197724818,-0.342893153384079
41.5374618371191,0.211924150293643,-0.360939429323294
41.6056768830708,0.223475977196367,-0.382745312684561
41.6738695814716,0.235142283064724,-0.395690225221726
41.7420383152278,0.246778508663234,-0.390582446309247
41.8101824312097,0.258195117599736,-0.371614278833319
41.8783024808553,0.269169291384155,-0.342011748961931
41.9464003759309,0.279450213266808,-0.304111196109788
42.014479437499,0.288765986040832,-0.259434135238463
42.082544319695,0.296831584263564,-0.208748621490663
42.1506007925781,0.303357559467836,-0.152101564162228
42.218655372584,0.308059445975104,-0.0888038848128237
42.2867147949247,0.31066802010006,-0.0173463152039458
42.3547853345483,0.311017868860567,0.0534358545153382
42.4228721218565,0.309282130616172,0.115018453330958
42.4909787594936,0.305726851187721,0.169324900199618
42.5591071645859,0.300621852252414,0.217461892866759
42.6272575447964,0.294231374163777,0.259884680394158
42.6954285071856,0.286805939281858,0.2964903154986
42.7636172970298,0.27857517864176,0.326666958850765
42.8318201587293,0.269741569323179,0.349317556476189
42.9000328072664,0.260475225920065,0.362868913950967
42.9682509962617,0.250910115974448,0.365269902965451
43.0364711590706,0.241123959207516,0.363272345657084
43.1046908964698,0.231101145188857,0.365702956114211
43.1729089472813,0.220818646504024,0.37338432133017
43.2411249529967,0.210267873809995,0.387365551300853
43.3093392240602,0.199453964333836,0.409011607928185
43.3775525191638,0.188395485431073,0.44012413866972
43.4457658400143,0.177124723187446,0.483106088601562
43.513980243428,0.165688808575545,0.5411846056776
43.5821966720565,0.154152061630255,0.618704660491892
43.6504158045328,0.142600126956805,0.721489011355189
43.7186379264718,0.131177915215732,0.851353298729633
43.7868628519585,0.120184294499095,1.00499027165262
43.8550899531169,0.109967657088615,1.17757537479352
43.9233182624164,0.100884052539013,1.35502395962161
43.9915466098639,0.0932742779430406,1.51002469794248
44.0597737801997,0.0874221303624635,1.60269821652052
44.1279986774894,0.0834987032158964,1.59126975249952
44.1962204864066,0.0815161458580228,1.45121543273154
44.2644388220373,0.0813253928063075,1.18909924606336
44.3326538632239,0.0826743685493591,0.83806291514636
44.4008664657749,0.0852727159666026,0.490414406260346
44.4690781940324,0.0888060766697297,0.222717376879842
44.5372911673986,0.0930741624102762,0.0396836540452595
44.6055078238904,0.0979646524373555,-0.064943272915469
44.6737306722454,0.10340033380224,-0.10209495288073
44.7419620404053,0.109308990768967,-0.0840196354293036
44.8102038216425,0.115613425319789,-0.0223652672499349
44.8784572171397,0.122236395685139,0.0728862030228242
44.9467224729982,0.129115366273482,0.193793631042827
45.0149986104386,0.136223203396102,0.334238447407927
45.0832831579635,0.143569623146417,0.455061315719844
45.151572079328,0.15111972549415,0.52799821083088
45.2198601973911,0.15879558922404,0.563227413325914
45.2881417957868,0.166473220948429,0.569563068956909
45.3564111964605,0.173976136860122,0.554424537364352
45.4246632921968,0.181077000569684,0.523780715620813
45.4928940186417,0.187503703539435,0.482135518585222
45.5611007495255,0.192947440349656,0.432571869305712
45.6292825995464,0.197071356974918,0.376821817814069
45.6974406217505,0.199519141577064,0.315300580693491
45.7655778854104,0.199997477722822,0.252314408224724
45.8336993149875,0.198511712703958,0.189690036456642
45.9018111520013,0.195156875711864,0.123243814624296
45.9699203129204,0.190044873926612,0.0485410094121739
46.0380337924856,0.183305780254217,-0.039669726821336
46.1061581288831,0.175091679593147,-0.148132811023115
46.1742989400678,0.165584469399485,-0.285968846017854
46.2424605387689,0.155010144502945,-0.465814670700054
46.3106456321874,0.143663845605513,-0.705050231157594
46.3788551112014,0.131952411033,-1.02613048243049
46.4470879354777,0.120475460643046,-1.42061381703968
46.5153411787052,0.110081783822843,-1.84700098517865
46.5836103348207,0.101713121792524,-2.24486017102167
46.6518897780705,0.0962182158646449,-2.50653148860189
46.7201732850424,0.094077110465794,-2.52780333512763
46.7884545781663,0.0951539152920961,-2.2929742071815
46.8567278517926,0.09870067578701,-1.88844683393422
46.9249882438868,0.103623839459405,-1.42435674998504
46.9932322209978,0.108788908236475,-0.968388378598379
47.0614578515515,0.113201645424026,-0.538093444270514
47.1296649500385,0.116147322285121,-0.166464730171059
47.1978550258408,0.117431172798459,0.132022768253406
47.2660309720294,0.117128402035311,0.385204981296361
47.3341966684679,0.115431955148341,0.610824188390134
47.4023566020801,0.112598436921704,0.81935339128108
47.4705155242099,0.108911943538498,1.01582195096279
47.5386781529596,0.104655283666755,1.20094013327169
47.6068489208298,0.100083242235425,1.37209163657225
47.6750317620671,0.0953960750653626,1.52478449024868
47.743229929887,0.0907145401544981,1.65497831013515
47.811445831608,0.0861471919501259,1.7963397509014
47.8796808821974,0.0821056972212077,1.96388654406439
47.947935408778,0.0791342089414524,2.1113715917598
48.0162086162441,0.077771324270245,2.175586142961
48.0844986059035,0.0784487438822442,2.1010175624638
48.1528024411288,0.0813977935704905,1.87398509882526
48.2211162542519,0.0866273687627475,1.53211312838827
48.2894353904964,0.0939945847061888,1.13783006804022
48.3577545878757,0.103320465679059,0.745610637275699
48.426068196695,0.114488502182482,0.388529088230346
48.4943704496065,0.127382628013832,0.115404660670999
48.5626558185906,0.141551459583803,-0.0550137513201071
48.6309194655928,0.156518667135628,-0.150974951334042
48.69915768342,0.171837525633264,-0.196125648644819
48.7673682696367,0.187056450296945,-0.207578772570453
48.8355508036,0.201705607642386,-0.196782549213204
48.9037067925119,0.215295077845776,-0.170893746835547
48.971839650513,0.22731909794255,-0.13393927735737
49.0399544767748,0.237263666926345,-0.087602930295589
49.1080576043736,0.244616322554751,-0.0316282786350143
49.176155907078,0.249000554709233,0.0249340833513448
49.2442560143131,0.25055112314271,0.0747228861505456
49.3123637846144,0.249539511645547,0.120888482104329
49.3804839720397,0.246245472295099,0.165672556696555
49.4486199974272,0.240952776425355,0.21078410832128
49.5167738368203,0.233945516498989,0.25760973978959
49.5849460370146,0.225504900037753,0.307326649183495
49.6531358617139,0.215906537090814,0.360948767674913
49.7213415663679,0.20541821773634,0.419315511392744
49.7895607953834,0.194298154713693,0.483018756819352
49.8577910846512,0.182784549968675,0.556698209519311
49.9260302724291,0.171077988381923,0.646497623085078
49.9942765051888,0.159388015304899,0.754987151492835
50.0625281155539,0.147947183690766,0.884214200090408
50.1307835468374,0.137013186024689,1.03457240565883
50.1990413231128,0.126868889055548,1.20286504879976
50.2673000558596,0.117816870087989,1.37957150704431
50.3355584779367,0.110163401216545,1.54618460481074
50.403815495634,0.104186907332111,1.67501261356352
50.472070249824,0.100091071267299,1.73469421981436
50.540322176864,0.0979562846675186,1.70478512051075
50.6085710384698,0.0977210171259056,1.58353693682047
50.6768168777082,0.0991961220240815,1.38624824061869
50.7450599351983,0.102108497532378,1.1399987275224
50.8133005472955,0.106160898252334,0.872214178603531
50.8815390272714,0.111085250855297,0.603405563770755
50.9497755314149,0.116678199006552,0.345776317075465
51.0180099140535,0.122819541711578,0.105266144872662
51.0862415777903,0.129479217956209,-0.115616251361896
51.1544693277766,0.136717895655263,-0.315511723405356
51.2226912473779,0.144603877943711,-0.473193962523367
51.2909047488815,0.152943493462349,-0.577558742851312
51.3591070018897,0.161459357795204,-0.64244743696657
51.4272954579616,0.169842587460774,-0.680546853541387
51.4954683028911,0.177745700087268,-0.702728278676435
51.5636248116396,0.184785673702833,-0.718074621921917
51.6317655855092,0.190552591759202,-0.734326470892124
51.6998926526888,0.19462141347023,-0.758615189701477
51.7680094178792,0.196566191473558,-0.798474248968008
51.8361204543737,0.195977668112498,-0.863275587881634
51.9042311401388,0.192668066776856,-0.954783574558598
51.9723471074267,0.187221476154787,-1.06373641723573
52.0404735596978,0.180419011991414,-1.18358846504571
52.1086147285735,0.173030149191095,-1.30346558478515
52.1767735576347,0.165774664949322,-1.40668121112079
52.2449515886709,0.159268133881335,-1.47116244376232
52.3131490108216,0.153956257542944,-1.47309801941126
52.3813648261091,0.150055777186726,-1.39338994711852
52.4495970828928,0.147529475119957,-1.22346730859963
52.5178431316908,0.146118344220234,-0.966047535574344
52.5860998661701,0.145404931770133,-0.677931355471745
52.6543639383342,0.144904668494435,-0.416519469032865
52.7226319525898,0.14429084998462,-0.18526082115499
52.7909006132551,0.143394484190374,0.0166296004042077
52.8591668332618,0.142156282037756,0.191158014195361
52.9274278250267,0.14058576542923,0.340031063636616
52.9956811878641,0.138727845804107,0.464096420404842
53.0639250000548,0.136635723637434,0.56333738232438
53.1321579185233,0.134349083715302,0.637160831123383
53.20037928499,0.131877181196698,0.684793058825907
53.2685892320075,0.129214218312767,0.715499049021082
53.3367887233065,0.126426646330496,0.737499381804953
53.4049794370124,0.123588884765228,0.748387786647534
53.4731635998184,0.120755577533746,0.745679002929633
53.5413438323338,0.11795888427234,0.726962472095881
53.6095230040785,0.115207182870535,0.6900154562107
53.6777040942181,0.112485676899959,0.632822808498189
53.7458900544936,0.109759301488245,0.55345851846202
53.8140836713968,0.106978204524874,0.449806693897232
53.8822874254774,0.10408603956364,0.319131271029273
53.9505033471274,0.101061383660207,0.185776426235624
54.0187328802597,0.0980261691935869,0.0770440695357542
54.0869767822641,0.0951636468739434,-0.00455371538369502
54.1552350597996,0.0926758049296988,-0.0546883519412655
54.2235069337607,0.0907717524634108,-0.0682411743583191
54.2917908320595,0.0896603617578773,-0.0411362205678606
54.3600844089064,0.0895483256981366,0.0273004608839036
54.4283845901019,0.0906445968495918,0.132207894664413
54.4966876457949,0.0931706418284814,0.262315024408349
54.5649892952276,0.0973734393938294,0.401117604089921
54.6332848544664,0.103415749379653,0.501941415991109
54.7015694924358,0.110996648527027,0.541687575610168
54.7698386566374,0.11966804446627,0.540335438804629
54.8380885251119,0.128946612712215,0.516242153987299
54.906316402867,0.1383197741768,0.482941412694509
54.9745210391523,0.147254247006787,0.449207250983421
55.0427028408701,0.155203796929716,0.42037955614653
55.1108639571124,0.161615601814523,0.399838097466554
55.1790082128683,0.165935755787043,0.390281394991974
55.247140876458,0.167614618436677,0.394896406249258
55.3152682541303,0.166285656595276,0.415476136027807
55.3833971060884,0.162288374344554,0.449627083190462
55.4515339684828,0.156146630131073,0.496148155584751
55.5196845740625,0.148391532558388,0.55404907779134
55.5878534348593,0.139556802368763,0.621522329411136
55.6560435854984,0.130172774033123,0.694589019045111
55.7242564739861,0.120757876180432,0.765252354980024
55.7924919796375,0.111806075364603,0.819355582722782
55.8607485336261,0.103769441605567,0.835135756946907
55.9290233164429,0.0970381617248829,0.784579439930952
55.9973125087979,0.0918393977095025,0.67203639008577
56.0656115857226,0.0880042209506291,0.527851921705547
56.1339156343157,0.0852893854036308,0.363906612893012
56.202219642813,0.083482999252995,0.19289890268447
56.2705187515179,0.0824096081602046,0.0261872634448724
56.3388084744032,0.081928542088319,-0.127398613493083
56.4070848985613,0.0819273007262029,-0.261904183258235
56.4753448666384,0.082312417806559,-0.374094005620267
56.5435861456021,0.0830000290379759,-0.463070817478124
56.6118075836764,0.0839077347194164,-0.529813425734329
56.6800092532953,0.0849610813116852,-0.576398225675761
56.7481925122383,0.086127357603158,-0.604486237801104
56.8163598769618,0.0873755483975227,-0.615881910320338
56.8845148198322,0.0886615890749612,-0.612742410021945
56.9526615575777,0.0899276549460812,-0.59741576827384
57.0208048320685,0.0911028505424304,-0.572249759179981
57.0889496817693,0.0921048855888928,-0.539407075450492
57.1571012023085,0.0928423311016058,-0.50071222944328
57.2252642948269,0.0932171151456633,-0.457537991529094
57.2934434011207,0.0931270200529941,-0.410721375170627
57.3616422258711,0.0925436492426539,-0.35670873943646
57.4298634700873,0.091739461074554,-0.286927521865282
57.4981086352966,0.0910599634864034,-0.195755710729795
57.5663778954907,0.090852536957503,-0.0807964485101727
57.6346700211448,0.0914752058672529,0.0552433674682899
57.7029823544165,0.0933078309642529,0.203059174542081
57.7713108382015,0.0967618643459399,0.347033187065584
57.8396501063076,0.102283343237536,0.468483363521633
57.9079936483421,0.110345399274734,0.551470371028872
57.9763340710008,0.121431735076378,0.588408625734921
58.0446634875969,0.13583340085388,0.561158889875454
58.1129740733603,0.15306214844536,0.481944163793256
58.1812587470752,0.172378734077142,0.384451274746068
58.2495118593452,0.193000437906803,0.286460190354708
58.3177298128081,0.21412296704132,0.194832998458632
58.3859115477159,0.234933612971563,0.110484541601295
58.4540588174126,0.254620262809738,0.0314786475680069
58.5221761761033,0.272380726043364,-0.0454717782884909
58.5902706069306,0.287435323134347,-0.124505966429056
58.658350732059,0.299044517460461,-0.210728427891426
58.7264255805173,0.306716444326815,-0.294607433432699
58.7945032400715,0.310755085210817,-0.366217823378789
58.8625901193368,0.311662275947954,-0.429030604872319
58.9306906246121,0.309931378683644,-0.484597478130258
58.9988070346066,0.306031333478588,-0.533153600324167
59.066939580786,0.300391349874057,-0.573930993956003
59.1350867349496,0.293386230635659,-0.605338303804353
59.2032456919793,0.285322829709268,-0.625082420782283
59.2714130257445,0.276428626252545,-0.630258685864578
59.339585489744,0.266843914136024,-0.617394279216596
59.4077609163509,0.256644238340212,-0.597385755472315
59.4759388206528,0.245958726573638,-0.582832892226892
59.54412012136,0.23496577508857,-0.572205431164696
59.6123065796867,0.223870077621739,-0.56364903237571
59.6805003234503,0.212894571121851,-0.554843114759373
59.7487034651168,0.202273398721255,-0.542868604238043
59.816917805165,0.192245840812988,-0.524136864728317
59.885144610554,0.18305139974142,-0.494461243525396
59.9533844576083,0.174926529718313,-0.44937820682706
60.0216371293189,0.168103823714893,-0.384820906000417
60.0899015609351,0.162755492387073,-0.303476580844048
60.1581758746091,0.158824208400232,-0.212641181861247
60.2264575478425,0.156210328986801,-0.116569899200664
60.294743599691,0.154834948724021,-0.0198561076537983
60.3630307461324,0.154640626939307,0.0729906872049543
60.4313155322557,0.155589580076783,0.157926374985702
60.4995944497993,0.157659792884037,0.231684488925609
60.5678640473198,0.16083978622452,0.291995785084944
60.6361210390973,0.165122903439688,0.337693311458533
60.7043624177776,0.170501930144204,0.368689653023113
60.7725855767155,0.176917804932668,0.382521145340543
60.8407884909803,0.184111779054213,0.379683158438727
60.9089700068374,0.191758380675946,0.365101027737614
60.9771301171078,0.199513969189186,0.343014865688173
61.0452701523282,0.207020742782603,0.316713740274035
61.1133928707469,0.21391105818924,0.288536573629017
61.1815024321923,0.219811662340739,0.260005288695405
61.2496042422712,0.224347714730457,0.231994788386925
61.3177046563592,0.227146567508658,0.204885170278422
61.3858105374206,0.227841237684708,0.178669365683075
61.4539286697139,0.226197996984248,0.156825990258857
61.5220650979325,0.22249193826612,0.141671543546615
61.59022458843,0.21713137737762,0.131758322296803
61.658410272025,0.210529331860509,0.126138511025055
61.7266234504569,0.203100103534295,0.124148483527263
61.7948635622619,0.195256559511777,0.125246809907493
61.8631282993401,0.1874080043544,0.12887017872313
61.931413861522,0.179958457856561,0.134292535252507
61.99971533446,0.173305124464258,0.140495878645529
62.068027176084,0.167836927155713,0.146090942477428
62.1363437938862,0.163842499572018,0.143240708721017
62.2046600788673,0.161239360364178,0.124911378551663
62.2729716486898,0.159850415633386,0.0914797818820434
62.3412749255107,0.15949780120419,0.0442017108288651
62.409567158654,0.160006720386852,-0.0151760939058982
62.4778464017042,0.16121004234094,-0.0848151923572071
62.5461114479322,0.162953318342986,-0.16310091503957
62.6143617272455,0.16510006225087,-0.24882735353868
62.6825971676319,0.167537344527219,-0.341247824983214
62.7508180243272,0.170181897112671,-0.440008893560827
62.8190246843946,0.172976014869093,-0.53128047286788
62.8872175437385,0.175843020394685,-0.603101658809079
62.9553971034229,0.178686649136256,-0.658470092446127
63.0235641294305,0.181391400366901,-0.700729304348696
63.0917197770469,0.18381993439441,-0.733457241325065
63.1598656700466,0.185813867369445,-0.760392052360665
63.2280039282651,0.187197184122763,-0.78541717053039
63.2961371376986,0.187781654035445,-0.812633525180243
63.3642682586994,0.187373916082579,-0.846550624288825
63.4324004701535,0.185784302746785,-0.892438915089822
63.500536950586,0.182943586616042,-0.945687448126838
63.5686806076605,0.179208879698181,-0.993049422584039
63.636833829735,0.175002740157792,-1.02675034464568
63.7049983446203,0.170681910379351,-1.03798292907358
63.7731751887793,0.166516458448103,-1.01766894334859
63.8413647646487,0.162673953778946,-0.957528921287756
63.9095669611664,0.159214606870581,-0.851011248119434
63.9777813130985,0.156102929716806,-0.693560584034495
64.0460071779221,0.153239503301224,-0.481988307660514
64.1142439147967,0.150514166744973,-0.213291015379255
64.1824910558327,0.147817236149756,0.0820675592720809
64.2507484013905,0.144931228458786,0.372165249653481
64.3190159130032,0.141746368265282,0.660795608987109
64.3872934973098,0.138305202129383,0.952984039313274
64.4555807664317,0.134788148693203,1.25241730912907
64.5238767987436,0.131507091787056,1.55848318811745
64.5921799171085,0.12890197711843,1.86266189635009
64.6604874984806,0.127530179535536,2.14527183029329
64.7287958267831,0.128034277792803,2.37572572204702
64.7971000001763,0.131077286409954,2.5204072356913
64.8653939100751,0.137287209180614,2.50812006134759
64.9336704529953,0.147060076937779,2.30868890218861
65.0019222300605,0.160089805539906,1.99576802410356
65.0701424769318,0.175493988933605,1.64986407481188
65.1383259933997,0.192104070900869,1.32256255170182
65.2064699656106,0.208676496219446,1.03411599793753
65.27457457981,0.223997684673932,0.785182101710012
65.3426433347441,0.236922354255397,0.567197122910219
65.41068297673,0.246385520934906,0.367689789918409
65.4787030074437,0.251411774191281,0.171570164186618
65.5467147509497,0.251350261601485,-0.0107281889775507
65.6147300607821,0.246548825635442,-0.170231146554049
65.6827599850611,0.237688112289336,-0.321821149529393
65.7508136825412,0.22552430662484,-0.476277192394052
65.8188976800247,0.21086051095779,-0.64205788836844
65.8870154969287,0.19452630217164,-0.825721859131869
65.9551676279958,0.177359716402228,-1.03097927078565
66.0233518477252,0.160184776801438,-1.25595019026592
66.091563780283,0.14377429708189,-1.48828396846607
66.1597976662033,0.128784622549338,-1.69919828223037
66.2280472462082,0.115616776777618,-1.88509164063805
66.2963065498804,0.104302949702514,-2.06327779150419
66.3645702948623,0.0947523848125493,-2.22103913339387
66.4328340749647,0.0868002788362117,-2.34871862870969
66.5010944727714,0.0802075151085485,-2.44517024204619
66.569349108508,0.0746794767318362,-2.52164385081356
66.6375966326617,0.0699045321258219,-2.60212699969682
66.7058366710491,0.0656070906975325,-2.72057663926533
66.7740697323487,0.0616101002973284,-2.91651994084187
66.8422970895305,0.0579078615977467,-3.22713185930287
66.9105206471398,0.0547906587995558,-3.58055613143285
66.978742785629,0.0528278558268162,-3.80022530570736
67.0469661624047,0.0523192726451989,-3.7982118216687
67.1151935083382,0.0530819159529111,-3.60773001241095
67.1834274214875,0.0545286832222448,-3.36037887358622
67.2516701345404,0.0559104399537078,-3.19677954846595
67.319923237462,0.0565674780597917,-3.2264330869739
67.3881873471403,0.056147496875092,-3.54525410839293
67.4564617304205,0.0548848774525305,-4.24214068320656
67.5247439057367,0.0540750757427326,-5.26581330810207
67.5930292778755,0.0566862921796356,-5.83191617525484
67.6613110410291,0.0661813964614475,-5.05019101347114
67.7295807075603,0.0829689957294868,-3.6720109403096
67.7978290537236,0.105044350676714,-2.53681731629371
67.8660472633069,0.130115946028147,-1.77650588224613
67.9342281506587,0.156274515291777,-1.28481749647071
68.0023673241715,0.181921849862724,-0.96008448890047
68.070464137958,0.205630739840108,-0.737479773811425
68.1385222797026,0.22606055481931,-0.578468274162246
68.2065498574502,0.241918583697426,-0.459860256822004
68.2745588770687,0.252225299033575,-0.386887733813939
68.3425640478003,0.257168456586134,-0.362790224667641
68.4105811250827,0.257301245270868,-0.377504868306701
68.4786252406466,0.253254285956905,-0.428639990025474
68.5467094257351,0.24573205951615,-0.518730772639651
68.6148434112904,0.235522658582613,-0.653883142296466
68.6830327576902,0.223523413076898,-0.842325019411746
68.7512783424922,0.21078590652916,-1.09112035143883
68.8195762160024,0.198578185073753,-1.39836749176134
68.8879178219196,0.188441676213004,-1.7384403051958
68.9562905773688,0.182023857471927,-2.01728705393663
69.0246788730008,0.180296395638348,-2.13847546257837
69.0930655084767,0.183479488284327,-2.08134091806295
69.1614332600863,0.191028644909508,-1.88428565556771
69.2297663931702,0.201783526897457,-1.61667431542495
69.2980520255113,0.214264207343847,-1.33882172905808
69.3662812490872,0.226923872768792,-1.08486857463832
69.4344499216957,0.238283181621712,-0.866662374366456
69.5025590516355,0.246973396320197,-0.683289302059696
69.5706147188536,0.251736878414602,-0.5280860428489
69.6386275006505,0.25166872982227,-0.402039197260949
69.7066113199754,0.246977705807819,-0.300810615770878
69.7745818084766,0.23822859900334,-0.211697485350601
69.8425547422667,0.226060043342736,-0.124818955617118
69.9105447961728,0.211161630190095,-0.0309592568561508
69.9785646538135,0.194259866916518,0.0800477170467738
70.0466244747475,0.176112468166532,0.220694796426259
70.1147316955314,0.157512394963331,0.406721396735876
70.1828911233963,0.139303854367202,0.656216767965571
70.2511052696262,0.122410714573665,0.982851678341124
70.3193748582476,0.107700382133965,1.40001043988742
70.3876992871466,0.0955338307499945,1.91929161363181
70.4560766822627,0.0863609047900328,2.49666628329114
70.5245037207693,0.080891339417197,2.99902864468732
70.5929753947634,0.0799131754056171,3.22765751020011
70.6614847530157,0.0839268950354359,3.07849355389202
70.7300226508993,0.0928959211873223,2.65956700926561
70.7985775385927,0.106390894024551,2.16797479062298
70.867135319145,0.123926878004465,1.7313918448919
70.9356793111143,0.145176525083389,1.38850891230767
71.0041903733081,0.169826617999241,1.10713219551355
71.0726476712926,0.196902199885602,0.874630648563628
71.1410307181734,0.225209770909834,0.696063030601555
71.2093217783682,0.253543194858218,0.563409982692584
71.2775080268404,0.28068548119639,0.466647613335467
71.3455832962071,0.305400051801402,0.397399462044629
71.4135492630915,0.326427175708461,0.349670672006991
71.4814159391712,0.342491396721116,0.319740608297063
71.5492013626806,0.352320728494906,0.306026876796358
71.6169304349425,0.354675168720444,0.30929524578008
71.6846329068516,0.348756535722484,0.332902534740748
71.7523404806929,0.335369458223757,0.379082334683918
71.8200833744628,0.315794670680871,0.451953729646253
71.8878874043171,0.291391482486671,0.559758336757548
71.95577198713,0.263581960904545,0.716029350605582
72.0237490731462,0.233853292378301,0.941251092466523
72.0918229349752,0.203788950096014,1.2633942315774
72.1599906849261,0.175134202610226,1.71119041087925
72.2282433584652,0.14987441604461,2.28270155526791
72.2965673859863,0.130207618275433,2.86481922932737
72.3649462732037,0.11798172537207,3.20485224160595
72.4333622555874,0.113496374034297,3.09670515089957
72.5017976431988,0.11550880652954,2.58475972481231
72.5702358484418,0.121813319560501,1.91744667517093
72.6386621532471,0.130172194566374,1.28746415553271
72.7070642329743,0.138859657769533,0.756632836389521
72.7754324567086,0.146721145224987,0.314420609316176
72.8437599893413,0.153057260011348,-0.0710510180891416
72.9120427277342,0.157519365431705,-0.432852988540657
72.9802791114022,0.160065288102932,-0.800162821996785
73.0484698558781,0.161012948216743,-1.14321261192615
73.1166176328428,0.161077892766656,-1.41721936800442
73.1847267180217,0.160988393989851,-1.61613438398939
73.2528027183606,0.161264589100222,-1.73123260670844
73.3208523970576,0.162092732808793,-1.76157511135495
73.3888835430285,0.163264944258957,-1.71938899111508
73.456904813712,0.164199167737082,-1.62791715478244
73.5249254758029,0.164022164568144,-1.51477204849706
73.5929549759902,0.161677270090113,-1.40655370315734
73.6610022931057,0.15602316644668,-1.32867187406494
73.7290750594653,0.146223228507311,-1.33464287270816
73.7971786326725,0.132791800951748,-1.46514340293471
73.8653155674314,0.116751517076548,-1.75287539407248
73.9334855240673,0.0993489528306276,-2.2703909982272
74.0016855200199,0.082160719952239,-3.13085918821741
74.0699104764957,0.0672975063817987,-4.38718610869867
74.1381539870612,0.0574456863425863,-5.59467783824288
74.2064092164348,0.0546928772870998,-5.61956466117488
74.2746698302129,0.0581371781011544,-4.39496691974327
74.3429308593703,0.0642370570702453,-3.0505451107632
74.4111894094103,0.0696650502456983,-2.14163503264474
74.4794449727896,0.0729013822397156,-1.608801761291
74.5476990696916,0.0734457111432259,-1.28785969777467
74.6159546067158,0.0711868587443133,-1.08662224632838
74.6842152047946,0.0661848380890892,-0.954649226026882
74.7524845465142,0.0585753065540057,-0.861806707319721
74.8207657745033,0.0485236506777292,-0.784278773257897
74.8890609632982,0.0362012061193916,-0.683499712136586
74.9573706794424,0.0217790223262719,-0.377515711724501
75.0256936386108,0.00561476066276315,6.30500698944716
75.0940264700296,0.0132299741198225,0.734937307116086
75.1623637315419,0.032960142005014,-0.30530294558814
75.2306983974597,0.0538756517449894,-0.368616812282784
75.2990225730869,0.0754730315364281,-0.349017644136373
75.3673282597138,0.0972712183033328,-0.317205655673434
75.4356081204612,0.118773796200274,-0.286196600091242
75.5038561972023,0.139466674926538,-0.258913879490947
75.5720685259634,0.158818474274509,-0.235832974774516
75.6402435984583,0.176281974324668,-0.216800711808661
75.7083826209531,0.191296883953294,-0.201577222401405
75.7764895287462,0.203382319010899,-0.183824552409959
75.8445707334695,0.212404353538232,-0.157416019643811
75.9126346551551,0.218312760256379,-0.121595686852166
75.9806911294564,0.221058004913388,-0.0744388433297666
76.0487507318191,0.220597706188736,-0.0125889110483373
76.1168240477897,0.216904509213407,0.0694118854216692
76.1849209212262,0.209977100371685,0.180421023096426
76.2530497155394,0.199858093148723,0.335139472788712
76.3212166269079,0.186666839713716,0.558768195495491
76.3894250927013,0.170665140451614,0.895931719227725
76.457675344114,0.152492500786626,1.38197706420734
76.5259641858072,0.133616073190691,2.05123373968982
76.5942851379432,0.116152102539131,2.93939616161488
76.6626289575737,0.102908493463069,3.90358571453937
76.7309844603746,0.096950587477301,4.4424093011275
76.7993395467263,0.0999082690071246,4.10510657087189
76.8676823237542,0.110494621163473,3.19876732576413
76.9360022091888,0.125581813352857,2.28477926218632
77.0042909040283,0.142098970399485,1.58206564226049
77.0725431290645,0.157692860618997,1.07852603006142
77.1407570340397,0.170757816101488,0.733043456390537
77.2089341820425,0.180695468319926,0.499548649562981
77.2770791075464,0.187332304591207,0.331530370980468
77.3451986622333,0.190647756339296,0.202265059396791
77.4133012750731,0.190710520566727,0.095301187256781
77.4813961848492,0.187646955771018,-0.000610131560126229
77.5494926933321,0.181624239733503,-0.0944579834821488
77.6175994794704,0.172841081609075,-0.195080339124987
77.685724007188,0.161523422421747,-0.313314879287313
77.7538720517452,0.147925335004107,-0.465169731902834
77.8220473624887,0.132384262491829,-0.672845792193793
77.8902514805339,0.115478423166435,-0.972161750791615
77.9584837433523,0.0979264445015059,-1.43101242375127
78.0267414783862,0.0806340960044673,-2.16815893614045
78.0950203529241,0.0648921891393419,-3.35200754557098
78.1633148388919,0.052701377089759,-4.97053678547604
78.2316187472246,0.046726241152784,-6.04308950262219
78.2999257850093,0.0483411473871842,-5.26677351500357
78.3682300895568,0.0555008454465415,-3.62682389822482
78.436526696934,0.0648277324185105,-2.33479223065735
78.5048119061884,0.0739775203749573,-1.54947711655354
78.5730834631029,0.0820509935583906,-1.09811957642855
78.6413404985558,0.0888310464343927,-0.827546175251918
78.7095833549649,0.09435641180551,-0.659320098966104
78.7778133866626,0.0987845867586277,-0.552477648358135
78.8460327589879,0.102333604683197,-0.484379554649817
78.9142442632391,0.105255167452729,-0.441559572862619
78.982451160151,0.107821106890445,-0.415240620801437
79.0506570610552,0.11031585041313,-0.399059834381608
79.1188658533577,0.113031671332222,-0.387930159035127
