#spline3d 5 120 5 120
132.24343284860774 105.40413103734667 14.535077198884665
131.65693483525396 105.40854458763918 14.803936179666922
131.08757547033031 105.3471447515432 14.952125112898843
130.54094737224506 105.21823307865878 14.991562659096642
130.02450170308208 105.01645683650254 14.928820266043815
129.52897729951627 104.77072887225779 14.817855329503741
129.02335515419401 104.55131861542642 14.720296889960087
128.50402864019614 104.37591195827865 14.606048964871931
127.99100494077433 104.19281970346572 14.470268756695919
127.49724148868309 103.96388426994491 14.335791990964317
127.02114080632738 103.68713640729909 14.225246009763122
126.5273729314455 103.44223773625498 14.134142222272533
125.99880523886615 103.26905210685736 14.054943498204189
125.46996423431412 103.09324343450055 13.980796835054999
124.97079512661543 102.85020201718395 13.910683505297522
124.49315614683758 102.5597968293141 13.857176468663354
124.01388716725583 102.28014302870503 13.783026845464869
123.54455213900701 101.98563126157447 13.702657924452577
123.07618993181026 101.68221424792972 13.650750801157081
122.57927703546247 101.42799608575397 13.605707258797127
122.06219325103646 101.22070739951607 13.532261794147848
121.53940544436236 101.02937561146278 13.463506698107697
121.04087191548371 100.7799500815787 13.423492467942467
120.56177641989109 100.49358881433162 13.364394321402173
120.07654077533601 100.23141601804895 13.261721349952355
119.59558927764424 99.969071951724018 13.143387327318132
119.13552953225613 99.675454342720414 13.020208301362358
118.68393768489389 99.365759304101459 12.898202419595842
118.21444867077685 99.076001056121498 12.792212730755043
117.72726125997605 98.807355020779099 12.739196648633802
117.23490462765359 98.538104274300579 12.749660785817461
116.73001994733579 98.285657581572565 12.77844976453923
116.23502647626897 98.047311197135045 12.875507628499742
115.7834700185542 97.782620484749543 13.07308457350908
115.35012606061889 97.487076174009289 13.291304458338484
114.95554985943878 97.176036577507588 13.536341056573388
114.67267479407089 96.851695447724808 13.898338126957587
114.44538209394052 96.545021561293311 14.318120892986496
114.23242900775382 96.298815330486192 14.772977271663269
114.03882349469997 96.075391216703778 15.248731131039033
113.89391668106005 95.814906504977316 15.725036859042298
113.79083278371819 95.500497235208542 16.179829961326679
113.71157714447574 95.138834045837797 16.600976485877919
113.61178534205736 94.764218949490228 17.004312902876418
113.48464821238956 94.423886853715899 17.431897197352097
113.40603117472024 94.123764961581884 17.90156665074031
113.38787422840331 93.872736260079762 18.403425943497915
113.40861122052755 93.667853540132782 18.926413824657612
113.43276068340113 93.504426011191086 19.461912500351904
113.44071173952658 93.388919307154779 20.010340534311421
113.41538513350956 93.296321617117215 20.563773037413227
113.33593324250572 93.204016373276758 21.11036268249585
113.206804197671 93.123906354985323 21.65156842349429
113.11203042774791 92.982737246942122 22.186978499263468
113.06297983889962 92.712533613393873 22.686340552902511
112.96391009223289 92.32565685531236 23.088681363687833
112.786876725195 91.878213907618075 23.383203791890971
112.56030217126916 91.43615365770593 23.644673514037471
112.32515306812235 91.012025563070281 23.928482028727149
112.12086888021483 90.551434892909825 24.170485912463363
111.95397851595887 90.03338200581355 24.314966018201151
111.78228490893152 89.506464472725241 24.418675407571317
111.5922952481462 88.983696500218088 24.476257873638946
111.39688602522237 88.458591577332498 24.467747253564042
111.22450273589077 87.925785605910065 24.429695853906374
111.08377321864238 87.385718325946968 24.384316925887269
110.96564820104412 86.841693003520703 24.323916724454001
110.8794440698278 86.291832768116578 24.238180413364041
110.86742267891992 85.731910261096658 24.177054496324843
110.90328142392312 85.174216098037633 24.2395915840582
110.90934850853347 84.632482397777721 24.391749471212986
110.87292133481307 84.097854618314955 24.553369303854204
110.85655599173133 83.558002720965248 24.699681630641326
110.854715821208 83.023517607131637 24.869532690179053
110.77756337421569 82.495399032332458 25.039132552181496
110.6140482694889 81.97641076417645 25.185238152506759
110.3567488410591 81.486189464983241 25.322031049012601
110.03414857234689 81.082183193761097 25.538749801189024
109.68565716045268 80.796467058111631 25.882098327820248
109.39107385746284 80.55166435782327 26.296321921551478
109.15475413913975 80.318850067221817 26.748512325674721
108.92918954753722 80.132121507092975 27.228809718738233
108.66102254192499 80.041593509056966 27.71203057095391
108.34256426367639 80.055579579482966 28.180124454829912
108.02105051967804 80.151293875413373 28.630517339355027
107.66746862005847 80.327131239177291 29.029283660789723
107.32268107354243 80.578883211463491 29.402873278540756
107.05389916258751 80.930611771656956 29.752003837512632
106.86810443400415 81.389602433216325 30.028326050334208
106.7612634593024 81.89741926683682 30.254194977385207
106.75249139210756 82.419326815134895 30.455775411504227
106.79950209477752 82.954684832396808 30.61829235999306
106.8935512732635 83.492024924076446 30.751882783971755
107.04754996354578 84.016373263343581 30.877870681754803
107.25101068827117 84.536718587555995 30.943884850104208
107.50665295757427 85.036337755331971 30.983725575281063
107.83688022188467 85.480568488681882 31.071168562298084
108.21364579611165 85.876901894262744 31.210587328182861
108.62630027246968 86.243247400628135 31.316706066289381
109.08896056010931 86.558549588270211 31.361614581407053
109.59285844168815 86.803979326805305 31.388407282384733
110.10112602615619 87.03943392126483 31.399519596195411
110.61730930523291 87.262345578287452 31.40564873074759
111.15795243738013 87.413660872141222 31.445494880966564
111.70936731327559 87.461750588174269 31.546201231345382
112.2547255774795 87.44455810016342 31.682731096695548
112.79906593333254 87.421988935461556 31.812795980731991
113.35133678465841 87.378846587143883 31.907972439028541
113.90119590738729 87.270370901018893 31.94354281106472
114.43379323600304 87.089650077846315 31.929161820037478
114.95691288922872 86.886344990682133 31.914451300784847
115.48751088252786 86.717055635280673 31.961987602067992
116.00865094586987 86.533750378382479 32.061745631586078
116.49773299647651 86.280343425485555 32.175594655907375
116.9600600121455 86.00372209911086 32.336532232912653
117.38721091529297 85.732253697268789 32.574693450405015
117.79207304695024 85.458946178311876 32.85208146865638
118.1931376269801 85.167498869434482 33.113645977378326
118.60171837047955 84.843742349100879 33.320906779049061
119.03011314953608 84.47332374843063 33.43326476539761
