#spline3d 5 120 5 120
80.830178948859896 109.44568549085513 0.36420198592192493
79.897085352841032 109.54097067641931 0.5238083090162734
79.044943119839445 109.74318745582475 0.76150727802948925
78.268092281648904 110.0318455552446 1.0714815662245092
77.560873262367963 110.38645576769254 1.4479128915400756
76.917623230230575 110.78652054834998 1.8849908890292522
76.332635565866184 111.2114455751629 2.3770114303276895
75.800059951588125 111.64039651889395 2.9185982415623846
75.313780803982638 112.05232739452637 3.5049563911969996
74.867369335622627 112.42653744008456 4.1319935427346701
74.454220346729926 112.74401448240484 4.7961618148547798
74.067913768023345 112.98940865301201 5.4940521466224714
73.702690703834335 113.15286269120847 6.2219563108709659
73.353906588784767 113.23087138359024 6.9756271510664289
73.018350083381435 113.22557449538098 7.7502825238094122
72.694422233801674 113.14282546617211 8.5407088923256698
72.382213867702134 112.9895971752168 9.341305809644588
72.083517114154986 112.77154835410215 10.145979199347853
71.801951600183529 112.49159075266549 10.947885884536792
71.54330986829207 112.14981744103028 11.739129988357083
71.316061200317506 111.7447876385958 12.510535918613989
71.131704743305932 111.27572100558022 13.251554561799802
71.004491004437057 110.74476964197186 13.950295810902224
70.950278672532235 110.15861837585157 14.593677335670497
70.984561490404687 109.52887301222921 15.167870798674445
71.120200551583537 108.8712229796557 15.659221734746701
71.365222229922068 108.20380263203775 16.055788601038881
71.721345556250839 107.54489853393537 16.349389319821665
72.183478727757091 106.91056130749334 16.537696001053
72.740261887177837 106.31255181599489 16.62566557014809
73.375555784600394 105.75707788545968 16.625644435192129
74.070587850911792 105.24455602186953 16.555923865936911
74.806406591740853 104.77048501473632 16.437942316262042
75.56613651295828 104.32717450870115 16.292953646692784
76.336609882173803 103.90574052345652 16.139126956136831
77.109020708310226 103.49772994197923 15.989842360558029
77.87865442696895 103.09596366109865 15.853304650691603
78.643846452713291 102.69458420652327 15.733277191039969
79.404402176627215 102.28846655081584 15.630698418255333
80.160006488946294 101.87249202304076 15.545597109044039
80.909036637661472 101.44118980413259 15.478853710639527
81.648029852772822 100.98902085119244 15.433476252029832
82.371799375173083 100.51121350504633 15.415239927807297
83.074001068606066 100.00480584064321 15.432642097659681
83.747859466298905 99.469483018431731 15.496205491568691
84.386769661224051 98.907860571122626 15.61724562920125
84.98459842155097 98.325117470650156 15.806394120716268
85.535697006473981 97.728195204819656 16.072084525763032
86.03471217825836 97.124756817685324 16.419340421063072
86.476397477189124 96.522394410489014 16.849101103754489
86.855563675536004 95.928367238149903 17.358210946810253
87.16729908037378 95.350040099490201 17.940117209830458
87.40750202406052 94.795859836115881 18.586077138446562
87.573643799045669 94.276396061375891 19.28649138336754
87.665626051616599 93.804930580778375 20.032024691046292
87.686743811398514 93.397261489880549 20.814336657888944
87.644556588274241 93.070499653688188 21.626295831848328
87.551834935143361 92.840966038932422 22.461790447413918
87.427056816188667 92.721219281867803 23.315125502857015
87.294241085794198 92.716728651747488 24.180185434288234
87.181809366799328 92.822790056348296 25.049508297520305
87.120316305543454 93.022411708886054 25.91343087743088
87.139138358959627 93.285942883525536 26.759482115839965
87.262514709898511 93.572865254539821 27.572161728564115
87.505735410807901 93.835873525148216 28.333269057092604
87.872265101762792 94.026731143067494 29.02286003267125
88.352629748213701 94.102726674807627 29.620795488133641
88.925099978343027 94.032421634870033 30.108661504628007
89.558166241401167 93.799684951029292 30.471774575382454
90.214372061583404 93.405209495455551 30.700807646123106
90.854724275104871 92.865325908356994 30.792654678134877
91.442689951197934 92.208609991396258 30.750440910762954
91.947092868896902 91.471193397586759 30.582911752270263
92.34360162813995 90.691532356504808 30.303433684242183
92.615032409862849 89.905476115895652 29.928920235709988
92.750965644407643 89.142250597714963 29.478864957310993
92.747245039198489 88.421610732578358 28.974629494952431
92.605488625927535 87.752674843622827 28.438963636393936
92.33307168414369 87.133704731245572 27.895703221473614
91.943144564577409 86.553537420360328 27.369369030210599
91.454619408357601 85.994284019027205 26.884573020574862
90.891930798802008 85.435012340712163 26.465143382700315
90.284464742282637 84.855893581911005 26.132993243878872
89.665624735609583 84.242143342306406 25.906821031099732
89.071461523632323 83.587140299735523 25.800772601425113
88.538690785333685 82.894299952449302 25.823288960438575
88.101976443140941 82.177534838635381 25.976347200063536
87.790713406203892 81.460090993329175 26.255366478306772
87.625716199096189 80.772105596519083 26.649742051112959
87.616303891553102 80.147040034573408 27.144086806035087
87.758591613372474 79.617427492770943 27.72010076851279
88.035570087413475 79.210684827009459 28.358696036785538
88.419043518439736 78.945741906802283 29.041910825458622
88.873247135335561 78.831205613410177 29.754217460460204
89.359334332078049 78.865331772887984 30.482965875979634
89.839915671743157 79.037791551335587 31.217895448818034
90.282818234992448 79.332673861491784 31.94994639323939
90.663565321982944 79.731935988659416 32.669803258666441
90.965970827320191 80.218266606608196 33.36683059483741
91.181624956055643 80.776868511852697 34.028719115649174
91.308124118535773 81.395905016315496 34.642129603408755
91.346854140372074 82.065748374395696 35.194212160498289
91.300878757936815 82.777537138398941 35.674608228436405
91.173333629113102 83.52165661282794 36.077445402991955
90.966529993240528 84.28662751954829 36.402816574762205
90.68181514870885 85.058642801100561 36.657418547247282
90.320062506032656 85.821757713501981 36.854252345797903
89.882548364854301 86.558597865984183 37.011415874636832
89.371972014957123 87.251364845491779 37.15023312389112
88.79343188930396 87.88289672052754 37.293137411930644
88.155222375300923 88.437585521292817 37.461678631477767
87.469149641683558 88.90187047637977 37.67505604391966
86.750310475846675 89.264195838985316 37.949395229590209
86.016416037967659 89.514509722691344 38.297782298891995
85.28693553760418 89.64359414651851 38.730880251821347
84.582297938561567 89.64253086709671 39.257839500048753
83.923335245922004 89.502453287800066 39.887119605042749
83.330982014435293 89.214494999020573 40.62699763018248
82.826178754427943 88.769789613435805 41.485739685452288
82.429865333545777 88.159470735872262 42.471613055805328
