#spline3d 5 120 5 120
136.13971700371951 95.281139788861495 4.1248542733096638
135.82456348873927 94.98825927587788 4.501577920540714
135.490336786336 94.711207385773932 4.8848487221174537
135.13733296703617 94.447063875031319 5.2696323695603482
134.76584837273523 94.192907456897146 5.6508940301394981
134.37617683612106 93.945827659296825 6.0236045588240641
133.96859884911143 93.703023326735149 6.3828022521829428
133.54338759400449 93.46202188719684 6.7237587166691233
133.1008656883028 93.220927411911461 7.0422214276941544
132.64151942082563 92.978554464760137 7.3346437845660128
132.16615467815936 92.734361654198153 7.5983287412876326
131.67605634359882 92.488184642505303 7.8314459162315639
131.17308474592798 92.239877583837028 8.0329260533499127
130.65964638810291 91.989019661970914 8.2022813599246334
130.13851821790058 91.734813161048876 8.3394384446828074
129.61255915474538 91.476214437336637 8.4446764920991431
129.08437966768514 91.212247520874769 8.5187190531372554
128.55604901896803 90.942385477134891 8.5629435942429932
128.02890439853678 90.666864838402674 8.5795868837264369
127.5034866678438 90.38684056838008 8.5717948753938344
126.97960132517271 90.104343948867196 8.5434265753475405
126.45648394634226 89.822049992379476 8.4986532658205558
125.93304726230795 89.542875816113479 8.4414843268004294
125.40816164569092 89.269481354176762 8.3753836437546365
124.88091144480136 89.00377418774147 8.3031097610224887
124.35076315416038 88.746544517929465 8.2268498029937103
123.81759937012787 88.497340450182961 8.1486138358745581
123.28161905354374 88.254633614659241 8.0707472905388329
122.74316337979667 88.016216037311693 7.9963588633447946
122.20254588655251 87.779718182700734 7.929521441855873
121.65995035091613 87.543132804602635 7.8752273947465552
121.11542916510068 87.30526157698786 7.8391863372672494
120.5690153436599 87.066038302390481 7.827538223442926
120.02094373909284 86.826709063742072 7.8465285116373735
119.47196859764237 86.589852028479285 7.9021603286314823
118.92375085130752 86.359204335023392 7.999840666144082
118.37926552092331 86.139303584219263 8.1440467312030123
117.84314404161101 85.934993599023898 8.3380446657343459
117.32181690988783 85.750901518146463 8.583719767182707
116.82339078169034 85.590982041010065 8.881504239549173
116.35713473441832 85.458187663011103 9.2304089331081478
115.93258355810542 85.354263134307317 9.6280882516222519
115.5583294480102 85.279640343935185 10.070928610491055
115.24067360529358 85.233384986069723 10.554157122878786
114.982398170227 85.213209725592435 11.072023617947325
114.78194824031713 85.215557986215387 11.618091121694315
114.6332904680058 85.235760355660773 12.185650212421665
114.52656888032962 85.268257347400052 12.768219015418266
114.44952432528663 85.30690225125953 13.360038089195942
114.38941746961488 85.345339622967771 13.956466946624865
114.33508755595471 85.377414600818412 14.554188000670784
114.27872984760994 85.397515661756941 15.151189251199588
114.21698162397702 85.400753998470506 15.746513980934347
114.1511084901513 85.382936526204446 16.339822245394334
114.08625457761613 85.340327017913964 16.930830247559005
114.03001200903005 85.269274102018485 17.518720880883436
113.99058915745408 85.165868120393228 18.101622900075071
113.97502840924764 85.025812407682665 18.676250498181275
113.98788264575407 84.844614405464995 19.23776973841186
114.03067017260804 84.618065155214239 19.779913724206487
114.10214207280539 84.34289685150631 20.295306244306563
114.19919477120274 84.017393186567588 20.775959472695753
114.31793513866749 83.641839504247301 21.213859920261303
114.45455000929196 83.218666962900016 21.60161959319198
114.6056720389317 82.752329346395413 21.9331180952118
114.76822015882573 82.248945000590169 22.20405245288708
114.93887890523058 81.715754307853231 22.412252764418266
115.11349445464411 81.16048177702676 22.557698959639815
115.28664759807471 80.590690693915477 22.64224165998359
115.45162551665021 80.013239919875815 22.669120937746829
115.60086632263857 79.43390978365575 22.642451087723249
115.7267971748925 78.857220810684822 22.566780892483937
115.82282874824676 78.286382166810725 22.446810089409915
115.88422446424501 77.723332731299678 22.287295438736678
115.90856896847386 77.168823845430268 22.093170072290533
115.89570192451653 76.622525626042133 21.869858926003889
115.84712999235416 76.083180492538261 21.623733904340003
115.76514285077059 75.548833101803865 21.362612524158262
115.65190999933998 75.017178156050832 21.096158838369977
115.50881028515678 74.486049730172411 20.836020474993507
115.33613942553043 73.95405064849875 20.595558376997086
115.13321516026431 73.421270386120966 20.389112552639112
114.89879820432994 72.889986827888947 20.230872999189149
114.6316997277715 72.365212887857595 20.133538623012278
114.33143826563207 71.854958342955499 20.106991886168974
113.99878711472635 71.37008308302498 20.157268500066369
113.63615689746734 70.923782637853449 20.285873267940172
113.24775610809802 70.530640970486488 20.48966181080992
112.83958360671805 70.205355306054798 20.761191275897311
112.41919470673699 69.961321763730737 21.089554321003636
111.99526692138987 69.809234406259961 21.461424673183821
111.57692563597081 69.755956870089634 21.862270295668537
111.17295055836675 69.803788922016665 22.277519379069851
110.79102499911892 69.950282687141183 22.693602279578744
110.43720427736847 70.188572509073822 23.098853712327806
110.11576492975701 70.508255615510436 23.484168902254954
109.82935721257185 70.8966000945031 23.843442748114235
109.57939098342206 71.339958194200079 24.173628068693397
109.36644034492036 71.825053292917062 24.474507077017542
109.19057882300811 72.339941396265374 24.7482538736759
109.05162746528546 72.874550843439764 24.998935146606769
108.94932692571763 73.420819470356705 25.23202552955243
108.8834245810294 73.972525827369111 25.453909136726153
108.85366944249103 74.524954843667032 25.671325024891608
108.85973781495804 75.074512122644109 25.890759056051472
108.90113979292522 75.618332730696679 26.117874135987577
108.97717377264658 76.153907126604395 26.357093587642535
109.08697075361582 76.67872382835499 26.611419920771421
109.22960867350339 77.189941106577905 26.882506193897886
109.40423879263729 77.684105053930381 27.170926781077188
109.61015342195832 78.156953279534463 27.47657009472633
109.84675802073598 78.603334882462605 27.799048357973103
110.11347181379263 79.017248194019388 28.138037217756214
110.40961636593316 79.391989984913806 28.49347712694458
110.73435163016084 79.720375327510169 28.865613442970194
111.08668529750787 79.994959346200005 29.254919113701632
111.4655333424956 80.208201751187943 29.661978811590323
111.86978036279773 80.352545723951579 30.08740761461922
112.29830778669198 80.420434386493852 30.531822862654803
112.74999734582218 80.404310831196938 30.995841697047688
