#spline3d 5 120 5 120
128.38636104855996 110.06546140832207 2.0581638930676234
128.49660860637604 110.45670183025435 2.8209532835348985
128.66701015921419 110.50808520886385 3.4966204792591844
128.87362390119023 110.35667428573753 4.1198243277034852
129.08926653199828 110.14826604755272 4.7276471172758026
129.3086181136768 109.97109185029362 5.3411289494676106
129.57077315396987 109.79067040855757 5.9365937473749302
129.8226167087841 109.57514802075467 6.5246117865437636
130.0400330233183 109.35588275178864 7.1257516363568865
130.27594635712313 109.1577739025106 7.7265370196882799
130.50637547775054 108.93847128227101 8.3212243903464422
130.73078279388665 108.7024166834168 8.9152526298215555
130.94453591323321 108.41855609120491 9.4905891813148493
131.10572589891507 108.02274370879596 10.016085742843771
131.22607245325838 107.58076843474396 10.516705234878573
131.28552630730971 107.11705766989976 11.00432688607602
131.25308610326206 106.66205890641449 11.50479972965943
131.16271802870332 106.18082602690598 11.970557590620475
131.05224694323385 105.67126345892773 12.399840820620312
130.92320975536347 105.15919551845369 12.822353210737925
130.76156308564052 104.63497786847948 13.219178605235347
130.56615788447235 104.0650751288796 13.523037285393126
130.36553459165114 103.47314828555083 13.791982356638187
130.05303112276701 102.94138679959876 14.071173873825169
129.64726431014623 102.42404457732768 14.239709605108491
129.26896169542283 101.86497066416761 14.282755362966608
128.89950761289927 101.2913351441421 14.321698707806185
128.44740599127672 100.78724120408995 14.300121317358382
127.86771326288496 100.45115679448934 14.14592574518325
127.26192728849057 100.22905844653992 13.929997498109149
126.64821597484358 100.03450305816607 13.736145152473465
126.02031959217776 99.835692608662896 13.585234574534111
125.39355457158219 99.63414936886555 13.431997663295753
124.77554407420605 99.40682795964922 13.283756915550894
124.15088015419725 99.188816329568539 13.14966947662413
123.5191482654071 98.994316918682927 13.009588502114903
122.88328352236327 98.806559524974432 12.876873415689809
122.25584290827375 98.567566480087265 12.804544014854601
121.62213498838443 98.335557764585843 12.771814201298797
120.97453087833364 98.141326368381741 12.750264854527172
120.33645270493675 97.923587059402621 12.770259279219882
119.70610004446763 97.690626361520657 12.844539373942338
119.06897316114639 97.475216475632962 12.907198680816476
118.42241565820059 97.298944998414953 12.992726049511896
117.78671189940471 97.128190586596631 13.146528605130335
117.16015134870869 96.983591398875575 13.362058942992384
116.56365062391964 96.852627843660471 13.654241546043504
116.0243042144301 96.692580864484356 14.032517345715673
115.53102176406152 96.498107399307003 14.453006064674108
115.07438850810937 96.296982968655726 14.907324587859769
114.64189428972709 96.123878380337317 15.398850885119005
114.26105535106652 95.952926558943645 15.930593229490084
113.94737678940551 95.732335446728655 16.486912250444028
113.6205204993279 95.544215671419195 17.0480473033514
113.32964034883148 95.385180482920077 17.637836859544354
113.14706161525551 95.173479457533759 18.255972619797454
113.01534358416941 94.880662833226197 18.852141531204925
112.89152895945769 94.585586932237632 19.446384222685673
112.7743160488087 94.277135992446105 20.035415012132407
112.68071271969646 93.93030675610936 20.608528151746526
112.64461410136443 93.624471365841259 21.209083292594237
112.60874923320539 93.349363606006349 21.825643141878803
112.58252714006808 93.095833638393472 22.451364750430351
112.57644343573222 92.820985954559305 23.067872248603599
112.51884133202685 92.483689182430396 23.65048340501238
112.42100685728398 92.166508617333733 24.238156107285093
112.33094274247809 91.813853220310548 24.810312856089364
112.2159020240332 91.377477763143247 25.31727585644061
112.07645479106493 90.846559422104718 25.718189345243452
111.9083333162134 90.286328026454882 26.059351302731905
111.70984020237474 89.71289270429979 26.354172820579912
111.51575773837729 89.126843374337184 26.628128961340099
111.33667582353111 88.54886022673459 26.928349378517815
111.15724760642068 87.967289800389764 27.22095460336601
110.99098060465496 87.352429595648346 27.450518662771547
110.82223904696008 86.710927394655158 27.5936315483059
110.58302846725128 86.084427044934671 27.667969994329745
110.2782861724998 85.483745967410783 27.728663749904662
110.06132364120495 84.840854658200385 27.784202293760817
109.99206435674179 84.166174827715864 27.816763516825247
110.05008538159797 83.489773423868812 27.816385618941855
110.1128022754457 82.817961203712258 27.820607737053425
110.14273985739851 82.144287298584629 27.854835068251589
110.13845232269746 81.469225138508051 27.878743707569352
110.13379967238261 80.79415478428993 27.879229109043209
110.16057758984969 80.117331459859457 27.882898315323747
110.15438559842204 79.448109817918791 27.97805834817143
110.12330293114867 78.804125682509081 28.205718430916605
110.13650809530994 78.219534472837154 28.552836450915645
110.10298173887635 77.722776123891151 29.007497976243023
110.00330434793752 77.245726036754562 29.48983635336235
109.80173440975557 76.816157801124476 29.969172535661421
109.47225913817395 76.542034123605347 30.493938388526679
109.12709095959413 76.362031629069762 31.059997292414305
108.82509541022746 76.286763530456696 31.670774979231521
108.66731283628285 76.412131234466997 32.314619177922935
108.57304838292504 76.641738936117889 32.953563005902993
108.45016602370599 76.894499375995423 33.569971954195829
108.39106412273426 77.263420865147665 34.131310141772396
108.37637756778459 77.710840783226843 34.644999160241944
108.26025939206798 78.140696013482568 35.151157234457983
108.13681612520506 78.590045035297464 35.640980593825212
108.06733739888412 79.075535549790317 36.108873946613464
108.07563232338093 79.579552477029395 36.558709513036383
108.14685459563464 80.089687010339901 36.997386035989116
108.23896444798201 80.592690881856427 37.438944942917374
108.38896396531284 81.106252722316029 37.85048465104839
108.56335485889041 81.658357331552224 38.209375210994992
108.7891875230044 82.113799064072865 38.64912905845275
109.08625856556294 82.469418537527162 39.153533696122949
109.45351280844473 82.776987245035286 39.629249703224744
109.87223708912664 83.03578538777289 40.090924946302522
110.31648294308427 83.271805663778821 40.547510579061303
110.7729394549477 83.389951386667164 41.035975345314917
111.15864347535887 83.377996358575587 41.59450716877911
111.4710948972324 83.279573504105912 42.192245250459635
111.74329901935434 83.075146953999294 42.775763495670894
111.96406284631257 82.795238190829053 43.35318341450985
112.14589109371374 82.502241207981442 43.933392713555648
112.29727301799289 82.253793433507212 44.525813100219978
