#spline3d 5 121 5 121
63.19848536922202 80.880810509970885 1.7828694323746677
63.631571399325118 80.619774138629424 2.24991379586328
64.070486689424527 80.304470067388507 2.4794903084033053
64.519559224218796 79.965126319495056 2.5545137040339223
64.98359966743709 79.63346862228903 2.5600988219669469
65.46360842408501 79.327930130376231 2.5604022649627232
65.951138318124393 79.036164998889092 2.5538228301514172
66.443357693131674 78.752097948024769 2.5340787655878887
66.936695196693279 78.470700894683759 2.5070227670917853
67.424343764604956 78.181733621437445 2.457784779562191
67.921631045823531 77.910366653487159 2.4089484133470016
68.4416967420227 77.681316214882784 2.3859706705834145
68.96840490451504 77.466282448058237 2.3744292858546339
69.487371883864228 77.234783285603996 2.3570464120419801
69.998722163678039 76.987109904086537 2.3339132977442447
70.500624332470139 76.720211930509123 2.3480336275730278
71.005709007405002 76.460087872895457 2.3579695058020937
71.527187476946423 76.234258950221985 2.3210514193085752
72.049736262543107 76.009985241052007 2.3212951190309417
72.556615162031434 75.754864338704635 2.3623899343195083
73.050410541630995 75.474327327211626 2.3967930255906507
73.553220890160404 75.212063442650432 2.4334069714827327
74.064642389432322 74.970868263251688 2.4956566033001719
74.574794753680379 74.737162180244326 2.5952951886422211
75.081031302280834 74.522052175206156 2.744069555599796
75.576631699953637 74.336428268530966 2.9543358281702679
76.048154802694242 74.150428563982743 3.2137136712977665
76.501145454334036 73.94832165426719 3.4932157966120858
76.939324519426464 73.745454513316957 3.7943679754466593
77.373571210302373 73.591378620370179 4.1262983963788713
77.803620474809094 73.46518635885657 4.4778798379929867
78.210573332837612 73.312508106328139 4.8460805653193955
78.574534813691727 73.126484708645592 5.2432640560503563
78.887881378474844 72.921895432714763 5.6717829652982257
79.162730305729639 72.706352592800044 6.1212465497660666
79.428405699500701 72.503817981324886 6.5840175991478347
79.633869577840954 72.300275055359592 7.0715933797993165
79.77249809332983 72.071648738057206 7.5748826464212762
79.933958673940836 71.841488774105784 8.0710574443617631
80.0775231672921 71.618280203746437 8.5720228299627674
80.13917513627527 71.408062830432556 9.0972359051904341
80.149922459919097 71.218478393265229 9.6371689880355795
80.105454372528342 71.035168416214816 10.173523917024523
79.996610348932663 70.831717596634093 10.693037498808998
79.869835669734641 70.629553927159037 11.209967880286841
79.741629183260628 70.444982400558303 11.732646722797053
79.589194761471163 70.265189478749079 12.250139899665587
79.392830012407359 70.073771489409481 12.747610682985936
79.194560173996521 69.875646500129605 13.243387312134629
78.999113243593129 69.666197571549674 13.735741161149258
78.757750048064295 69.421333956469041 14.187442975947251
78.504262342891934 69.142429678844593 14.613742935265361
78.266430805003395 68.873172129170101 15.055332497656625
78.021660933306265 68.612387943264906 15.5004220785643
77.775559579571407 68.279015532266229 15.887497195557801
77.544548722672431 67.88062954679117 16.225710946897344
77.333225335721949 67.486311223518882 16.57919770448358
77.142870360469729 67.069999636346395 16.914615890630721
76.9729756491611 66.604798238429908 17.194632056377902
76.816115470595093 66.121778731554244 17.451426906409882
76.675849755133683 65.63050458467832 17.704739022738426
76.544827140225266 65.124042277174468 17.930262447285145
76.412181193237203 64.587298232667536 18.057659727684126
76.271535933927126 64.036315007773709 18.118764390732387
76.123776548260892 63.488835120412475 18.178082784206612
76.035541611244767 62.934632870287302 18.261513524583009
76.039459168867424 62.372835965310877 18.366825203075773
76.108698824797415 61.814224243018785 18.472276353297922
76.249207112069243 61.281688369127501 18.618791939864344
76.47368136061084 60.798462575686493 18.831366051300058
76.77610209619192 60.370407429881197 19.058343406522525
77.150612039925946 59.993878719470032 19.260005193093452
77.548263331536759 59.632263141491634 19.454551852347265
77.948352586288792 59.300062932927119 19.686685031811813
78.361322903330631 59.054347526526463 19.992948000738831
78.777492834888051 58.872733318754392 20.340260970343362
79.188923404928545 58.730158530656318 20.70905502810572
79.594787072356226 58.649588952767886 21.09902106199133
80.006989843551111 58.655995339428358 21.490616865596863
80.438237228065688 58.713167702134399 21.864229925427576
80.86049947888803 58.812613862945618 22.232817625002347
81.231146949908137 59.030436205100003 22.602510733262019
81.557186200983011 59.345559484742552 22.958550845648855
81.828832776436215 59.715385906801586 23.298659689079155
82.019443090551789 60.119390063470718 23.651048421563107
82.138669111636304 60.533817771225088 24.023780263543223
82.253245112817524 60.931627692798216 24.413861609119724
82.395763123870012 61.310234878349171 24.813752314773069
82.497408118325879 61.707359682211788 25.205931054596874
82.550836902948205 62.132894273602325 25.583291589382558
82.578551800972505 62.585899048897417 25.93143802497525
82.565881542436841 63.082217945634667 26.206101768901092
82.500028995990036 63.613704075403632 26.408330995240281
82.376976828809447 64.139527147298224 26.588899013940541
82.202983956209891 64.654694134454132 26.754902609675483
82.007161874902579 65.169797866209123 26.900790716398337
81.774924808141904 65.681013855875563 26.999328635652834
81.477903648649331 66.162579433798669 27.060898758818468
81.142978231286364 66.622095085172305 27.093208745725331
80.815620732760138 67.088199170503444 27.091723058186691
80.46610598940525 67.535435080641406 27.065144941331983
80.066142030017559 67.936829863062314 27.004781865678606
79.651939432992421 68.318035634320466 26.915889948457831
79.220044754123933 68.674546397048843 26.828532438498847
78.766454801774785 69.010256867914322 26.745043861723644
78.289456465523784 69.313370296119857 26.655586449349531
77.767297329666107 69.513102858062808 26.557082504371309
77.212069069858671 69.617435544826236 26.462512702132639
76.64475138207149 69.66407409445803 26.396269663268608
76.076677501628254 69.651848153733042 26.384335842097379
75.517163212209383 69.568624346132538 26.447209361258345
74.966171190362843 69.445776656456957 26.536831251688938
74.426067920695004 69.300350244480356 26.635134488208575
73.900117722281749 69.136892350183928 26.772992309197253
73.370431244120638 68.992418436031002 26.927671378387689
72.851013215982235 68.827358265665097 27.088437494302564
72.374920484275449 68.582686632093299 27.284675406072914
71.932603248590937 68.337963351699642 27.547673158729115
71.512561620971098 68.132318196222784 27.875387244750399
71.099018096979805 67.970165674781327 28.234315740737348
70.676689252609606 67.859813755024277 28.594545235238201
