#spline3d 5 120 5 120
128.4925737061169 101.64181100110117 2.8395950592350445
128.42372411398969 102.09991585539358 3.2759004957790805
128.51219261541053 102.41781087904715 3.8129012983255746
128.65399803121551 102.62015752773009 4.4140125320968426
128.74295318529246 102.73677051835527 5.0375742428559827
128.67176150472213 102.72725000374706 5.6832790831081033
128.57135610135813 102.59393884411642 6.3025497226551908
128.45674393195253 102.35268257297612 6.8844641114571896
128.34439182875661 102.11688724769452 7.4679759184218746
128.23843831057113 101.82922417207334 8.026330621122721
128.12230803918905 101.50114382278817 8.5665209425994853
127.94567367373288 101.15205849962462 9.0725248959537925
127.66713383376505 100.75602878330048 9.4938718484464797
127.44601180709377 100.33590343415264 9.9195975706389099
127.22153410499102 99.893147888034932 10.324569299632895
126.91120103776517 99.448406115860507 10.669108045170944
126.50086037654474 99.031426324163007 10.93433388444627
126.08002762025492 98.588328625762799 11.123826508565809
125.66482512427625 98.115562407967715 11.239833232430923
125.29561125027615 97.596647936360398 11.302271971257085
124.88886532934883 97.107907102809079 11.376609886724633
124.38296305661122 96.713864445256647 11.416895990283995
123.86437496656436 96.343191694691569 11.462324549999304
123.36834823650807 95.945087086297306 11.509155182760351
122.91330055921063 95.49495431411907 11.519476064039313
122.43849295325221 95.06853649506057 11.536040691737234
121.96057029107193 94.645578338523961 11.527181414102293
121.47422879213293 94.230762425698089 11.517307445151875
120.95886769870617 93.854205893583668 11.496702096080543
120.42026942421367 93.510608376075524 11.466329987487892
119.91958690438689 93.115506738214123 11.449923109421876
119.4079149472901 92.732871991376044 11.427906343585947
118.86849503472389 92.391034623248899 11.407465396210739
118.30135198784511 92.094933184716041 11.397240874764398
117.77160266358912 91.739169747116634 11.386465279531425
117.26406770881813 91.349873186921002 11.384743297351834
116.74477153072164 90.979186064131468 11.419102122833428
116.20242925825644 90.645162820598216 11.475587170833885
115.69369272627875 90.265066687875546 11.499120182733421
115.16696545682822 89.892276972134042 11.538894134420842
114.63792432698988 89.58646844222703 11.741120211904789
114.15386613089152 89.323015542341082 12.073169032992839
113.69428967035336 89.00822210968316 12.385154545641383
113.28058486884768 88.663812436424195 12.732561822043305
112.94940730269857 88.339462795592738 13.176802255220201
112.63937463131313 88.044136729527253 13.652448518762938
112.40666786550236 87.781104384714524 14.187015573199417
112.20898219243414 87.583757874751399 14.766638776005998
112.04814670489928 87.50230222963863 15.380752547800249
111.90125673756252 87.452726336757479 16.00082582227725
111.72881663755099 87.385707167637065 16.611524160142771
111.59044357050378 87.249727436881557 17.2222544214011
111.48483753833334 87.071393550198906 17.828803924013386
111.49849216329045 86.895027972872981 18.443888111582474
111.54049114326052 86.741115394579595 19.063251648957742
111.62234994834083 86.537520454348481 19.662728693870555
111.73336196374272 86.371362031410357 20.271349242460431
111.84892548944308 86.296554963982587 20.894869773395502
111.93096231365922 86.218191456236056 21.525602074460316
111.9643996798803 86.054618798770989 22.144196853802413
111.91926457653751 85.829607731669952 22.742577441494543
111.80416308273031 85.613403524034524 23.335298774679011
111.76432809081614 85.30347705230416 23.891913474115999
111.73086575880835 84.908004989910779 24.400481688226623
111.72993268469881 84.433100383108481 24.840563976094661
111.74410222089253 83.849295553708899 25.110009679992515
111.79030328151755 83.243486934140364 25.31197648554668
111.90785187530562 82.665799559971845 25.559847000801625
111.99739278450011 82.046515585602037 25.710294576925531
112.20605722891972 81.435957059748489 25.745991099918683
112.36838566801727 80.825883047132677 25.650154488893609
112.52088119287433 80.219455299185313 25.510419523667451
112.66627532493074 79.615206914581663 25.365749264919597
112.71010945555031 78.991417647939201 25.232269354404053
112.74242071760615 78.372109205963312 25.069278285299763
112.7782274859504 77.776750344882487 24.84142242702616
112.82205544595807 77.222719796120501 24.521088220939099
112.86459613662676 76.647840699493884 24.251168760091065
112.85157570897492 76.04473875354131 24.022841777486615
112.77558626270428 75.427672758637954 23.873284318210295
112.70064170615879 74.781210727928027 23.924267271175498
112.59872369825146 74.16234417147929 24.088312853062504
112.28131607077394 73.711286188855127 24.418281825066821
111.89296248713458 73.275813177018861 24.724614816756315
111.39142126397707 72.966593604352497 24.977218667477441
110.78195239525942 72.952064547303962 25.224563565542574
110.19399716231611 72.952009022172618 25.498285285234079
109.67938449602057 73.127131653825572 25.821796604686455
109.17739632809534 73.31673754618798 26.175386318050183
108.65851961859406 73.399069126578425 26.551763980713616
108.18927817887476 73.677024252254839 26.884647530720965
107.74224256316651 74.020337182332952 27.196410998780436
107.31962546334283 74.372987944189418 27.517942149810246
106.99248523980653 74.764527835256999 27.909363830469225
106.75423393783015 75.211961798651814 28.305847160445023
106.61558411322531 75.748894898322007 28.632406936467664
106.57606553829727 76.296550412205775 28.961842739638424
106.59863980911493 76.815723659734687 29.336921800500456
106.68548722548118 77.35286872392102 29.673864234854147
106.85758450943868 77.85337120047167 30.032637836132185
107.05781568367702 78.315043506240258 30.429402925927931
107.31494825407668 78.781067917084428 30.781862649262919
107.5793243242195 79.285535428664673 31.074341732449199
107.78449595222763 79.804369391676133 31.385705768122175
107.97484030840286 80.339059359889518 31.6791094251322
108.15201818825123 80.898088981555787 31.932799016194632
108.34136540589508 81.456143317750445 32.177567162535645
108.60726669398034 81.993629839773902 32.414469395054319
108.80006315080958 82.485570185843756 32.770147427914623
108.93745429246607 82.958968787582521 33.181661031653036
109.09807316868968 83.411502657948745 33.618381514270752
109.4373649804462 83.68912862340521 34.094445137835315
109.87045903533341 83.803436553457516 34.566809920788771
110.26983450012658 83.921041977091249 35.043328397093212
110.66496118595423 84.024782093759285 35.537899978946228
111.03560829658969 84.044280728253469 36.059236442430709
111.38328725016288 84.009573507133254 36.595032465743692
111.7309105074909 83.95541691633305 37.127760224963801
112.09136060708403 83.846892074084735 37.643534991231036
112.47886548811675 83.657831679330457 38.127895955840131
