#fname degree numKnot L1 L2 L3 L4 MSE traceH AIC AIC0 GCV GCV2 cv_avr cv_stdev cv_error ts_avr ts_stdev ts_error sigma0 sigma_opt
00003026.nii_R_ICA_labeled_d5_cp120_lmd1d0.000_lmd2d0.000_lmd3d0.000_lmd4d0.000 5 120 0 0 0 0 3.7560013614328e-005 120.000000000001 -179.146930111523 2081.87618353269 -0.0133961925204977 0.0119194468883413 0.224199691824537 0.209873814863302 0.779866588991837 0.183626496143645 2.77175840327548 2.77190393038076 1 4.9673284582486e-005 
00003026.nii_R_ICA_labeled_d5_cp121_lmd1d0.000_lmd2d0.000_lmd3d0.000_lmd4d0.000 5 121 0 0 0 0 3.63106934940537e-005 120.999999999999 -180.371612332618 2087.87587495061 -0.0128308738700888 0.0118125505470391 0.226599075356792 0.215410464664873 0.779068655557982 0.145057417599833 3.23540221040043 3.23541818071236 1 4.89059435509718e-005 
00003026.nii_R_ICA_labeled_d5_cp120_lmd1d0.000_lmd2d0.000_lmd3d0.000_lmd4d0.000 5 120 0 0 0 0.0001 3.85283306827821e-005 112.17806915675 -221.263566493516 2034.9448376475 -0.0171237175590818 0.0113717291467867 0.210846584077795 0.122607396338638 0.774218756862825 0.254023509989965 2.39895558353133 2.40098925727171 1 4.9673284582486e-005 
00003026.nii_R_ICA_labeled_d5_cp121_lmd1d0.000_lmd2d0.000_lmd3d0.000_lmd4d0.000 5 121 0 0 0 0.0001 3.73084246975307e-005 113.085967864041 -222.816752849909 2040.39192857447 -0.0163529770568754 0.0112661186934029 0.212219963765529 0.122328220186863 0.772818498939769 0.248235799681018 3.28049494511656 3.28181328657745 1 4.89059435509718e-005 
00003026.nii_R_ICA_labeled_d5_cp120_lmd1d0.000_lmd2d0.000_lmd3d0.000_lmd4d0.000 5 120 0 0 0 0.0002 3.95882502303651e-005 108.347319390541 -238.977623837418 2011.96060085038 -0.019913699475403 0.0112086120129079 0.208778017854488 0.119309672718648 0.775747261116844 0.238411525684348 2.51101071870781 2.51238833468802 1 4.9673284582486e-005 
00003026.nii_R_ICA_labeled_d5_cp121_lmd1d0.000_lmd2d0.000_lmd3d0.000_lmd4d0.000 5 121 0 0 0 0.0002 3.83989008020972e-005 109.209991561964 -240.565149231897 2017.1363401096 -0.0189827805045601 0.0111080703811578 0.21001334122846 0.118802011374294 0.774448620109086 0.281675741164596 2.84221959230365 2.8450311917991 1 4.89059435509718e-005 
00003026.nii_R_ICA_labeled_d5_cp120_lmd1d0.000_lmd2d0.000_lmd3d0.000_lmd4d0.001 5 120 0 0 0 0.0005 4.2399780250837e-005 101.472290922697 -266.247484687256 1970.71112449123 -0.0280116841880828 0.011051801180984 0.20582364769905 0.114920236554992 0.778006141883584 0.254628940358544 2.26544734782027 2.26762721971927 1 4.9673284582486e-005 
00003026.nii_R_ICA_labeled_d5_cp121_lmd1d0.000_lmd2d0.000_lmd3d0.000_lmd4d0.001 5 121 0 0 0 0.0005 4.13216468010911e-005 102.267533261925 -267.458538564782 1975.48231222764 -0.0265500717750397 0.0109703327278992 0.206779359382153 0.114264088060126 0.776964159282559 0.238639515181112 2.77574414546758 2.77699727404694 1 4.89059435509718e-005 
00003026.nii_R_ICA_labeled_d5_cp120_lmd1d0.000_lmd2d0.000_lmd3d0.000_lmd4d0.001 5 120 0 0 0 0.001 4.56127705715186e-005 95.402693954493 -286.688498490586 1934.29433629061 -0.0425465728601108 0.0110039522154134 0.203664655774973 0.112246796298272 0.779752183385509 0.141367278357267 3.15630949400718 3.15633990654463 1 4.9673284582486e-005 
00003026.nii_R_ICA_labeled_d5_cp121_lmd1d0.000_lmd2d0.000_lmd3d0.000_lmd4d0.001 5 121 0 0 0 0.001 4.46854425814209e-005 96.1427543740327 -287.218324705543 1938.73446975784 -0.0398550409056038 0.0109449507349022 0.204368798906529 0.111678717295519 0.778973734373557 0.218243074122132 2.08041797380193 2.08137225487025 1 4.89059435509718e-005 
00003026.nii_R_ICA_labeled_d5_cp120_lmd1d0.000_lmd2d0.000_lmd3d0.000_lmd4d0.002 5 120 0 0 0 0.002 4.9673284582486e-005 89.0590576950418 -304.559443445674 1896.23352168087 -0.0862776033894922 0.011022082757989 0.201621086109643 0.110033650701577 0.781459830929898 0.245278508207095 2.31047406505839 2.31222844514788 1 4.9673284582486e-005 
00003026.nii_R_ICA_labeled_d5_cp121_lmd1d0.000_lmd2d0.000_lmd3d0.000_lmd4d0.002 5 121 0 0 0 0.002 4.89059435509718e-005 89.7419868317481 -304.307243893556 1900.33090696787 -0.0777172162609782 0.0109841129467212 0.20209740600651 0.109691598160687 0.780940140885226 0.232062094702095 2.11241969560038 2.11381673805021 1 4.89059435509718e-005 
00003026.nii_R_ICA_labeled_d5_cp120_lmd1d0.000_lmd2d0.000_lmd3d0.000_lmd4d0.005 5 120 0 0 0 0.005 5.69262332575109e-005 80.7392482343911 -318.413072435959 1846.31645639529 0.389691040039091 0.0112089114271567 0.198730446696966 0.107406635332405 0.783957544484075 0.195085639211531 1.68874230531407 1.68921271487579 1 4.9673284582486e-005 
00003026.nii_R_ICA_labeled_d5_cp121_lmd1d0.000_lmd2d0.000_lmd3d0.000_lmd4d0.005 5 121 0 0 0 0.005 5.62143907309033e-005 81.3492158817855 -317.752477595309 1849.97608645455 0.627267114066901 0.0111796243589385 0.199017524969467 0.107401148473971 0.783672422286752 0.185639133408228 1.70385690434246 1.70412836541116 1 4.89059435509718e-005 
00003026.nii_R_ICA_labeled_d5_cp120_lmd1d0.000_lmd2d0.000_lmd3d0.000_lmd4d0.010 5 120 0 0 0 0.01 6.51500891403334e-005 74.7038811124185 -313.73221927003 1810.10628495585 0.0871043507611635 0.0115712150683972 0.196176240801992 0.105376847508503 0.786213116244543 0.0948928184076892 1.62616141045391 1.62728014652059 1 4.9673284582486e-005 
00003026.nii_R_ICA_labeled_d5_cp121_lmd1d0.000_lmd2d0.000_lmd3d0.000_lmd4d0.010 5 121 0 0 0 0.01 6.42510612857789e-005 75.2630391509804 -313.680245903904 1813.46101112735 0.0933422718576514 0.0115285140441543 0.196404252581416 0.105549706723468 0.78601035617609 0.115605076280761 1.54384357103794 1.5443518249843 1 4.89059435509718e-005 
00003026.nii_R_ICA_labeled_d5_cp120_lmd1d0.000_lmd2d0.000_lmd3d0.000_lmd4d0.020 5 120 0 0 0 0.02 7.73815948916533e-005 68.9849102783344 -287.224982289815 1775.79548113327 0.0542580990988515 0.0122055955267142 0.193254982063988 0.103454483405226 0.788853703678051 0.0747949155897426 1.52301445399306 1.52513662315792 1 4.9673284582486e-005 
00003026.nii_R_ICA_labeled_d5_cp121_lmd1d0.000_lmd2d0.000_lmd3d0.000_lmd4d0.020 5 121 0 0 0 0.02 7.60824113148997e-005 69.4974384320563 -288.519488170491 1778.87032915726 0.0559489164770467 0.012137645880644 0.193480425278558 0.103677643422267 0.788659513854985 0.0778132772901074 1.47165727825769 1.47369176719638 1 4.89059435509718e-005 
00003026.nii_R_ICA_labeled_d5_cp120_lmd1d0.000_lmd2d0.000_lmd3d0.000_lmd4d0.050 5 120 0 0 0 0.05 0.00010271306054008 61.9737471656724 -203.331455882386 1733.73475932931 0.040984494921946 0.0135293345098733 0.189116348421869 0.101385686356626 0.792689522801823 0.0736449502589402 1.16349658694875 1.16635299190507 1 4.9673284582486e-005 
00003026.nii_R_ICA_labeled_d5_cp121_lmd1d0.000_lmd2d0.000_lmd3d0.000_lmd4d0.050 5 121 0 0 0 0.05 0.000100569130720095 62.4306781740314 -207.249606947618 1736.4758158288 0.041485566828653 0.0134205336376107 0.189347648439125 0.101580499412222 0.792485070540962 0.0738330620604806 1.16629453790895 1.16913099642548 1 4.89059435509718e-005 
00003026.nii_R_ICA_labeled_d5_cp120_lmd1d0.000_lmd2d0.000_lmd3d0.000_lmd4d0.100 5 120 0 0 0 0.1 0.000132089925602827 57.0995074368559 -86.5006737780736 1704.49657704208 0.0374996698388951 0.014948778601646 0.186175550897013 0.100069888920095 0.795439652262185 0.0318218043150782 0.982498953050494 0.990218193918924 1 4.9673284582486e-005 
00003026.nii_R_ICA_labeled_d5_cp121_lmd1d0.000_lmd2d0.000_lmd3d0.000_lmd4d0.100 5 121 0 0 0 0.1 0.000128997033406753 57.5185630856475 -93.1468656638697 1707.01014699046 0.0376838530330008 0.0148053999952118 0.186391406844058 0.100232296596493 0.795245965182692 0.062497520150005 1.14774876517858 1.15148828062236 1 4.89059435509718e-005 
00003026.nii_R_ICA_labeled_d5_cp120_lmd1d0.000_lmd2d0.000_lmd3d0.000_lmd4d0.200 5 120 0 0 0 0.2 0.000174292381964974 52.5896386384396 96.2914814065118 1677.44778825831 0.0365443285314778 0.0167732317823632 0.183732696477204 0.0987286434420066 0.797696045179144 -0.0189140478539512 0.945280471144535 0.961186201546682 1 4.9673284582486e-005 
00003026.nii_R_ICA_labeled_d5_cp121_lmd1d0.000_lmd2d0.000_lmd3d0.000_lmd4d0.200 5 121 0 0 0 0.2 0.000169912099527937 52.9740043259218 86.2277683780262 1679.75290045344 0.0365545739014709 0.0165939273988062 0.183907997161716 0.0988815757935256 0.79754103921101 -0.0127388098850623 0.946269596953388 0.961060535029975 1 4.89059435509718e-005 
00003026.nii_R_ICA_labeled_d5_cp120_lmd1d0.000_lmd2d0.000_lmd3d0.000_lmd4d0.500 5 120 0 0 0 0.5 0.000256978702862583 47.1615388903657 474.87993511168 1644.89961329113 0.0375257808992185 0.0198137392287304 0.181202835419358 0.097108188035424 0.800008202173859 -0.00886422493219326 0.740037061304408 0.758010224890771 1 4.9673284582486e-005 
00003026.nii_R_ICA_labeled_d5_cp121_lmd1d0.000_lmd2d0.000_lmd3d0.000_lmd4d0.500 5 121 0 0 0 0.5 0.000250322068392029 47.5044426197272 459.521820748021 1646.95539147858 0.037401207643721 0.0195890463530011 0.181344996023574 0.0972248485998542 0.799881264549543 -0.00795610315233946 0.744085567541114 0.76176819499302 1 4.89059435509718e-005 
00003026.nii_R_ICA_labeled_d5_cp120_lmd1d0.000_lmd2d0.000_lmd3d0.000_lmd4d1.000 5 120 0 0 0 1 0.000346218645695357 43.4335474677392 896.256870067417 1622.55370702125 0.0393825392493899 0.0225769864030282 0.179478259328676 0.0961692696295296 0.801606868927967 -0.00124294477535542 0.671588427676638 0.689574244115331 1 4.9673284582486e-005 
00003026.nii_R_ICA_labeled_d5_cp121_lmd1d0.000_lmd2d0.000_lmd3d0.000_lmd4d1.000 5 121 0 0 0 1 0.00033724924354339 43.7481606868853 876.010773019073 1624.43917089379 0.0391859827386697 0.0223171103553427 0.179620385817213 0.0962627456944063 0.801476990865405 -0.00123211411829145 0.676155915470874 0.694020932567273 1 4.89059435509718e-005 
00003026.nii_R_ICA_labeled_d5_cp120_lmd1d0.000_lmd2d0.000_lmd3d0.000_lmd4d2.000 5 120 0 0 0 2 0.000467709371070306 40.0072923635935 1479.81097449622 1602.02618460554 0.0420684088786421 0.0258065496808228 0.177638016401862 0.0954132545020096 0.803343708216921 0.00562953705605501 0.63887648153791 0.656156529785431 1 4.9673284582486e-005 
00003026.nii_R_ICA_labeled_d5_cp121_lmd1d0.000_lmd2d0.000_lmd3d0.000_lmd4d2.000 5 121 0 0 0 2 0.000455475669186107 40.295963616587 1452.40143960729 1603.75519039914 0.0417996606025341 0.025502372631812 0.17779349314716 0.0954948134790189 0.803199024899679 0.00144614700007996 0.625823381763043 0.644439489204741 1 4.89059435509718e-005 
00003026.nii_R_ICA_labeled_d5_cp120_lmd1d0.000_lmd2d0.000_lmd3d0.000_lmd4d5.000 5 120 0 0 0 5 0.000699352445936287 35.903901418337 2607.03391788455 1577.46305477349 0.0468954143741765 0.0309431694395227 0.175046006750406 0.0944968660738585 0.805809451596063 -0.0155741926443618 0.584845377790542 0.609274839277991 1 4.9673284582486e-005 
00003026.nii_R_ICA_labeled_d5_cp121_lmd1d0.000_lmd2d0.000_lmd3d0.000_lmd4d5.000 5 121 0 0 0 5 0.000681188318276807 36.1613918950434 2567.55819926031 1579.0035110942 0.0465405121579107 0.0305759816170843 0.175203736775222 0.0945758281684116 0.80566207556188 -0.0135341027965034 0.578465468409537 0.602578866484175 1 4.89059435509718e-005 
00003026.nii_R_ICA_labeled_d5_cp120_lmd1d0.000_lmd2d0.000_lmd3d0.000_lmd4d10.000 5 120 0 0 0 10 0.000939107313387399 33.0946658796591 3782.35761578185 1560.66686099369 0.0512421116937314 0.0353861203277765 0.173215442985136 0.093693437406214 0.807533801848054 -0.0319257422366046 0.575161739308812 0.604843545115964 1 4.9673284582486e-005 
00003026.nii_R_ICA_labeled_d5_cp121_lmd1d0.000_lmd2d0.000_lmd3d0.000_lmd4d10.000 5 121 0 0 0 10 0.000915946201419336 33.3307432992471 3736.22155065857 1562.07760471656 0.0508500806659763 0.0349856459635432 0.173357665599845 0.0937847773777703 0.807403144513305 -0.0309934374657843 0.578673055396 0.607897279503291 1 4.89059435509718e-005 
00003026.nii_R_ICA_labeled_d5_cp120_lmd1d0.000_lmd2d0.000_lmd3d0.000_lmd4d20.000 5 120 0 0 0 20 0.00123945681795353 30.5170990731866 5260.37766192697 1545.27564648248 0.0559403979367746 0.0401688182071845 0.171624464429918 0.0926516256179065 0.808994079164894 -0.0386733111243126 0.504746155333604 0.54070740523132 1 4.9673284582486e-005 
00003026.nii_R_ICA_labeled_d5_cp121_lmd1d0.000_lmd2d0.000_lmd3d0.000_lmd4d20.000 5 121 0 0 0 20 0.00121050820880502 30.7335991632154 5208.32730897331 1546.56749671619 0.0555152249231388 0.0397366974806712 0.171748963687807 0.0927610775196666 0.808882943637455 -0.0384209557182513 0.510727553178413 0.546205686892417 1 4.89059435509718e-005 
00003026.nii_R_ICA_labeled_d5_cp120_lmd1d0.000_lmd2d0.000_lmd3d0.000_lmd4d50.000 5 120 0 0 0 50 0.00176343940530343 27.4336232472974 7847.37592311139 1526.90421522622 0.0629775727254957 0.0472401631208699 0.169910955508506 0.0910100588832818 0.810510368980377 -0.0376983044705924 0.412761176217402 0.455620955843628 1 4.9673284582486e-005 
00003026.nii_R_ICA_labeled_d5_cp121_lmd1d0.000_lmd2d0.000_lmd3d0.000_lmd4d50.000 5 121 0 0 0 50 0.00172280076139524 27.626856195383 7777.02596175732 1528.05357516969 0.0624675505727276 0.0467337920403909 0.170007558456403 0.0911244313440933 0.810427229113605 -0.0380390728615996 0.41763209758425 0.460181306549663 1 4.89059435509718e-005 
00003026.nii_R_ICA_labeled_d5_cp120_lmd1d0.000_lmd2d0.000_lmd3d0.000_lmd4d100.000 5 120 0 0 0 100 0.00229994570832104 25.3240582234102 10502.4917225041 1514.37934213974 0.0692610341594211 0.0534363989048249 0.168979666677332 0.0898543119390509 0.811306959971975 -0.0314890817156062 0.361159634963941 0.406568222177867 1 4.9673284582486e-005 
00003026.nii_R_ICA_labeled_d5_cp121_lmd1d0.000_lmd2d0.000_lmd3d0.000_lmd4d100.000 5 121 0 0 0 100 0.00224696678398525 25.5014050354337 10411.5794548057 1515.43033721757 0.0686723062832528 0.0528596525052318 0.169047259204767 0.0899480443228755 0.811250170615778 -0.0321730445840815 0.364960314655002 0.410260094122438 1 4.89059435509718e-005 
00003026.nii_R_ICA_labeled_d5_cp120_lmd1d0.000_lmd2d0.000_lmd3d0.000_lmd4d200.000 5 120 0 0 0 200 0.00298753595601084 23.3892001381492 13909.9194387152 1502.94002841935 0.0763469484889673 0.0603755011416221 0.168431403484151 0.0889650371520613 0.811753910316819 -0.0224186292743292 0.32183833972688 0.367609166812299 1 4.9673284582486e-005 
00003026.nii_R_ICA_labeled_d5_cp121_lmd1d0.000_lmd2d0.000_lmd3d0.000_lmd4d200.000 5 121 0 0 0 200 0.0029204669058996 23.5519414391638 13801.4023666261 1503.89991017007 0.075694090934395 0.0597374269252313 0.168463964753629 0.0890340026327056 0.811729106738917 -0.023270429247864 0.324787480384037 0.370603354029195 1 4.89059435509718e-005 
00003026.nii_R_ICA_labeled_d5_cp120_lmd1d0.000_lmd2d0.000_lmd3d0.000_lmd4d500.000 5 120 0 0 0 500 0.00417328389553181 21.0753766108042 19792.1583973488 1489.34996699635 0.086826472353202 0.0706272588528766 0.168322137364681 0.0880627011176008 0.811764134560583 -0.0111529045320727 0.288967607767651 0.333441527013075 1 4.9673284582486e-005 
00003026.nii_R_ICA_labeled_d5_cp121_lmd1d0.000_lmd2d0.000_lmd3d0.000_lmd4d500.000 5 121 0 0 0 500 0.0040816405120851 21.2205370293841 19651.933871756 1490.19829359211 0.0860718065718714 0.069892390299792 0.168312227228473 0.0881179127402222 0.811779977522291 -0.0117440554506468 0.29042302832658 0.334997858337764 1 4.89059435509718e-005 
00003026.nii_R_ICA_labeled_d5_cp120_lmd1d0.000_lmd2d0.000_lmd3d0.000_lmd4d1000.000 5 120 0 0 0 1000 0.00544105066009576 19.4928349187989 26086.622981528 1480.16785523516 0.0966445709439512 0.0800835394130478 0.168557929065813 0.0874781553059709 0.811466511232102 -0.00654057013388691 0.276547140276195 0.320383839354577 1 4.9673284582486e-005 
00003026.nii_R_ICA_labeled_d5_cp121_lmd1d0.000_lmd2d0.000_lmd3d0.000_lmd4d1000.000 5 121 0 0 0 1000 0.00530762549331481 19.6258503338714 25834.2162379789 1480.9329917094 0.0956547332983714 0.0791418141103539 0.168532503234708 0.0875237857261217 0.811496709084546 -0.00681937951844877 0.277418399400307 0.321276722221845 1 4.89059435509718e-005 
