#spline3d 5 120 5 120
62.985052505425529 81.428072266765497 2.4101149314130379
62.981914153290667 81.075639428841356 2.8330735211164955
63.03282288780612 80.73186900526315 3.249465290170658
63.134148620715507 80.395397893958176 3.6556873366213791
63.282261310253716 80.06486281542459 4.048136547345055
63.473529981998553 79.738902495394655 4.4232123714320295
63.704313030643419 79.416177369850217 4.777342293844419
63.970946194217845 79.095458830625134 5.1070837724082203
64.269754861068208 78.775748243343102 5.4092508558212531
64.597091523411905 78.456425489053927 5.6810661416269772
64.949421684974283 78.137441838431045 5.9203499796997408
65.323450017044138 77.819469980162978 6.1256623768761376
65.716256643588423 77.503985117510666 6.2964061561121794
66.125354472723998 77.19318586715157 6.4327952042294045
66.548800364571022 76.88995908940943 6.5359391998047309
66.985172061199933 76.597584285792124 6.6077279806981837
67.433445416702426 76.319252550976159 6.6506785952284275
67.89277017329951 76.057598093268439 6.6677048334861562
68.362272142008294 75.814196014636849 6.6619808020184399
68.840853161879906 75.589171496591504 6.636792692533521
69.327121651575126 75.381146255509819 6.5954620270809645
69.81946261199792 75.187549367857457 6.5413278204486964
70.316153033867451 75.005028527605276 6.4777581118092122
70.815500059427436 74.829864921048028 6.4081870979779874
71.315983429830922 74.65846593036639 6.3361609895626199
71.816357952940066 74.487726044318705 6.2653690025371782
72.315658922740639 74.315135639267254 6.1996134379678107
72.813245812908832 74.138933517867258 6.1427668448299055
73.308769525096878 73.958060900692999 6.0986525071826909
73.802123281825573 73.772051248547399 6.0708613582946445
74.293362942905645 73.580872316091742 6.0625906835765404
74.782640485990115 73.384846978186033 6.0765023873275608
75.270115452601445 73.184634325411849 6.114615355961238
75.755841599540958 72.98128553364657 6.1783679721141418
76.239610323354313 72.776397941007872 6.2687869050974943
76.720814981172325 72.572173379350701 6.3867123067508649
77.198166555818631 72.371528266848671 6.5330190905332968
77.66939833251341 72.177903103870463 6.7088752299305527
78.130907171279702 71.994759845854972 6.9158900351970543
78.577723600315906 71.82502826663557 7.1560459582315534
79.003480852144591 71.670542190562273 7.4315320804831657
79.400757209679028 71.531576224737833 7.7443352720582874
79.761863963664425 71.406784196876828 8.0956346704493569
80.079798544318507 71.293565374888871 8.4852683680746352
80.34894997429079 71.188579544441467 8.9114818366140227
80.565892034510156 71.088272428600064 9.3706148197753087
80.729559163022756 70.989456006644218 9.8573297831781748
80.840983078561791 70.889678275423222 10.365051021494304
80.902528058208205 70.787294510411115 10.886619262263521
80.917338202592475 70.681592153828475 11.4148340922917
80.888624477156796 70.572755083558121 11.943108127339249
80.819270348946972 70.461767227257951 12.46600154322824
80.711843562432932 70.350179695102781 12.979482854367564
80.568835811450285 70.239834828723815 13.48104252889398
80.393106652888363 70.132476394301534 13.969808711801202
80.188386816459101 70.029243660116052 14.446331153441976
79.959583800977953 69.930067565878971 14.912221317601412
79.712605366346182 69.833443936417623 15.369627376661494
79.454190084787157 69.735994142285307 15.820803579674733
79.191271178400783 69.632537134374289 16.267542027948448
78.930200547440293 69.516556892336652 16.710737971190646
78.676212665989524 69.381038929180249 17.150278191722361
78.433079595316372 69.219276154920678 17.585052083618979
78.202999719130133 69.025809870006796 18.013145811804137
77.986998245108126 68.797114664923896 18.432273385029347
77.785554617469245 68.531851650778435 18.840177256407443
77.599151579475645 68.230608657549311 19.234840276470308
77.428769596910115 67.895780894513763 19.614606732506534
77.276228585355796 67.530910527813859 19.978078354748003
77.144268794730806 67.14001301628123 20.323855678225218
77.036326750726758 66.727034104658458 20.650337964452138
76.956302488214888 66.295486192881583 20.95560013077651
76.908145492493304 65.848231377308622 21.237428798113374
76.895411775924956 65.387529722087535 21.493606404224195
76.920950341953727 64.915302605312434 21.722382343823
76.986760709522116 64.433469629659655 21.922935594076399
77.093804584386675 63.944424027827687 22.096073501929226
77.242016091289742 63.451592074332524 22.244785570192658
77.430326476355887 62.960016726088099 22.374625028897707
77.656842646345567 62.476486634807642 22.493368667243097
77.918838197314628 62.009832467406653 22.610814537812121
78.212815943434109 61.570686182924042 22.737810675176856
78.534469947296841 61.170764301484319 22.884926731945846
78.878699042789492 60.821782130190577 23.061262718552207
79.239643909361462 60.534379071835943 23.273581474718728
79.610782658818252 60.316755499359573 23.52546510547203
79.985263451789365 60.173597558169398 23.817225368822541
80.356352141036567 60.105386006573205 24.146269224907691
80.717746133207811 60.108916525518254 24.508051892319475
81.063925630636746 60.177293924465644 24.896637810272097
81.390284402360564 60.301234480956033 25.305731242177032
81.693066746402252 60.470624697646251 25.729366841025882
81.969114496687681 60.675988572905347 26.162190066151066
82.215659975735107 60.909595241320538 26.599496499358676
82.430095245758139 61.166366654842207 27.037054549570158
82.609782037039906 61.443993514380423 27.470732902561313
82.751957525179066 61.742359509531966 27.896202373827837
82.853733842020659 62.062586778887635 28.308823424177874
82.912156393295305 62.406115105730073 28.703588427473335
82.924398614241966 62.773521078501318 29.075239898439559
82.888074349044942 63.163715073279839 29.418436319738763
82.801470715696681 63.573796059041477 29.727893987122783
82.663822362214916 63.998980915075371 29.998537124937876
82.475520600219795 64.432888903208777 30.225741117786516
82.238146228938163 64.868048223049655 30.405712706156262
81.954346776694024 65.296356871253181 30.535975253441705
81.627601063376133 65.709426623900271 30.615695689143859
81.262052852801986 66.098817480235482 30.646229608832112
80.862190975000217 66.456216206395098 30.631244277788344
80.432606500422295 66.773539181431133 30.576659424009044
79.977850855032131 67.042983911252961 30.490117047183968
79.502376991859464 67.257142049313543 30.38072891079349
79.010557010479928 67.40911201703743 30.258594759205138
78.506741051021805 67.492563989816929 30.134423986036548
77.995287927881847 67.50165861109231 30.019266398657177
77.480572812023183 67.430916921626178 29.924355752229008
76.966983874692403 67.275075530625983 29.861006531158647
76.458912918743408 67.028926025580276 29.84054876090126
75.960752044005332 66.68726487355454 29.874313906991208
75.476893330580054 66.244888189720768 29.973633302670336
