#spline3d 5 120 5 120
63.32680133327456 85.828457472877432 3.121077342133618
63.453445511598673 85.37288286518239 3.5961946848237205
63.630776456679286 84.936378834909149 4.058478225510636
63.868367156715387 84.536033084531184 4.5129282156093442
64.186788815079751 84.196370402569428 4.9629898185289365
64.53296747346549 83.891350260697152 5.4216323681823617
64.85971499550871 83.584107611111619 5.8919393057851481
65.233893606154311 83.25618458623309 6.3085285550162773
65.61827487349376 82.870848575452897 6.6652522667939573
66.002100684933524 82.441357937414779 6.9720442946768353
66.444018370943681 82.035973444840707 7.2199071238092012
66.977594654297391 81.715591447563483 7.4146280151789332
67.476523186594378 81.330842896526164 7.5693594678802878
67.978649161547452 80.931998042162803 7.6726026893356485
68.498517035986822 80.54707797583535 7.732863919289402
69.011153202111785 80.150227926854427 7.7624341374780679
69.544470925423084 79.782172095666297 7.7848709244842027
70.099077495483314 79.443999150636742 7.8168990482509422
70.669770780406012 79.132294928316995 7.8317015893731847
71.250690931717799 78.853299576466213 7.7512374500145693
71.80312218926683 78.527454985095872 7.6494382745925558
72.353004584444093 78.19553904432793 7.5575742787476337
72.929913963945566 77.914609616304688 7.4585471059510589
73.511180507643132 77.633486492011443 7.3941434706734777
74.093590935130052 77.348133825940607 7.3480675171583956
74.664681138054164 77.041956334754303 7.3258139840159089
75.209428515570195 76.688918390443348 7.3450298641997263
75.762936772794859 76.348378190416327 7.3775990483532707
76.308853844017889 76.011032240060885 7.4686986010229512
76.820477119126792 75.638113196040322 7.6203051562777686
77.340601212536981 75.271636372750649 7.7442512384142432
77.919726485591838 74.979347755363506 7.831034635542732
78.494958294515087 74.730775469349567 8.0108538924332926
78.997921384229954 74.482972244491705 8.3462944264302994
79.452557672476217 74.211655100828835 8.7293871418056881
79.874022890132821 73.944193155197254 9.1435082859371555
80.24861165441537 73.753715961083941 9.6401071765906856
80.588955779515658 73.604170697702642 10.174932885235085
80.900220301545403 73.473370678370458 10.731578593889804
81.147968829243979 73.301547085633885 11.304225017012721
81.341401186773567 73.067577035675257 11.880427414074937
81.524460600530887 72.879708781275269 12.481961840939496
81.609871316855319 72.822630110630584 13.125735673568892
81.562742001081759 72.833111069360513 13.778773154834553
81.483256895357655 72.797277527516158 14.423446447786601
81.380399976982005 72.805467545476063 15.061471474916196
81.234209822118231 72.89031026588286 15.690994638748649
81.100289338887762 72.958492859014498 16.323351959380947
81.049690858579822 73.045810616901804 16.963499619659849
80.992134584534256 73.131398407885442 17.604395859768161
80.912551673913413 73.211480206469616 18.246600486226995
80.849926357911329 73.387373628836613 18.867202554908221
80.783986280084363 73.638781240716924 19.463981096704163
80.707155741120388 73.870347233992007 20.065604314354673
80.661805234277764 74.141501322963705 20.653929504350316
80.667063063063523 74.469960025861937 21.215318881195596
80.736964030124781 74.788002601543425 21.776407517623017
80.893827909621962 75.067223298124318 22.352214688119719
81.100801630914432 75.221231181326417 22.947506172757521
81.309890449091185 75.189191857935782 23.567639392103526
81.539740033341303 75.086577427928916 24.172208082018223
81.834951701332685 74.863314760037511 24.710517558158642
82.116264083324879 74.491584270940606 25.178966552202954
82.424111318423996 74.023482785365658 25.512449925652433
82.725752855871889 73.490531735238378 25.732921498486718
82.971087964325648 72.899446755109238 25.904965941876249
83.285803539377639 72.329837790183703 25.899801495413424
83.61708450552986 71.806593623071009 25.663945214335953
83.835751482319168 71.261380134661096 25.372391185325096
83.976876246268077 70.736583188819409 25.011342762209168
84.03563079526279 70.304962649530211 24.526214343001993
84.01846750511001 69.902007886191214 24.012792255105584
83.949464707618191 69.473326149933044 23.5329583896483
83.851719400622216 69.043337090917547 23.053036255678368
83.700946691957768 68.591140371431351 22.612544733084405
83.46554538511181 68.103245929538915 22.25033722813814
83.166908446053057 67.626107331857185 21.918382504259533
82.823428555542264 67.150475546011933 21.643952064043013
82.458996143139927 66.638860509772812 21.47119627949807
82.080372956430452 66.130211516161893 21.324186281358738
81.637844637101196 65.669147342761761 21.20566169662348
81.196811817403756 65.19930036061254 21.158215380163803
80.767276979040659 64.70938257991628 21.137662535592835
80.317727684158299 64.232480067050844 21.105780629896817
79.930378466046477 63.745430622236739 21.281085019392869
79.642903601874835 63.24229207504775 21.615145310717917
79.453959945236818 62.794772346204077 22.049693198759368
79.373049434002382 62.424105600713304 22.582996005270509
79.421200337233913 62.098517748132629 23.151645083122446
79.601903715454895 61.852606216274772 23.737800814340901
79.912585518219927 61.786901135098255 24.310967180843587
80.29424453563864 61.901907293479518 24.836340337418058
80.694852591490715 62.1410769264401 25.29204901765862
81.120115904379787 62.436035500592943 25.687726098698466
81.508922726209917 62.800437260132199 26.056109083528764
81.836759250036323 63.205538266129416 26.444091103100366
82.179135673443483 63.5884787696044 26.843114846372977
82.51774460102591 64.020896631508251 27.193817206591753
82.755032288656309 64.541787829771152 27.504924302154926
82.952256578470767 65.088686041988311 27.796364963821084
83.186654414464982 65.620758262571343 28.080965040917818
83.414883107046819 66.157370451769594 28.372269327542288
83.566791769387137 66.706722266587775 28.6836334795745
83.614812707424136 67.248806380375527 29.040008027021042
83.661287731519892 67.771313165180189 29.424775550589541
83.686207634434354 68.306249924111327 29.79122791380831
83.626274798289458 68.867348825308753 30.11369653668185
83.502094354880157 69.450244695459446 30.388674403985309
83.277182210488988 70.009758167074679 30.629116053003592
82.928777477853885 70.50403872241786 30.872165833431364
82.554861952310475 70.959404450754818 31.157642148417114
82.21538006998064 71.351899190555216 31.55449119459767
81.875486530189747 71.613554970453393 32.054142260687101
81.43565053982536 71.728302285616849 32.524303650823498
80.927193694143952 71.756094884156113 32.935876316345855
80.390630013657187 71.686687802751038 33.300035542448384
79.878122298501609 71.502284104286602 33.662366735400113
79.489247240147222 71.249269469377424 34.118355102312258
79.281860811424792 70.990013848447731 34.730330954161786
79.317946856258345 70.785295369893333 35.563823300221088
