#spline3d 5 120 5 120
124.0888548279415 106.17874288100988 1.5133817868029957
124.54640322878576 106.25553483270937 2.0047020640461799
125.03160041426678 106.35593126835879 2.4642656669505434
125.53935925727633 106.47443722325782 2.8988514991163234
126.06459246479019 106.60555768859955 3.3152385135644766
126.60221138651895 106.74379671809608 3.7202071913554682
127.14707753259441 106.8836334381531 4.1205757916845069
127.69391861521702 107.01950310856701 4.523220065147207
128.23722810070441 107.14582095275689 4.9350134647636015
128.77117864573475 107.25711812329442 5.3625913568474255
129.28959427733011 107.34830358533726 5.8119754205797491
129.78594197138125 107.41496286816249 6.2881866917179163
130.25329846956393 107.4537389388904 6.7947717347107233
130.68437799575287 107.46254773570476 7.3334687508248093
131.07167087515396 107.44041228034033 7.9042032687121475
131.40764920194636 107.38729435672694 8.5048263303559626
131.68519497652522 107.30355860573121 9.1311829411328382
131.89799212310703 107.18952981813304 9.7774378725928202
132.04106918758413 107.0451774532492 10.43623181313726
132.11138176586167 106.8699967584959 11.099054042499441
132.1081075816096 106.66316487695406 11.756694913044711
132.03280483517884 106.4237861529689 12.399630979235434
131.88942878994081 106.15120348820864 13.018413480661241
131.68384840701327 105.84527060591047 13.604045173292713
131.42319678691945 105.50645883945128 14.148238392125913
131.11537421353938 105.13594028935815 14.643766321629787
130.76850486666444 104.73543326738293 15.084826252584945
130.39066121470259 104.30697126190513 15.467195722459437
129.98963852489493 103.85280376339659 15.788714756089711
129.57261532706792 103.37543634809794 16.049549122964127
129.14575048709355 102.87780228981791 16.252049299232691
128.71365997781854 102.36349328624031 16.400577250976134
128.27890667196439 101.83695354499838 16.501069249771113
127.84192864802473 101.30341607808879 16.560346150532954
127.40132882255669 100.76864307568609 16.585498356637736
126.95429692559475 100.23853953901784 16.583312850765473
126.49750434892817 99.718549446537736 16.559701660645036
126.02784288824498 99.213267272694708 16.519453752320242
125.54308247994699 98.725977547627224 16.465898728696821
125.04228314853989 98.258456708087195 16.400947550120478
124.52574130281249 97.811094890814203 16.3254422655674
123.99491121025858 97.382932997365998 16.239501244609468
123.45209924241738 96.971833639159513 16.143095774886088
122.90004324044101 96.574760815990217 16.036653910368994
122.34154552523313 96.18804818902683 15.921547393534029
121.77911382688475 95.80770107242445 15.800533432574239
121.2146572415475 95.429847548582003 15.677913703379504
120.64939787420187 95.051103548738396 15.559383198180621
120.08378093774786 94.668993606482587 15.45202981959749
119.51767153330134 94.282265224014466 15.364028697613294
118.95073887013599 93.89088573972704 15.304191124942683
118.38293585534537 93.496092168766864 15.281535189657422
117.81518906692696 93.100176831349884 15.304691811675687
117.24995605826751 92.706101239846333 15.381444768722904
116.69170617978783 92.31713013747077 15.518337971272263
116.14731801285166 91.936452358141722 15.720234928873687
115.62591488938699 91.566921262614173 15.989943211853047
115.13821998373467 91.211064069907906 16.328008389375505
114.69575820828933 90.871257936855102 16.732267528483607
114.30936289997159 90.550216894243988 17.197921216818511
113.98799204167112 90.251358714670829 17.718245511613045
113.73719709278325 89.979157399277014 18.285195431054376
113.55770157969387 89.738973917621834 18.89049956163964
113.44478256715671 89.536284401159563 19.526418326288439
113.38758567210249 89.375555474609527 20.186207180849198
113.36905640404852 89.258654310482868 20.864219129500743
113.36736836650144 89.183478257322392 21.555476627659722
113.35809873453807 89.143164753011291 22.255006628214776
113.3169880602818 89.125332831347748 22.956948794799246
113.22373120919444 89.112636934912032 23.653478976147806
113.06417519202321 89.084529565100127 24.334347969678234
112.83310015716128 89.019009587297859 24.986203785540344
112.53507807766499 88.895758917090888 25.592811431117713
112.18313230264206 88.698475556363661 26.136136983842103
111.79776784507568 88.417229076167118 26.59779247025585
111.40466429337116 88.049855606725899 26.961565319370735
111.03186069842261 87.601391066138675 27.215971836300035
110.70716777674708 87.082774934637612 27.356473102655556
110.45519387546226 86.508907107204479 27.38763445330283
110.29454683275353 85.895708357423587 27.323197734862898
110.23616171023276 85.257838178097984 27.184558063961116
110.28136150290388 84.606725984053085 26.999070601621884
110.42146885136664 83.949521918478311 26.796508991104197
110.63968039184491 83.2897717241826 26.605984449522225
110.91175817227247 82.628026559079046 26.453086718985933
111.20856283494822 81.963894609977558 26.357474448220881
111.49844349618937 81.297917190581785 26.332288860159316
111.74928263990974 80.633359705316323 26.383463026033407
111.93111425161044 79.977698018052791 26.510170833286761
112.01864035694311 79.342905151511673 26.70639429398911
111.99358735452684 78.745015972034423 26.962565654267422
111.84741114270858 78.203072682140572 27.267347484256632
111.5825756687093 77.736846499322567 27.609780750668289
111.21176940687812 77.364663032546702 27.980678776590896
110.75766856960708 77.100981214269041 28.373844956792468
110.24992937658932 76.954341450280765 28.786272120756632
109.72149309060312 76.927248501625371 29.217204496463914
109.20536617671755 77.015576471569446 29.667175168357549
108.73083637583838 77.209837033981728 30.13622685853619
108.32150360545752 77.497051461470079 30.622642221277317
107.99385241823083 77.862322251130607 31.121981157928925
107.75699617409273 78.29045270347865 31.626720710461292
107.6140557909186 78.766970819842214 32.12690560351674
107.5637835096979 79.278533971543141 32.61118371221314
107.60218112662254 79.812974033314674 33.068180372804434
107.72427791878181 80.358896858571356 33.488239216922196
107.92508361464314 80.905283212295529 33.864491623818452
108.19998207263178 81.441300530966686 34.194131271542723
108.54442080312027 81.956400684949557 34.478872024239017
108.95331946715494 82.440606243036626 34.724426587998593
109.42039746052292 82.884904122663386 34.940278584798214
109.9377081440493 83.281473823339027 35.138869081626652
110.49575945862108 83.623509912226879 35.334621099511281
111.08378856508729 83.904959282055614 35.543216186240393
111.69018892866401 84.120198102529812 35.780945450520292
112.3029487646095 84.263776929143603 36.06427417637768
112.90989873301308 84.330304831529105 36.409685555926011
113.49883039958847 84.314402678301988 36.833649683324296
114.0575349779637 84.210691506114898 37.352635513173546
114.57380344055443 84.013792416975363 37.983112073349666
