#spline3d 5 120 5 120
66.296993907363316 104.10342101102037 4.9773313233765899
66.050870679951245 103.90540557070547 5.5227595559116232
65.837534977613657 103.66421535100395 6.0545791667315969
65.660570978302374 103.38453146802607 6.5711991391941371
65.523563625704043 103.07103520523762 7.0710284717216298
65.430089181243247 102.72840582261925 7.5524759649158453
65.383619707406467 102.36129356425842 8.0139471038663537
65.38724834647816 101.97424332681415 8.4538399757656997
65.443222403582155 101.57158533290186 8.870560246563965
65.552394296248693 101.15734103947732 9.2625805500811733
65.713837607808202 100.7351969558007 9.6285440532691062
65.92478680875584 100.30855785114038 9.9673845801052074
66.181030642639612 99.880682264309897 10.278414727678378
66.477609332326196 99.45485323308975 10.561371834289512
66.8096073017702 99.03450702490521 10.816428381835415
67.172750723829296 98.623215837900162 11.044187288689583
67.563634740198381 98.22447173190659 11.245663518995075
67.979588237901922 97.841311693844844 11.422229553524106
68.418332748776635 97.475913022483297 11.575489174877108
68.87763392737692 97.129301316080785 11.707077830527084
69.35508004869267 96.801275775461065 11.818431824887224
69.848032565794668 96.490562032291649 11.910603998597621
70.353712280503842 96.195128621703589 11.984205593147026
70.869365140570409 95.912582971633455 12.03951396216646
71.392464183497736 95.64058455737225 12.076724957994902
71.920911156097219 95.377218792841134 12.096284568146428
72.453190607339991 95.121259527083637 12.099218717486298
72.988428423988168 94.872244267228581 12.08737955390878
73.5263265185514 94.630324418920054 12.06354344422064
74.06698607214831 94.395935592440338 12.031309226903742
74.61067727762746 94.169410481317996 11.99480416485599
75.157613488043552 93.950658626655326 11.95826272248617
75.707785007310719 93.739012174559534 11.925609453776573
76.260881422080175 93.533274294978085 11.900170897934096
76.816295460883708 93.331920950056229 11.884594640201653
77.373173044808681 93.133343064716328 11.880980293151895
77.930478089467584 92.936039798474809 11.891147341400989
78.487057954823939 92.738735067630756 11.916910248474395
79.041707384264114 92.54043179448982 11.960245633759708
79.593227605643889 92.340426988526474 12.023304351477705
80.140468085368568 92.138296059333925 12.108292349491924
80.682329356345946 91.933831818294394 12.217284011306708
81.217716795395347 91.726953469310587 12.352030876198599
81.745445512826223 91.517620954879732 12.513838620541563
82.264118168380293 91.305819423106342 12.703556916659513
82.772001474132907 91.091644177886806 12.921689783358213
83.266917837796214 90.875446473396195 13.168589046885741
83.74617726283067 90.657951632195321 13.444646355318767
84.20659429351457 90.440295275502535 13.750378422702585
84.644640293128049 90.223997574555284 14.086348975076159
85.056751766205252 90.01093892710864 14.452946864542
85.439752383786626 89.803365992684959 14.850096297489426
85.791294104037988 89.603902395150868 15.276995957909442
86.110187456634961 89.415514513447221 15.731989334843187
86.396542820775039 89.241402716118685 16.212609576905574
86.651674900256978 89.084821647630463 16.715813262546384
86.877803605757961 88.948870082533816 17.23835084228536
87.077608928072266 88.836266890025911 17.777194019382694
87.253706856107001 88.749064463466979 18.329906567206365
87.40811435748391 88.688217539389001 18.894848268240377
87.541785567438453 88.652980684351178 19.471120783508177
87.654310180915886 88.640230654626237 20.058218052736827
87.743849268456898 88.64389188022777 20.655418224629887
87.807409061862188 88.654706592343459 21.260994347444061
87.841492016143377 88.660524479962362 21.871384669238168
87.842998554032462 88.647109317097318 22.480511779496528
87.810146832391382 88.599361348280411 23.07943975557297
87.743157995404133 88.50281569600017 23.656545151712329
87.644544162224108 88.345224621053489 24.198284137886247
87.518966112316491 88.117966560005044 24.690510322296557
87.372757080625064 87.817071532632767 25.12020957263023
87.213229916728466 87.443508019858427 25.477283159035718
87.047993731539776 87.002889376164475 25.756205600755493
86.884424950269391 86.504403533760424 25.957025438792854
86.729404373578035 85.959385700466044 26.085686214221361
86.589290189862297 85.379802257915486 26.153526139028788
86.470023533126223 84.777031563616063 26.176069622006111
86.377243673640606 84.161128121072011 26.171389907574557
86.316331061209908 83.540664206288966 26.158265818714209
86.292327811032649 82.923066615922437 26.154525472147764
86.309712433560122 82.315228292874735 26.175759050298222
86.372058494166794 81.72421254287292 26.234523547914204
86.481645423206231 81.15780138831397 26.34002784909104
86.639113632441038 80.624719494955059 26.498157780929542
86.843256854056918 80.134452631902619 26.711674607404056
87.091012848978878 79.696687225840847 26.980429391204179
87.377685595567641 79.320520067540983 27.301522165414948
87.697383722231706 79.013636641783734 27.66941376519225
88.043604968272163 78.781759941447106 28.076196651503
88.409734294261924 78.628376125638582 28.511995699241687
88.789297905906693 78.554850933109932 28.965740680702549
89.175837519160311 78.560715499265044 29.426155868522965
89.562474096484593 78.643971053225599 29.882825029173691
89.941344546675396 78.801285546192616 30.327121546902035
90.303146370172527 79.028082412236955 30.752814602012982
90.636970918969553 79.318575827735415 31.156278287962603
90.930599055291864 79.66587506452926 31.536210656573576
91.171244121679322 80.062154631129204 31.893024144719895
91.346722925290408 80.498889637833315 32.22797593866909
91.446828513482416 80.967067593667934 32.542296410576967
91.464536207819492 81.457336516370674 32.836530840272971
91.39676202930022 81.960045850831477 33.110244380621957
91.244480180447525 82.465179693668802 33.362110341868458
91.012226232444476 82.962222018536636 33.590294983694413
90.707205492484803 83.440039556476435 33.793018388701498
90.338308270503674 83.88686499210452 33.969204502574598
89.915248158633091 84.290466354687709 34.119122033381124
89.447912203049569 84.638576593622531 34.244827334731959
88.945925321791364 84.919625609741402 34.350283721633161
88.418428274516728 85.123742519183125 34.441147162809223
87.874037816343545 85.243828728158817 34.524355477061462
87.320894833081383 85.276437195502965 34.607684674930688
86.766740404624912 85.221947212127517 34.699344405225432
86.21896231205028 85.084289133308204 34.807683120871971
85.684668388438652 84.87000846286233 34.940999175412301
85.170778413625769 84.587211955946216 35.107480178333134
84.684117236098132 84.244694336237188 35.315229054368658
84.231479797159693 83.851437492578341 35.572315621361426
83.81965811414625 83.416438546035238 35.886806013756541
83.455444473848175 82.948693286172585 36.266766716353906
