#spline3d 5 120 5 120
123.59343766686713 86.510103084920999 2.8080671844336611
123.09257569207864 86.170914031340828 2.9804744758562318
122.63020441312166 85.767868294943639 3.1685565985940185
122.16451740670921 85.355495850189698 3.3384495456622729
121.64739113415936 84.993167814002589 3.4473291351683568
121.07487765840911 84.705275597671246 3.5137358080801953
120.48653567154419 84.459479882670877 3.5880551659962423
119.9241679812053 84.154027145955439 3.6206779090958787
119.35223880350776 83.863351058434418 3.6270015816128445
118.75493585274137 83.627986048195751 3.6277003667117391
118.16571246708075 83.373903281162796 3.6239513966639367
117.59618526652879 83.07930882814442 3.6313835866327437
117.03756830078451 82.765936969643946 3.6609114555523568
116.47025316825057 82.467240379438323 3.6785867570120421
115.89975026629391 82.174311621416379 3.6872534840951339
115.3128165725528 81.917853633390152 3.721564874365793
114.73523187332914 81.643507561498225 3.7712827312523656
114.18330932464872 81.323239699030879 3.8401166975669963
113.6432885442016 80.984525356345031 3.9233765182995679
113.07208531385376 80.696119271077933 3.9526963630323766
112.47940600303241 80.446422899379456 3.9600443796939482
111.91437531403531 80.152578003015122 4.037835718211201
111.36464585353416 79.831390931997177 4.1165205397516713
110.81428415940064 79.506914595901364 4.1769474269868141
110.25507090403285 79.206203091131499 4.2720131647792128
109.70925119837079 78.911864054973336 4.4372131524701404
109.18675864989368 78.578149276932947 4.5997224494281035
108.66328552032915 78.230120308828589 4.7280707156490456
108.13045364642689 77.905112213789266 4.879328391389576
107.62387520603342 77.562957431987911 5.0745924749752929
107.16229122597464 77.180786162459867 5.305552668802286
106.70236801822952 76.817459547811367 5.5653674551664016
106.24170286136439 76.481327586648263 5.8599424641248987
105.81604420330503 76.137833362066146 6.1962525970248663
105.42732907460349 75.788463381738396 6.5689151366107028
105.06028411928961 75.421984447886047 6.9452484337175724
104.68887720898115 75.031265087748281 7.2943644478316534
104.34611085463776 74.66957569639095 7.7001785097027611
104.06967477726322 74.327876374805129 8.1697429780922093
103.84983521649701 73.987326899232812 8.6679649183706466
103.60448385568188 73.684867051380678 9.1780413152747791
103.36405508342095 73.428581032689436 9.7140438770664748
103.19656105003692 73.208122284185137 10.294659152746355
103.07950191350595 73.000738621701771 10.89337191401129
103.05491445335689 72.819812743433616 11.508476418554059
103.09648847219292 72.671627524175378 12.132655071832335
103.16257405480104 72.559658209664349 12.760574873079999
103.21535815601207 72.466739935910553 13.393388699396574
103.23009258776261 72.416300065821858 14.033324682317145
103.25768752199039 72.43363433872166 14.67574945787028
103.36882087556594 72.411220713122688 15.305848681092158
103.47994750464986 72.322192848585416 15.935535448312276
103.49391836976319 72.270836524674834 16.57802713405102
103.4531583033983 72.373762093892552 17.21330296979227
103.4319143730514 72.552860103201596 17.832029100135134
103.39699052566975 72.675226763966236 18.459670102208673
103.34095594171957 72.800741311272034 19.085163892907598
103.32217283614702 73.045734323923867 19.67944544487618
103.3369595341658 73.259217995953506 20.286715637279709
103.33654549634214 73.407755082013253 20.911547747590109
103.30058740977344 73.49707590804276 21.541446075142066
103.27993445114161 73.545991284641417 22.187310009053842
103.27086238519176 73.509910677145513 22.841804444610041
103.19397423597809 73.216966171209037 23.41026088737749
103.08044182867452 72.808449950060279 23.904231563743121
102.99094475269884 72.39344033960127 24.390164311001257
102.91975221973563 71.882561160675408 24.782786945415804
102.91854991278829 71.26318066393894 24.979203449379721
102.98850833467485 70.62336730501336 25.074384199901733
103.063836121252 69.987888953613222 25.126186151311597
102.95408714420981 69.357393196563848 25.112913036865418
102.86879376416404 68.733708536667166 24.968125425413053
102.82850320876504 68.153744553281541 24.682693554468177
102.7063061005706 67.638420838613214 24.310463172322148
102.68815436556528 67.180899086024368 23.858444031496251
102.78687678440731 66.772478702638395 23.367334899924217
102.93008003866677 66.413014350323849 22.856543935202936
103.12293461077357 66.041165875391329 22.363023715324708
103.39421547182501 65.612375183948032 21.969707780866571
103.73934627504204 65.123683048961496 21.724837387583598
104.05318642865953 64.602725622719589 21.517623756162635
104.37616613152423 64.074489427787142 21.346957865689284
104.71727890722062 63.533301122637802 21.274001201319209
105.01793066222758 62.964421530193519 21.333670038577928
105.30112665025577 62.409420340085504 21.520391766674862
105.54582170321432 61.907165630919344 21.845271630399175
105.75293932430205 61.492460830820562 22.298663517018021
105.8861771961746 61.134900097778022 22.810938329239999
105.93829125686131 60.816053079775109 23.382970979385039
105.85634951456055 60.577338343574752 23.975714032835885
105.57852391485795 60.473240652924368 24.552923366129011
105.27793362684743 60.475789955498676 25.132757691731843
104.92358680843316 60.553002214314326 25.657060780574199
104.46259617891063 60.725626569853375 26.075263069601949
104.05731696722154 60.999349783371876 26.500749906650142
103.69429821856876 61.361455488337171 26.891072524600109
103.34068009764455 61.826589089461145 27.159199019527598
103.00103858838662 62.327767672397712 27.379905731427542
102.69177994920449 62.827469113220729 27.633969137927938
102.35470656865715 63.312446534842067 27.882891938687855
101.99235865704863 63.793935242413973 28.106176135563285
101.6833942911487 64.306724490406197 28.33683410272619
101.4332495003452 64.829788657167185 28.616026679991926
101.16082637055852 65.300513378384622 28.957772891901293
100.90111262994094 65.74156730130376 29.349185879148937
100.7752092568205 66.267389748250451 29.697583952668396
100.73467776280872 66.850682765467013 29.983015046917323
100.78974465169388 67.386227335131537 30.327304870460964
100.90235837945606 67.884560868966403 30.720700340782969
101.01042575627807 68.413537099918585 31.069152086306865
101.18904106743652 68.95749366194066 31.35520892913323
101.44203592463242 69.473517843723002 31.645105431570961
101.69757370615308 69.965112420860521 31.969823472017737
101.98574892518928 70.407901054461902 32.338595526948936
102.25480634666124 70.770752705931187 32.793400262757906
102.50738532928011 71.080219554480479 33.298884256331448
102.76378883119435 71.377201312829513 33.805396622768725
103.01485188460721 71.65196637879788 34.326363024953253
103.25507879723517 71.903477278777444 34.868460752556928
103.4782922766185 72.129377287530133 35.439598666634708
