#fname degree numKnot L1 L2 L3 L4 MSE traceH AIC AIC0 GCV GCV2 cv_avr cv_stdev cv_error ts_avr ts_stdev ts_error sigma0 sigma_opt
00000361.nii_L_ICA_labeled_d5_cp120_lmd1d0.000_lmd2d0.000_lmd3d0.000_lmd4d0.000 5 120 0 0 0 0 3.14919703754218e-005 120.000000000001 -314.680616728675 2219.71625200597 -0.0173454730688834 0.0100421159872714 0.203635171974971 0.115437772049779 0.780247079788173 -0.120257704747062 2.96642080454296 2.97918479810832 1 4.368722409681e-005 
00000361.nii_L_ICA_labeled_d5_cp121_lmd1d0.000_lmd2d0.000_lmd3d0.000_lmd4d0.000 5 121 0 0 0 0 3.04126570836526e-005 121 -316.980794816106 2225.71595843276 -0.0164836997120838 0.00993388525694775 0.205936261213757 0.112844627290894 0.777590838921488 -0.0460983412682354 3.03369078918006 3.04036348575526 1 4.2840925432386e-005 
00000361.nii_L_ICA_labeled_d5_cp120_lmd1d0.000_lmd2d0.000_lmd3d0.000_lmd4d0.000 5 120 0 0 0 0.0001 3.25129944401662e-005 112.621396953863 -352.595261053688 2175.44491144769 -0.0235476747219806 0.00973122183650291 0.195907803627403 0.101223260828086 0.785933390236198 -0.109579380306705 2.55543294222085 2.56911616586657 1 4.368722409681e-005 
00000361.nii_L_ICA_labeled_d5_cp121_lmd1d0.000_lmd2d0.000_lmd3d0.000_lmd4d0.000 5 121 0 0 0 0.0001 3.14628791104349e-005 113.53413503237 -355.108052302459 2180.92105428737 -0.0222396932694685 0.00962791858814074 0.197426856215936 0.0995262279021849 0.784209832373566 -0.11056732433484 2.5685337031221 2.5822490065227 1 4.2840925432386e-005 
00000361.nii_L_ICA_labeled_d5_cp120_lmd1d0.000_lmd2d0.000_lmd3d0.000_lmd4d0.000 5 120 0 0 0 0.0002 3.4094945425534e-005 108.965468340378 -364.681484855079 2153.50977005745 -0.0289314365809587 0.00974168996115848 0.193353153514582 0.0980380217047856 0.788064242881086 -0.0424881418520965 2.24871280348241 2.25738765084156 1 4.368722409681e-005 
00000361.nii_L_ICA_labeled_d5_cp121_lmd1d0.000_lmd2d0.000_lmd3d0.000_lmd4d0.000 5 121 0 0 0 0.0002 3.3091033316117e-005 109.830210967372 -366.994332978467 2158.69795275532 -0.0272161681029968 0.00964837371217765 0.194420067867325 0.0969692816370578 0.786873208413895 -0.0536740774336989 2.23454243091856 2.24428561121357 1 4.2840925432386e-005 
00000361.nii_L_ICA_labeled_d5_cp120_lmd1d0.000_lmd2d0.000_lmd3d0.000_lmd4d0.001 5 120 0 0 0 0.0005 3.84768207361728e-005 102.249651056412 -377.694497591102 2113.21605822374 -0.048554196125723 0.0099393462095487 0.189803235060041 0.0933563251099199 0.791020521564292 0.00569312980479453 1.76915505091181 1.77546298327996 1 4.368722409681e-005 
00000361.nii_L_ICA_labeled_d5_cp121_lmd1d0.000_lmd2d0.000_lmd3d0.000_lmd4d0.001 5 121 0 0 0 0.0005 3.75716471373906e-005 103.039364769854 -379.291682970804 2117.95409429717 -0.0449172697867149 0.00986764434094713 0.19031464946963 0.0931004121243665 0.790482502195954 -0.0227195534363549 1.87792641663169 1.88633804309288 1 4.2840925432386e-005 
00000361.nii_L_ICA_labeled_d5_cp120_lmd1d0.000_lmd2d0.000_lmd3d0.000_lmd4d0.001 5 120 0 0 0 0.001 4.368722409681e-005 96.2183779929097 -381.441765969371 2077.02983707244 -0.107943873543265 0.0102275747345967 0.187245536154189 0.0904371486644662 0.793222281000372 0.024757607099918 1.58150629850038 1.58687851331646 1 4.368722409681e-005 
00000361.nii_L_ICA_labeled_d5_cp121_lmd1d0.000_lmd2d0.000_lmd3d0.000_lmd4d0.001 5 121 0 0 0 0.001 4.2840925432386e-005 96.9496812043049 -382.374771855073 2081.41742614757 -0.0944515320066982 0.0101703387822933 0.18759385237637 0.0903820239029854 0.792869951271528 -0.0217537589675077 1.64080884795164 1.65032556871613 1 4.2840925432386e-005 
00000361.nii_L_ICA_labeled_d5_cp120_lmd1d0.000_lmd2d0.000_lmd3d0.000_lmd4d0.002 5 120 0 0 0 0.002 5.05729762833045e-005 89.8687573731851 -376.668269704133 2038.93398627869 0.808078184615873 0.0106204693505397 0.18475584318455 0.0882577885805587 0.795451035468448 0.0256656102965521 1.43806968873787 1.44389389215527 1 4.368722409681e-005 
00000361.nii_L_ICA_labeled_d5_cp121_lmd1d0.000_lmd2d0.000_lmd3d0.000_lmd4d0.002 5 121 0 0 0 0.002 4.97034461296531e-005 90.5442343863096 -377.236833995656 2042.98661184523 5.22089502838911 0.010567965393697 0.185055105570556 0.0882435761624789 0.795152044152902 -0.0224200680318982 1.57389723050708 1.58389064836337 1 4.2840925432386e-005 
00000361.nii_L_ICA_labeled_d5_cp120_lmd1d0.000_lmd2d0.000_lmd3d0.000_lmd4d0.005 5 120 0 0 0 0.005 6.30713412367327e-005 81.5186667104514 -348.953037155135 1988.83684185755 0.0787113803687049 0.0113405081495104 0.181499759588215 0.0862249442391786 0.798465016102624 0.00109580800516004 1.27688759215867 1.28615595631125 1 4.368722409681e-005 
00000361.nii_L_ICA_labeled_d5_cp121_lmd1d0.000_lmd2d0.000_lmd3d0.000_lmd4d0.005 5 121 0 0 0 0.005 6.2009572519652e-005 82.1270197116841 -349.607674055968 1992.48667106386 0.0836059337255912 0.0112806754748483 0.181763332643601 0.0862271171305512 0.798203219615752 -0.0229340996232002 1.44124524869541 1.45221480962266 1 4.2840925432386e-005 
00000361.nii_L_ICA_labeled_d5_cp120_lmd1d0.000_lmd2d0.000_lmd3d0.000_lmd4d0.010 5 120 0 0 0 0.01 7.57666650195146e-005 75.4559708119303 -306.287155278795 1952.46411959449 0.0518845019973405 0.0120461463426213 0.179161294744825 0.0851889300083862 0.800678955574807 -0.0233054245806814 1.28874155720834 1.30104851330939 1 4.368722409681e-005 
00000361.nii_L_ICA_labeled_d5_cp121_lmd1d0.000_lmd2d0.000_lmd3d0.000_lmd4d0.010 5 121 0 0 0 0.01 7.44799297673507e-005 76.0181184229189 -307.085920721429 1955.83665526844 0.0534161635337103 0.0119776773580721 0.179384876762316 0.0852177295753592 0.800459708513788 -0.0234557181221567 1.29483762420296 1.30710772001231 1 4.2840925432386e-005 
00000361.nii_L_ICA_labeled_d5_cp120_lmd1d0.000_lmd2d0.000_lmd3d0.000_lmd4d0.020 5 120 0 0 0 0.02 9.17183389639902e-005 69.7054082219672 -241.474188281393 1917.96508291003 0.0414246060645797 0.0128769414850526 0.17704117504961 0.0844015596958307 0.802703901703818 -0.0222845852019502 1.2122616377042 1.22518866105704 1 4.368722409681e-005 
00000361.nii_L_ICA_labeled_d5_cp121_lmd1d0.000_lmd2d0.000_lmd3d0.000_lmd4d0.020 5 121 0 0 0 0.02 9.01291214534039e-005 70.2237997329005 -242.494031981995 1921.07499970846 0.0421054600074059 0.0127976884535021 0.177222000660268 0.0844623615190982 0.802530475495802 -0.0227518115006134 1.20648438420992 1.21954074843367 1 4.2840925432386e-005 
00000361.nii_L_ICA_labeled_d5_cp120_lmd1d0.000_lmd2d0.000_lmd3d0.000_lmd4d0.050 5 120 0 0 0 0.05 0.000119594685249389 62.6438891983582 -110.283037462605 1875.60355113456 0.0353828174149887 0.0142082045968311 0.17491515687431 0.0829323565341105 0.804665416526525 -0.0623941486908213 0.967298983070837 0.991475964355819 1 4.368722409681e-005 
00000361.nii_L_ICA_labeled_d5_cp121_lmd1d0.000_lmd2d0.000_lmd3d0.000_lmd4d0.050 5 121 0 0 0 0.05 0.000117412155162296 63.107922700515 -111.967425275952 1878.38715849932 0.0356487871845861 0.0141092349421489 0.175028936782857 0.0830556043425978 0.804564956204807 -0.0628215984088215 0.970098313560099 0.994300873373198 1 4.2840925432386e-005 
00000361.nii_L_ICA_labeled_d5_cp120_lmd1d0.000_lmd2d0.000_lmd3d0.000_lmd4d0.100 5 120 0 0 0 0.1 0.000147393052920554 57.7268535442291 33.2895127542226 1846.10889836579 0.0334168127837428 0.0154113138270162 0.173675351770384 0.0817910160458897 0.805781977601812 -0.0595924885270857 0.896781022143605 0.922150712785329 1 4.368722409681e-005 
00000361.nii_L_ICA_labeled_d5_cp121_lmd1d0.000_lmd2d0.000_lmd3d0.000_lmd4d0.100 5 121 0 0 0 0.1 0.000144678443165947 58.1529073136008 31.4180316616032 1848.66448260817 0.0335414918932847 0.0152991557948429 0.173763907045991 0.0819073005859275 0.80570569283774 -0.059797945193919 0.896018943598716 0.921457538632021 1 4.2840925432386e-005 
00000361.nii_L_ICA_labeled_d5_cp120_lmd1d0.000_lmd2d0.000_lmd3d0.000_lmd4d0.200 5 120 0 0 0 0.2 0.000181667330943577 53.1728762597809 219.35992655081 1818.79435726273 0.0325931788513885 0.0167535239095707 0.172587710884222 0.0808660252723138 0.80677076779887 -0.0576523247659196 0.854594182264553 0.880708329235061 1 4.368722409681e-005 
00000361.nii_L_ICA_labeled_d5_cp121_lmd1d0.000_lmd2d0.000_lmd3d0.000_lmd4d0.200 5 121 0 0 0 0.2 0.000178392628208044 53.5636932650485 217.936441096475 1821.13836857519 0.0326382891973053 0.0166315425406554 0.172662245487424 0.0809663618972311 0.806706672859506 -0.0578020565648691 0.854941617253106 0.881081656030818 1 4.2840925432386e-005 
00000361.nii_L_ICA_labeled_d5_cp120_lmd1d0.000_lmd2d0.000_lmd3d0.000_lmd4d0.500 5 120 0 0 0 0.5 0.000239915719214743 47.6880628568179 549.109968445151 1785.90132040656 0.0326756848079578 0.0187821744503988 0.17117653257649 0.0800636874167913 0.808094963956786 -0.0558932747266076 0.79316230906687 0.820778027587189 1 4.368722409681e-005 
00000361.nii_L_ICA_labeled_d5_cp121_lmd1d0.000_lmd2d0.000_lmd3d0.000_lmd4d0.500 5 121 0 0 0 0.5 0.000235587380881369 48.0361596402167 547.90468173069 1787.98872379893 0.0326439845274141 0.0186409057310112 0.171250605925347 0.0801332607178891 0.808028151813727 -0.0559619743429511 0.800937511675608 0.828311554671155 1 4.2840925432386e-005 
00000361.nii_L_ICA_labeled_d5_cp120_lmd1d0.000_lmd2d0.000_lmd3d0.000_lmd4d1.000 5 120 0 0 0 1 0.000300218684513049 43.9200388404679 901.952700438232 1763.30957871502 0.0336059533830865 0.0206633452701055 0.170035614594064 0.079772792920196 0.809201547478135 -0.0549732159269877 0.717541623798039 0.747695440327839 1 4.368722409681e-005 
00000361.nii_L_ICA_labeled_d5_cp121_lmd1d0.000_lmd2d0.000_lmd3d0.000_lmd4d1.000 5 121 0 0 0 1 0.00029447206529341 44.2387206554128 898.982983751053 1765.22010652426 0.0335112192893119 0.0204932605455941 0.170118027302253 0.0798210106858273 0.809124291563029 -0.0550424227778659 0.726687670009346 0.756496238052219 1 4.2840925432386e-005 
00000361.nii_L_ICA_labeled_d5_cp120_lmd1d0.000_lmd2d0.000_lmd3d0.000_lmd4d2.000 5 120 0 0 0 2 0.00038411596171125 40.4563944350945 1403.52170132917 1742.55053234218 0.0353904634949089 0.0230232849939292 0.168800588933207 0.0796515835784748 0.810418644401177 -0.0538387701172629 0.635335672708648 0.66884847382414 1 4.368722409681e-005 
00000361.nii_L_ICA_labeled_d5_cp121_lmd1d0.000_lmd2d0.000_lmd3d0.000_lmd4d2.000 5 121 0 0 0 2 0.000375990211185994 40.7483766279628 1395.60526860532 1744.30021529525 0.0352189349493325 0.02280722164047 0.168895619930616 0.0796891601588032 0.810327768052508 -0.0539670301641066 0.64260525146862 0.67579732032314 1 4.2840925432386e-005 
00000361.nii_L_ICA_labeled_d5_cp120_lmd1d0.000_lmd2d0.000_lmd3d0.000_lmd4d5.000 5 120 0 0 0 5 0.000552205797708314 36.3068865437039 2425.16483446668 1717.69920542923 0.0391940767691088 0.0271189263536072 0.167037439808494 0.0794674125304741 0.812155234107036 -0.0519620209512594 0.541021067956784 0.579335368085705 1 4.368722409681e-005 
00000361.nii_L_ICA_labeled_d5_cp121_lmd1d0.000_lmd2d0.000_lmd3d0.000_lmd4d5.000 5 121 0 0 0 5 0.000538894588766152 36.5674477639914 2404.81086104384 1719.25895210212 0.0389052818543071 0.0268197240294483 0.167147822590211 0.0795046167143687 0.81204902275383 -0.0520886210113579 0.546152109695901 0.584174866791878 1 4.2840925432386e-005 
00000361.nii_L_ICA_labeled_d5_cp120_lmd1d0.000_lmd2d0.000_lmd3d0.000_lmd4d10.000 5 120 0 0 0 10 0.000741125158100108 33.4651146746107 3584.34059641222 1700.69996028069 0.0431504784079331 0.0310429352599661 0.165662431542482 0.0792266631496879 0.813500173570395 -0.0511313375276387 0.48398544681046 0.526140727388028 1 4.368722409681e-005 
00000361.nii_L_ICA_labeled_d5_cp121_lmd1d0.000_lmd2d0.000_lmd3d0.000_lmd4d10.000 5 121 0 0 0 10 0.000722357239493284 33.7042345134323 3552.44864592762 1702.12957443976 0.0427794443981429 0.0306781095430747 0.165777764331763 0.0792592010604948 0.81338855906927 -0.0511965562860878 0.488582558471289 0.530397953755336 1 4.2840925432386e-005 
00000361.nii_L_ICA_labeled_d5_cp120_lmd1d0.000_lmd2d0.000_lmd3d0.000_lmd4d20.000 5 120 0 0 0 20 0.000997168301439735 30.8572244814553 5162.83745709247 1685.12226285675 0.0478698569381696 0.0356187669500081 0.164341798964694 0.0789884839970692 0.814791414087972 -0.0506480416237447 0.435029098601408 0.481282912632361 1 4.368722409681e-005 
00000361.nii_L_ICA_labeled_d5_cp121_lmd1d0.000_lmd2d0.000_lmd3d0.000_lmd4d20.000 5 121 0 0 0 20 0.00097203238173362 31.0765858502866 5121.88750860685 1686.43159409958 0.0474366532828172 0.0351989948269455 0.164449419516739 0.0790136358725136 0.814686739512973 -0.0507301976129824 0.439375214103202 0.485249768648819 1 4.2840925432386e-005 
00000361.nii_L_ICA_labeled_d5_cp120_lmd1d0.000_lmd2d0.000_lmd3d0.000_lmd4d50.000 5 120 0 0 0 50 0.00145620667043547 27.7372136564177 8002.12540130657 1666.52705634289 0.0549800588702244 0.0424935588793413 0.162968787391646 0.0785401614689786 0.816114702454184 -0.0463883949100554 0.37503433950666 0.425790968822103 1 4.368722409681e-005 
00000361.nii_L_ICA_labeled_d5_cp121_lmd1d0.000_lmd2d0.000_lmd3d0.000_lmd4d50.000 5 121 0 0 0 50 0.00142104994977185 27.9328532453658 7953.86872276709 1667.69133124856 0.0544816978306161 0.0420111192189766 0.163038383523344 0.0785879701848354 0.81605003211149 -0.0469774224285734 0.379239564912459 0.429776334041588 1 4.2840925432386e-005 
00000361.nii_L_ICA_labeled_d5_cp120_lmd1d0.000_lmd2d0.000_lmd3d0.000_lmd4d100.000 5 120 0 0 0 100 0.00192655614240101 25.6026003066153 10917.7495229429 1653.84731130045 0.0611641974748319 0.0484533287483637 0.162380069599138 0.0777655837193153 0.816626564317571 -0.0371448050003059 0.331953882973101 0.383664944721285 1 4.368722409681e-005 
00000361.nii_L_ICA_labeled_d5_cp121_lmd1d0.000_lmd2d0.000_lmd3d0.000_lmd4d100.000 5 121 0 0 0 100 0.00187960455462456 25.7819906257997 10852.3584635014 1654.91088238368 0.0605813229531639 0.0478941348433486 0.162417673902406 0.0778509183707838 0.816597261940151 -0.0379723320698913 0.335279667562864 0.386958562329612 1 4.2840925432386e-005 
00000361.nii_L_ICA_labeled_d5_cp120_lmd1d0.000_lmd2d0.000_lmd3d0.000_lmd4d200.000 5 120 0 0 0 200 0.00258416351819075 23.6447429255694 15000.3162178339 1642.27903622039 0.0687686906578349 0.055674399591987 0.16205314526104 0.0766789334208907 0.816849281637054 -0.031230949312516 0.304604807595123 0.357140308385479 1 4.368722409681e-005 
00000361.nii_L_ICA_labeled_d5_cp121_lmd1d0.000_lmd2d0.000_lmd3d0.000_lmd4d200.000 5 121 0 0 0 200 0.00251613981485387 23.8092292722603 14881.9283084053 1643.24745185323 0.0680244921216733 0.054973154843458 0.162076252722735 0.076778186060055 0.816835599454979 -0.0314608285842564 0.306605898129901 0.358968055008376 1 4.2840925432386e-005 
00000361.nii_L_ICA_labeled_d5_cp120_lmd1d0.000_lmd2d0.000_lmd3d0.000_lmd4d500.000 5 120 0 0 0 500 0.00398833161712488 21.3033226237688 23728.7257213654 1628.6124481325 0.0825492738761129 0.0685197794915393 0.161753890864177 0.0753102646475203 0.817019919146306 -0.0315586274793354 0.27939116181863 0.336075636692953 1 4.368722409681e-005 
00000361.nii_L_ICA_labeled_d5_cp121_lmd1d0.000_lmd2d0.000_lmd3d0.000_lmd4d500.000 5 121 0 0 0 500 0.00386872757292104 21.4499913261465 23455.446150647 1629.45992804674 0.0814743657927189 0.0675240614298693 0.161771871515873 0.0753872093978733 0.817009111313245 -0.0313951840869364 0.28094846277099 0.337280923335791 1 4.2840925432386e-005 
00000361.nii_L_ICA_labeled_d5_cp120_lmd1d0.000_lmd2d0.000_lmd3d0.000_lmd4d1000.000 5 120 0 0 0 1000 0.00577113787950455 19.7017744551638 34819.0046351998 1619.48808242423 0.0970587797600118 0.0819002887829503 0.161552376716981 0.074658919210209 0.817160808791028 -0.0338582070700324 0.263505034617763 0.324324902667817 1 4.368722409681e-005 
00000361.nii_L_ICA_labeled_d5_cp121_lmd1d0.000_lmd2d0.000_lmd3d0.000_lmd4d1000.000 5 121 0 0 0 1000 0.00557869046978586 19.836260681663 34302.4365219309 1620.24265408779 0.0956079598437838 0.0805661110844792 0.161568987500527 0.0746977132312406 0.817147812836371 -0.0336411383824488 0.264852729834771 0.3252947395527 1 4.2840925432386e-005 
