#spline3d 5 120 5 120
60.47564106766368 88.088327817146222 5.0087137258482102
60.94203992202668 87.524365610170349 5.2068589490577502
61.284350287029469 87.077519774533855 5.6413293455056364
61.595346995395417 86.717008828843348 6.189679380665698
61.969946498491986 86.425140301526127 6.7430107924967029
62.509707176972455 86.141861828167052 7.1293477657688884
63.075496110906158 85.772535492539603 7.4001595853524647
63.646791697942305 85.454095971392661 7.6911512827663575
64.27471447516362 85.199666331439431 7.9410007522767634
64.878684471008157 84.867955006603893 8.1534141678983456
65.506532380044106 84.561771569282044 8.3204617615053369
66.147116861844864 84.263867874152481 8.4625931951891271
66.787520284742428 83.96341032144305 8.5909226239579777
67.466185381923495 83.747161796376346 8.7035662575559165
68.134574601900823 83.509508691567092 8.8291545613427225
68.769298177485169 83.171225869270543 8.8859724737442605
69.442793425408837 82.914528551299881 8.904571534959965
70.099082612614382 82.61782615819061 8.9040990484663656
70.685782455836346 82.194705965421363 8.9171039426483514
71.259994357739544 81.763029996386507 8.9467779241457084
71.868533639169982 81.378220728209072 8.9321366265006876
72.490889825187139 81.0176899288481 8.908863957573427
73.116733292966813 80.667607127192881 8.8649754627901167
73.731784927061838 80.291591446070569 8.8165892352074291
74.342795599480112 79.943697617009207 8.6695312051620181
74.961913675370837 79.624334600844207 8.4884485633185776
75.558533157470677 79.251510681610156 8.3243719268653944
76.135652717487389 78.826540777013349 8.2387724656121399
76.711808790946563 78.395535076150281 8.3288384763979177
77.237148014068566 77.914189894117726 8.4265064992749998
77.766878724005281 77.433178331028913 8.5015923045728634
78.278866532529008 76.950396235755065 8.6516407074729305
78.748315230596774 76.426721374718085 8.8181089357537292
79.177770619040103 75.898084493358681 9.0450145973850908
79.564143871117849 75.363639371866654 9.338815972180031
79.931553002822142 74.833243201969481 9.6635715287240895
80.161450726378192 74.28742296697304 10.077965842803923
80.299914851495998 73.708928061001217 10.489691278646285
80.378343137237763 73.165216274897531 10.955142867709654
80.447342946518361 72.727401693945978 11.530585056080318
80.399175211493841 72.355401952294898 12.151122967374057
80.266931619264085 72.071922823815569 12.805516923280324
80.277308558403888 71.983411914403106 13.528109634863402
80.348355126539019 71.950222046923557 14.250073665276561
80.512759758381435 72.00023381022767 14.946665885948921
80.752901383747727 72.11777935571557 15.620276525781374
81.053394475785524 72.150849285978282 16.27391513828243
81.397582876407256 72.231775280453093 16.899444891208553
81.741365260642198 72.401594481047738 17.513493228226331
82.202620891519715 72.478759065732746 18.068070117138308
82.746468567615608 72.403703835341503 18.539391726285913
83.273695579046745 72.201764613664011 19.003902885084138
83.851899701952547 71.885836113020275 19.300207602386578
84.430424831812147 71.4655585950714 19.451288737622086
84.986062412400202 71.021606346609275 19.530131382229474
85.516460704637765 70.534515429491464 19.565682306408096
86.04586648147621 70.03421143723746 19.504696693716873
86.450261450253294 69.482988403785555 19.26672522437649
86.648702287118368 68.803577088422358 19.050837330224304
86.722818702683739 68.176538441202581 18.703734907903929
86.618126298875055 67.589713959376937 18.281099299126375
86.382738789156349 67.043231611078355 17.85344963056674
85.970885651191722 66.67590862780024 17.385596038940438
85.50100496421355 66.362885118186341 16.928751326984955
85.079421387364064 66.102557789177283 16.411389771706013
84.667073057559051 65.905545287031259 15.855074641721323
84.194362602831362 65.693117528924503 15.348288890518404
83.63884105315843 65.516563479583283 14.923039045813994
82.998132154590834 65.377003273938143 14.616817774552521
82.374869884035334 65.208180037510388 14.299546842101549
81.715264569262573 65.044220364153404 14.061363867323339
81.01729720796466 64.864328718204405 13.959225948158229
80.358292178335446 64.565360982569331 14.007312996986361
79.764564928791884 64.161774121164996 14.123748863519408
79.264073043731401 63.648844208453404 14.220479576997832
78.862105235751571 63.095791848241653 14.448666595711169
78.414062035536801 62.586569144196105 14.706671602435481
78.095552052859333 61.988941033256914 14.944421520175426
77.878683769544338 61.368215006199854 15.263626288969856
77.748189779368431 60.805093430869121 15.693811745511715
77.787776445354226 60.223624337624685 16.130855367958638
77.952434939588784 59.69235935600998 16.602897548039511
78.305399359889094 59.294122049792925 17.100702958909867
78.714629230743014 59.020522830516605 17.631877889385585
79.136898145907523 58.882955921676754 18.202808630904673
79.721775098844134 58.745098279371391 18.619413760867808
80.331884523381191 58.775845096210716 19.002732725903073
80.95758135161087 58.896960813185331 19.341147409663495
81.597493594960966 59.07282489235147 19.633882711540586
82.132481909621617 59.406741705150381 19.987202982002994
82.595898717515738 59.821258139158047 20.361964880873348
82.978646640690016 60.278597786503134 20.766264202732422
83.22924133723258 60.791787510721477 21.210096076082987
83.458849240692317 61.342308367532851 21.615461385344148
83.746342322315499 61.937297614519736 21.910831880342052
83.944422380545006 62.589856876145234 22.147146747340912
84.023609505048412 63.262130622757468 22.403632122051111
84.030777317635369 63.926077378064058 22.682057134592608
83.97969320629602 64.566511454773774 23.004282602386834
83.886776805737924 65.183877932212809 23.378210600069252
83.601320717684445 65.772746847919436 23.68877617964349
83.207122139708147 66.330932631340929 23.930721667148937
82.811733083349324 66.838172778183974 24.241812137320135
82.360424071312252 67.318449586390201 24.568840677766971
81.761906767922753 67.709016782030986 24.699898791465941
81.05792850427278 67.90551470298432 24.74754484519347
80.3521518201118 68.035130444409745 24.741709056154708
79.623717814140278 68.051928335035043 24.682762843338068
78.945825396656716 67.82472896650016 24.528694532756717
78.280550533212136 67.555497031102135 24.506190260968641
77.59344634365479 67.344623450190653 24.490657022510678
76.948196635448596 67.076817605365548 24.288244058982922
76.364218664444408 66.659960368806338 24.17471001534534
75.838642411286372 66.191378824513208 24.031109375343185
75.363465391891197 65.684133213328067 23.841268036703543
74.841760842311785 65.197115851255262 23.736968465241141
74.272083894249178 64.769879162207388 23.62696946198492
73.706599838885779 64.341406697307889 23.510488844165604
73.265162222082751 63.757117584273402 23.438968478309086
73.055278934146372 62.879694580546584 23.454394096333488
