#fname degree numKnot L1 L2 L3 L4 MSE traceH AIC AIC0 GCV GCV2 cv_avr cv_stdev cv_error ts_avr ts_stdev ts_error sigma0 sigma_opt
00000731.nii_L_ICA_labeled_d5_cp120_lmd1d0.000_lmd2d0.000_lmd3d0.000_lmd4d0.000 5 120 0 0 0 0 4.3460214193338e-005 119.999999999999 -204.783700157044 2181.12378475219 -0.0183894271132701 0.0120482453500661 0.21238430468336 0.157997272286243 0.77909986192197 -0.163033657456121 3.11584289579825 3.13205432783382 1 5.85439190870139e-005 
00000731.nii_L_ICA_labeled_d5_cp121_lmd1d0.000_lmd2d0.000_lmd3d0.000_lmd4d0.000 5 121 0 0 0 0 4.29912611182356e-005 121 -201.675760222878 2187.12366047963 -0.0177300471591162 0.0120662820944117 0.211689794535763 0.15805861961012 0.779792386136255 -0.0778819596401422 3.06854413381488 3.07738542730635 1 5.78977289057664e-005 
00000731.nii_L_ICA_labeled_d5_cp120_lmd1d0.000_lmd2d0.000_lmd3d0.000_lmd4d0.000 5 120 0 0 0 0.0001 4.43002993514515e-005 112.507181742016 -245.93795060094 2136.16709782686 -0.0243210407441975 0.0115664427769361 0.201628122309109 0.115913128523751 0.782302389763236 -0.0933061817183516 2.91910254848201 2.92966320427865 1 5.85439190870139e-005 
00000731.nii_L_ICA_labeled_d5_cp121_lmd1d0.000_lmd2d0.000_lmd3d0.000_lmd4d0.000 5 121 0 0 0 0.0001 4.38532186404054e-005 113.425610881973 -243.176884165574 2141.67755419021 -0.0233123080721831 0.0115776598114671 0.201279151981211 0.11748755714836 0.782882237268776 -0.110184741275535 3.21271795490078 3.22366219971953 1 5.78977289057664e-005 
00000731.nii_L_ICA_labeled_d5_cp120_lmd1d0.000_lmd2d0.000_lmd3d0.000_lmd4d0.000 5 120 0 0 0 0.0002 4.53564784506514e-005 108.801866463798 -263.389030434405 2113.93548604501 -0.0290641457618973 0.0114258810326681 0.199885104255319 0.114352692265452 0.783797030065181 -0.126582429712507 2.99094024760088 3.00418673173238 1 5.85439190870139e-005 
00000731.nii_L_ICA_labeled_d5_cp121_lmd1d0.000_lmd2d0.000_lmd3d0.000_lmd4d0.000 5 121 0 0 0 0.0002 4.49624644524767e-005 109.673663146771 -260.611512361302 2119.16616172914 -0.0277554674385327 0.0114399948121635 0.199559728723604 0.115620706127428 0.784304850673461 -0.131801234526514 2.4765983736741 2.49317517853774 1 5.78977289057664e-005 
00000731.nii_L_ICA_labeled_d5_cp120_lmd1d0.000_lmd2d0.000_lmd3d0.000_lmd4d0.001 5 120 0 0 0 0.0005 4.84842407926025e-005 102.034150102806 -289.8374615914 2073.33001673608 -0.0448929826702636 0.0113226887140109 0.197371027236224 0.111805881186609 0.785917937547313 0.00163511400822462 2.04526882394827 2.05102750602434 1 5.85439190870139e-005 
00000731.nii_L_ICA_labeled_d5_cp121_lmd1d0.000_lmd2d0.000_lmd3d0.000_lmd4d0.001 5 121 0 0 0 0.0005 4.81284115317809e-005 102.832193566725 -287.169675512438 2078.11818322484 -0.0422660361276621 0.0113365783982424 0.197161008220114 0.112707819706891 0.78625460512283 -0.0828582394757823 2.46608144628947 2.47754725930692 1 5.78977289057664e-005 
00000731.nii_L_ICA_labeled_d5_cp120_lmd1d0.000_lmd2d0.000_lmd3d0.000_lmd4d0.001 5 120 0 0 0 0.001 5.26182218297902e-005 95.9854605740587 -307.417066498553 2037.03897506857 -0.0837356739397608 0.0113733889477996 0.195522432976887 0.109675385857611 0.787448214423276 0.0123018872537644 2.37409278318387 2.37839084574291 1 5.85439190870139e-005 
00000731.nii_L_ICA_labeled_d5_cp121_lmd1d0.000_lmd2d0.000_lmd3d0.000_lmd4d0.001 5 121 0 0 0 0.001 5.21779979654142e-005 96.7266422084598 -305.267880037165 2041.48594821565 -0.0760212698013062 0.0113755975437105 0.195394705088384 0.110440069634266 0.787681549205937 -0.0192216834016015 2.1703316418531 2.17733103058222 1 5.78977289057664e-005 
00000731.nii_L_ICA_labeled_d5_cp120_lmd1d0.000_lmd2d0.000_lmd3d0.000_lmd4d0.002 5 120 0 0 0 0.002 5.85439190870139e-005 89.6356284713765 -318.69329429717 1998.94155276225 -0.51898654178982 0.0115623312339506 0.193757838600146 0.107448830038482 0.788889302286743 0.0310057712329444 1.82793261086506 1.83214834925278 1 5.85439190870139e-005 
00000731.nii_L_ICA_labeled_d5_cp121_lmd1d0.000_lmd2d0.000_lmd3d0.000_lmd4d0.002 5 121 0 0 0 0.002 5.78977289057664e-005 90.3228331290193 -317.511319054174 2003.06460946771 -0.337840323717037 0.0115435795138435 0.193732480856501 0.108053838096318 0.788997052477606 0.0301718700184808 1.85415987307243 1.85837204134832 1 5.78977289057664e-005 
00000731.nii_L_ICA_labeled_d5_cp120_lmd1d0.000_lmd2d0.000_lmd3d0.000_lmd4d0.005 5 120 0 0 0 0.005 6.962905160004e-005 81.2996399067722 -318.532193436822 1948.92855893474 0.104794001523091 0.0120373560391783 0.191542563415396 0.104470302837898 0.790684939579262 -0.0172057739387182 1.43522471111065 1.44554546335196 1 5.85439190870139e-005 
00000731.nii_L_ICA_labeled_d5_cp121_lmd1d0.000_lmd2d0.000_lmd3d0.000_lmd4d0.005 5 121 0 0 0 0.005 6.86002510130058e-005 81.918941867117 -318.948835712694 1952.64409806465 0.114059643676912 0.0119885128341827 0.191641810057068 0.104822793492234 0.790633219450516 -0.0415782154391836 1.53982085745897 1.55234629812516 1 5.78977289057664e-005 
00000731.nii_L_ICA_labeled_d5_cp120_lmd1d0.000_lmd2d0.000_lmd3d0.000_lmd4d0.010 5 120 0 0 0 0.01 8.1211868607703e-005 75.2495942802545 -302.402658004839 1912.63135462214 0.060841862050331 0.012585570664002 0.189822980517123 0.102528643120223 0.792135825058475 -0.0265624185972882 1.39518318860281 1.40697622692293 1 5.85439190870139e-005 
00000731.nii_L_ICA_labeled_d5_cp121_lmd1d0.000_lmd2d0.000_lmd3d0.000_lmd4d0.010 5 121 0 0 0 0.01 7.98568002845798e-005 75.8189409019968 -304.0272082141 1916.04707525949 0.063076966927324 0.0125176894759548 0.189959361336369 0.102761853762802 0.792030815754267 -0.0416785078516348 1.4864459740465 1.49943051703353 1 5.78977289057664e-005 
00000731.nii_L_ICA_labeled_d5_cp120_lmd1d0.000_lmd2d0.000_lmd3d0.000_lmd4d0.020 5 120 0 0 0 0.02 9.64688828380449e-005 69.5106249918221 -267.775351178344 1878.20158200031 0.0460931226346217 0.0133142387487481 0.187895992262442 0.101232202872655 0.793880285315899 0.00280454373499481 1.27307615616939 1.28216781839299 1 5.85439190870139e-005 
00000731.nii_L_ICA_labeled_d5_cp121_lmd1d0.000_lmd2d0.000_lmd3d0.000_lmd4d0.020 5 121 0 0 0 0.02 9.47562633156625e-005 70.032341637384 -270.551422430891 1881.33142802951 0.046984429547071 0.0132308352400796 0.188060988131746 0.101364837242118 0.793733564014162 0.000408415334795177 1.28656295990604 1.29584406283833 1 5.78977289057664e-005 
00000731.nii_L_ICA_labeled_d5_cp120_lmd1d0.000_lmd2d0.000_lmd3d0.000_lmd4d0.050 5 120 0 0 0 0.05 0.000124329050260329 62.4645639790959 -183.94221720685 1835.93259886832 0.0380745832671675 0.0145891894102228 0.184942917616486 0.100542901229298 0.796722061362253 0.0181858817191392 1.32130197255169 1.32838928812444 1 5.85439190870139e-005 
00000731.nii_L_ICA_labeled_d5_cp121_lmd1d0.000_lmd2d0.000_lmd3d0.000_lmd4d0.050 5 121 0 0 0 0.05 0.000121979545938381 62.9290160763289 -188.569426267177 1838.71868883308 0.0384025972569484 0.0144838968752248 0.185142917197843 0.100582574147927 0.796528669875591 0.0169688639175757 1.31492609586318 1.32217429649344 1 5.78977289057664e-005 
00000731.nii_L_ICA_labeled_d5_cp120_lmd1d0.000_lmd2d0.000_lmd3d0.000_lmd4d0.100 5 120 0 0 0 0.1 0.000154269349519943 57.5597919613242 -77.8455987403984 1806.511900941 0.0356522518958447 0.0158669246299261 0.182463926971501 0.100481162254585 0.799173529740637 0.0265360859497315 1.50242120803731 1.50792235640653 1 5.85439190870139e-005 
00000731.nii_L_ICA_labeled_d5_cp121_lmd1d0.000_lmd2d0.000_lmd3d0.000_lmd4d0.100 5 121 0 0 0 0.1 0.000151119865660536 57.9854538724235 -84.8545017961076 1809.06503779437 0.0357813768688813 0.0157364146502 0.182681296977877 0.10049099361321 0.798959121682086 0.0256269180296465 1.50125728726951 1.50684060602282 1 5.78977289057664e-005 
00000731.nii_L_ICA_labeled_d5_cp120_lmd1d0.000_lmd2d0.000_lmd3d0.000_lmd4d0.200 5 120 0 0 0 0.2 0.000196653054448178 53.0179462256282 86.7538551520242 1779.27205820863 0.035076075505279 0.0175306139736664 0.179920570194729 0.100443959853915 0.801692105110155 0.105690472354188 1.48427329034353 1.48509955263807 1 5.85439190870139e-005 
00000731.nii_L_ICA_labeled_d5_cp121_lmd1d0.000_lmd2d0.000_lmd3d0.000_lmd4d0.200 5 121 0 0 0 0.2 0.000192230012404903 53.4082189336495 75.8447176268437 1781.61252235061 0.0350669003205592 0.0173643158420268 0.180140256234773 0.100456882837394 0.801475770294361 0.107561380168863 1.57050568974648 1.57122874232076 1 5.78977289057664e-005 
00000731.nii_L_ICA_labeled_d5_cp120_lmd1d0.000_lmd2d0.000_lmd3d0.000_lmd4d0.500 5 120 0 0 0 0.5 0.000281786866236018 47.5477791550084 439.292433631077 1746.47361624503 0.0363562118270415 0.0204570214288269 0.17675238611306 0.0999998770894692 0.804780121132659 0.0965193403701454 1.05983750541248 1.06146204304243 1 5.85439190870139e-005 
00000731.nii_L_ICA_labeled_d5_cp121_lmd1d0.000_lmd2d0.000_lmd3d0.000_lmd4d0.500 5 121 0 0 0 0.5 0.000274862002040927 47.895707678945 420.97925637154 1748.55935229964 0.0362156533433355 0.0202364727625172 0.176949657334664 0.100051862947595 0.804590841984628 0.0949272596665826 1.06303499807646 1.0647436287815 1 5.78977289057664e-005 
00000731.nii_L_ICA_labeled_d5_cp120_lmd1d0.000_lmd2d0.000_lmd3d0.000_lmd4d1.000 5 120 0 0 0 1 0.000375229970124721 43.7893920389551 839.713837403939 1723.94805597124 0.0384135759073741 0.0232053799665876 0.174660715676433 0.0991793872516894 0.806754344174391 0.0996089490412593 1.06547992218089 1.06693036226715 1 5.85439190870139e-005 
00000731.nii_L_ICA_labeled_d5_cp121_lmd1d0.000_lmd2d0.000_lmd3d0.000_lmd4d1.000 5 121 0 0 0 1 0.000365883383508832 44.108217457412 814.862471266454 1725.85853163653 0.038205596354121 0.0229476204106047 0.174836248289639 0.0992670217889096 0.806590923821626 0.0982170974131907 1.06265527149481 1.06418321257476 1 5.78977289057664e-005 
00000731.nii_L_ICA_labeled_d5_cp120_lmd1d0.000_lmd2d0.000_lmd3d0.000_lmd4d2.000 5 120 0 0 0 2 0.000498854506467099 40.3346974187257 1378.57414004168 1703.252648752 0.0411038662645475 0.0263449160441818 0.172770528651245 0.0980337486865155 0.808490512345427 0.0333372823397589 0.936242608948471 0.94414319592691 1 5.85439190870139e-005 
00000731.nii_L_ICA_labeled_d5_cp121_lmd1d0.000_lmd2d0.000_lmd3d0.000_lmd4d2.000 5 121 0 0 0 2 0.000486642787479377 40.6266465688056 1346.6932071052 1705.00110754695 0.04084609178983 0.0260543198660613 0.172938017982375 0.098134190945909 0.808336446922138 0.0338270115575414 0.984357459397216 0.991814809942659 1 5.78977289057664e-005 
00000731.nii_L_ICA_labeled_d5_cp120_lmd1d0.000_lmd2d0.000_lmd3d0.000_lmd4d5.000 5 120 0 0 0 5 0.000719011886270784 36.1971334327023 2350.29470928018 1678.48560654151 0.0454311030054683 0.0310564955352389 0.170231679009473 0.0966912916949918 0.810849508030487 0.0251270507131038 0.792984313616464 0.803585155833593 1 5.85439190870139e-005 
00000731.nii_L_ICA_labeled_d5_cp121_lmd1d0.000_lmd2d0.000_lmd3d0.000_lmd4d5.000 5 121 0 0 0 5 0.000701818919925514 36.4568135078658 2306.54315223533 1680.0391308564 0.0451093242978327 0.0307178016396084 0.17041493643101 0.0967485325177036 0.810674387827613 0.0248237734786061 0.803791501186503 0.814300166234052 1 5.78977289057664e-005 
00000731.nii_L_ICA_labeled_d5_cp120_lmd1d0.000_lmd2d0.000_lmd3d0.000_lmd4d10.000 5 120 0 0 0 10 0.000945366050200231 33.3643676461632 3357.89391164364 1661.54899567571 0.0494091127188115 0.0351755184736643 0.168179614045509 0.0961581236990258 0.812823720701276 0.0266178272943606 0.702124259147585 0.713805148802549 1 5.85439190870139e-005 
00000731.nii_L_ICA_labeled_d5_cp121_lmd1d0.000_lmd2d0.000_lmd3d0.000_lmd4d10.000 5 121 0 0 0 10 0.000922551542402608 33.6022180299693 3299.71677877483 1662.97005213398 0.0490213921596623 0.0347841985836679 0.168367445589291 0.0961776717739878 0.812639521788607 0.026517323098434 0.721342626951945 0.732734850727589 1 5.78977289057664e-005 
00000731.nii_L_ICA_labeled_d5_cp120_lmd1d0.000_lmd2d0.000_lmd3d0.000_lmd4d20.000 5 120 0 0 0 20 0.00124725561040476 30.7649240572025 4708.80524448066 1646.0323348754 0.0541898717342984 0.0399550498839415 0.166236285846656 0.0958828602232405 0.814720993728985 0.00727428446199819 0.408295926275259 0.434274583976913 1 5.85439190870139e-005 
00000731.nii_L_ICA_labeled_d5_cp121_lmd1d0.000_lmd2d0.000_lmd3d0.000_lmd4d20.000 5 121 0 0 0 20 0.00121683229132819 30.9830390654479 4630.9353401948 1647.33296274532 0.053728452446691 0.0395015285995151 0.166400179127688 0.0958935776979012 0.814559501271761 0.00690897229391644 0.413770458639752 0.439548713766284 1 5.78977289057664e-005 
00000731.nii_L_ICA_labeled_d5_cp120_lmd1d0.000_lmd2d0.000_lmd3d0.000_lmd4d50.000 5 120 0 0 0 50 0.00180335185666824 27.6549241985903 7207.32393028842 1627.51970122899 0.0618202374627553 0.0474139223100242 0.164420438906689 0.0953269125474727 0.816459152442422 0.0122051824381897 0.469210813349107 0.490523099356002 1 5.85439190870139e-005 
00000731.nii_L_ICA_labeled_d5_cp121_lmd1d0.000_lmd2d0.000_lmd3d0.000_lmd4d50.000 5 121 0 0 0 50 0.00175938151963444 27.8495624253134 7095.40192829073 1628.67587845001 0.061258417356316 0.0468707557885126 0.164512262274498 0.0953657651228689 0.816372494873774 0.0104893964607205 0.483521292818141 0.504718420933722 1 5.78977289057664e-005 
00000731.nii_L_ICA_labeled_d5_cp120_lmd1d0.000_lmd2d0.000_lmd3d0.000_lmd4d100.000 5 120 0 0 0 100 0.00239959881146197 25.5270964372977 9893.47848254646 1614.91074010425 0.0688955490219139 0.0542074294240966 0.163749678084774 0.094722040180598 0.817054985041533 0.0270758699809688 0.374291665217494 0.395620983040797 1 5.85439190870139e-005 
00000731.nii_L_ICA_labeled_d5_cp121_lmd1d0.000_lmd2d0.000_lmd3d0.000_lmd4d100.000 5 121 0 0 0 100 0.00233876616471734 25.7056376053764 9734.4028626372 1615.96586646134 0.0682105556575939 0.0535558366157458 0.16379094802515 0.0947690740872355 0.817019447686736 0.026187194545848 0.382259771040439 0.40345110788635 1 5.78977289057664e-005 
00000731.nii_L_ICA_labeled_d5_cp120_lmd1d0.000_lmd2d0.000_lmd3d0.000_lmd4d200.000 5 120 0 0 0 200 0.00325514257667493 23.5754566943173 13754.40138404 1603.42762074415 0.0778246232419311 0.0626252486475364 0.163505617456507 0.0942109752868983 0.817238327460496 0.0349432146080968 0.3189041440196 0.340832954646282 1 5.85439190870139e-005 
00000731.nii_L_ICA_labeled_d5_cp121_lmd1d0.000_lmd2d0.000_lmd3d0.000_lmd4d200.000 5 121 0 0 0 200 0.00316638269047078 23.7392007161141 13510.6350236769 1604.38656350509 0.0769508195858418 0.0618074481235865 0.163517553681869 0.0942455302276458 0.817230455075473 0.0344125239100876 0.323205667528729 0.345046515536554 1 5.78977289057664e-005 
00000731.nii_L_ICA_labeled_d5_cp120_lmd1d0.000_lmd2d0.000_lmd3d0.000_lmd4d500.000 5 120 0 0 0 500 0.00506092705008016 21.2414973571862 21914.3103573844 1589.90239760682 0.0936634134992851 0.0773394606628513 0.16336615128788 0.0938663029402572 0.817337208701083 0.0411299867282056 0.282026492046623 0.304230471567452 1 5.85439190870139e-005 
00000731.nii_L_ICA_labeled_d5_cp121_lmd1d0.000_lmd2d0.000_lmd3d0.000_lmd4d500.000 5 121 0 0 0 500 0.00490800912610059 21.3875254155653 21468.0121815547 1590.73804270724 0.0924387178185567 0.076207731042533 0.163379168317503 0.0938786312528587 0.817325693746863 0.0408157038641922 0.283515991832857 0.305729241373955 1 5.78977289057664e-005 
00000731.nii_L_ICA_labeled_d5_cp120_lmd1d0.000_lmd2d0.000_lmd3d0.000_lmd4d1000.000 5 120 0 0 0 1000 0.0073521213237464 19.6450749657984 32275.8598921891 1580.93102974101 0.110267733272111 0.092609902387837 0.163172824742697 0.0938700354105736 0.817529684969099 0.043433632997114 0.269375747476356 0.29165077986699 1 5.85439190870139e-005 
00000731.nii_L_ICA_labeled_d5_cp121_lmd1d0.000_lmd2d0.000_lmd3d0.000_lmd4d1000.000 5 121 0 0 0 1000 0.00710262818720375 19.7789829837704 31503.2117731672 1581.66836216766 0.108592327058459 0.0910746948816438 0.163189712743371 0.0938556910383902 0.817511261712886 0.0433396813802265 0.270246338608387 0.292490994781632 1 5.78977289057664e-005 
