#spline3d 5 120 5 120
63.264631271232012 83.468318378258758 3.9425497975334909
63.264782240106804 83.45602513567016 4.4831687388098471
63.284897348193184 83.364711269856627 5.001197748713591
63.312310831600335 83.219877380964775 5.5038278357158719
63.334841552850769 83.047430678325824 5.9983351453152833
63.338222737984765 82.868308207100441 6.4907684854003334
63.329542229524733 82.676229928403515 6.9786237249821124
63.344549713822872 82.463354462253676 7.4572526342790786
63.411453577680724 82.244545993028822 7.929099570719127
63.527133662411842 82.036773265174588 8.3980337866310446
63.659175914676709 81.789977778610719 8.8404119507026628
63.807643636032111 81.487707139088229 9.2429555455093215
63.994683714846985 81.159812406467523 9.6102108380712057
64.225328326647613 80.821149023594998 9.9381448747509555
64.491082216217393 80.459234014565936 10.208778499332571
64.776917317354872 80.079801299070695 10.433044566020778
65.077892804182838 79.692890144319932 10.619783515417957
65.40177095446154 79.312513098970058 10.780435030057454
65.760467682249555 78.954848289331835 10.91348736207248
66.149407161783259 78.614698160060399 11.006229510461955
66.542712310657151 78.269105191975001 11.054061910171729
66.944324573742634 77.933356783916821 11.054189374041096
67.378009826379682 77.640871916354314 11.032528308632861
67.82929882433659 77.37157413157054 11.025360999706509
68.268159743937716 77.0850161393045 11.031723638741827
68.66812132301159 76.747822655711758 11.02133451592074
69.052322719782737 76.3903001965665 11.007915944938485
69.443106289132402 76.040885426796635 11.013807697574915
69.835570809008274 75.69560154891596 11.048320893604101
70.212733888643498 75.336593251670934 11.106418615790158
70.584713165598316 74.972600044916547 11.167892962544792
70.964437548418815 74.616021462513388 11.222660069191415
71.355020919029286 74.271769150889952 11.28133326639524
71.750043647018771 73.935839681834935 11.360584189016473
72.144849365016569 73.609893795817456 11.473344896966788
72.546990830255837 73.306444486891522 11.617187656317139
72.954935847518229 73.017183850703475 11.773239122277962
73.354470382635739 72.708314543548667 11.913252274201135
73.750366281513593 72.384326259244872 12.034639323034339
74.154924113489784 72.088663566326488 12.182254258250763
74.573270541575909 71.850934143904141 12.390291522415287
74.99507405918699 71.628901283556914 12.6134741607676
75.414711101968479 71.421212199325552 12.849084085002577
75.819525568642931 71.236988949507278 13.124481069474182
76.193024338948192 71.056404454220257 13.445989690616104
76.558202602005622 70.891335696666658 13.783903280021999
76.934450630383523 70.767814356854984 14.126762857435757
77.302994869861763 70.672962248668583 14.487420826423495
77.643360133923252 70.592966559225374 14.878296335076422
77.958272528941876 70.512487988593492 15.289376281069677
78.256952639305766 70.412352965832739 15.708152188337394
78.54315201834531 70.302733008418755 16.133516807698314
78.807614019922198 70.22063679281419 16.578713116616594
79.056057307051177 70.185229871994338 17.040154250865857
79.287395913899189 70.137570086853259 17.505935856908838
79.493315664845994 70.027960714131069 17.973338618683727
79.667821188882328 69.927445240742301 18.457577919148278
79.801347620691047 69.857253305778158 18.95993122718226
79.917064137846964 69.781840907730142 19.465807827290462
80.059475778649443 69.696585944083878 19.962199964563204
80.232541501399936 69.613020691016047 20.450040978233638
80.400589329890437 69.529337048428474 20.939226816460927
80.551509550375584 69.438072585501359 21.432549589600804
80.701003419614082 69.334042106005185 21.923871075420109
80.851647769254441 69.206365350368785 22.408693449875972
80.992982853659129 69.066041535509783 22.89326909387016
81.134184173618948 68.930540875545887 23.379090457863761
81.258253852332501 68.774494158417284 23.862850369373515
81.354470904953871 68.57476152409356 24.339836988567335
81.431993073668167 68.334328406196391 24.800673088692122
81.492451436760788 68.043091935943124 25.231194596316186
81.5535127027063 67.715391670416238 25.635937421671731
81.633717260171807 67.378771066822111 26.031093155230522
81.703891264614313 67.017746863593146 26.405270817233404
81.734445193735539 66.611413883870583 26.734842911227187
81.718995588371627 66.164595743220048 27.013699962532218
81.651580055950262 65.697202210098013 27.242248081049095
81.537950845421989 65.214128167976369 27.420407422868156
81.421964072533314 64.71298735545534 27.528258426618283
81.333532217484077 64.194224699839324 27.543039264085827
81.238576703918966 63.677566557733506 27.497567325383773
81.050654626198522 63.19289746534082 27.469328801169276
80.810842763863107 62.725138210266437 27.47686551516977
80.604425236948003 62.244693927215003 27.512309029780855
80.427469379411974 61.752922839586063 27.563437785558879
80.262910410016005 61.255899785724687 27.605669390346318
80.133242563369478 60.749631654142185 27.604029448492678
80.035875415362113 60.237082626683325 27.570060769961099
79.922084986572443 59.728788390381531 27.565963568481529
79.788130379736245 59.214326606714813 27.583287921943665
79.654697725491516 58.710157735904708 27.68656487636882
79.551216531520652 58.272144894868013 27.967294487251458
79.519992799897096 57.958323095383342 28.405405143910368
79.59347784623715 57.767120317680536 28.895185568947696
79.756455494532929 57.666429615303215 29.388477330721294
79.942956040016441 57.628670574775974 29.883693583363005
80.099857346427783 57.70157166929468 30.374654857999158
80.228958124947809 57.917846678149601 30.839849877797018
80.368475565463754 58.223507919849489 31.253134742782731
80.535162098417089 58.594238371860683 31.584175060206626
80.706072064543747 59.021274858943229 31.837563727575223
80.846848423616393 59.471171422338493 32.072469565611776
80.934324837966514 59.919907228910823 32.328420694121839
80.964667310040241 60.35318072872154 32.621550482646505
80.974116129630588 60.776661878873959 32.933688115237182
81.006779156362867 61.215107490142096 33.216609830269405
81.066774210935762 61.681678787042394 33.447617484907376
81.113126264648429 62.16348952138047 33.654330257253342
81.091447678799852 62.644430048757613 33.862578542437646
81.00159917128849 63.120372513754631 34.062152966803474
80.87157440211594 63.591853498960546 34.255232450952725
80.718942374411881 64.055697322098482 34.450775377455457
80.503037834611476 64.49275230180416 34.641381726229305
80.208566098261301 64.888279065862406 34.82596424765191
79.876456071861057 65.240230182670913 35.036120623175478
79.538817015781333 65.532625436803684 35.312428157449581
79.206173097457295 65.750602622406092 35.657850349021551
78.891959999670888 65.885488219428808 36.060263978580025
78.605426947148061 65.939344547634676 36.502709055488523
78.356391381528567 65.913130719635149 36.968540546476675
