#spline3d 5 120 5 120
64.888623578611373 85.260328350918257 1.410807640894268
65.387555105244871 84.924836289608905 1.7683391712921062
65.877632197616776 84.559542807038397 2.0770281012413094
66.360841062715053 84.169265933251623 2.3389120721546259
66.839167758326639 83.758823585333928 2.5560287213403061
67.314599624186457 83.333034242347992 2.7304172569955107
67.789133188679841 82.896711740022369 2.864159685615884
68.264763074701335 82.454618538836385 2.9595251103624776
68.743426470335379 82.011333085746401 3.019268310986901
69.226944624309596 81.571101960208182 3.0468777791067994
69.716940221438563 81.137597713934497 3.0468533480947517
70.214761080469046 80.713661536896907 3.0247013700138297
70.721408728412655 80.301062802249376 2.9866726977990954
71.237460406325127 79.900304251836147 2.9393351799684946
71.763057025831728 79.510695855306892 2.8891921604451145
72.297849981658473 79.130426492891814 2.8424139653157687
72.84101291258257 78.756986039803053 2.804762339393466
73.391288080976523 78.387802669669924 2.781730592130268
73.947061467061275 78.021126604148066 2.7788124147646003
74.506447741402482 77.656747559251869 2.8017256423456982
75.067282550658533 77.296746735868027 2.8565580451391988
75.627032621617644 76.945777168456758 2.9497143015858218
76.18260936503971 76.610804388602375 3.0876599626764278
76.730156822524549 76.300270033777139 3.2764109497770155
77.265005262815933 76.022885329841671 3.5209663773939126
77.781645593054748 75.78629519110477 3.8245819051816521
78.273930917082609 75.595684345666356 4.1882030154365966
78.73545706048823 75.452821713051776 4.6102061048070846
79.1601367157742 75.355732196462569 5.086476535445942
79.542740810199291 75.299373682581319 5.610962905590557
79.879523208874815 75.276455423575285 6.176168329512552
80.168755925037559 75.27886783727088 6.7738856729599055
80.411084334349752 75.299075714471826 7.3958419476193837
80.609694213871407 75.331325263427331 8.0342225949911992
80.769998429562179 75.372234760679419 8.6819720208389608
80.899302128901269 75.421243818996402 9.3330717241055492
81.006044369867098 75.480496884440612 9.9827341370329297
81.098848903468834 75.554192233699354 10.627546138042701
81.185476276951988 75.647444153032566 11.265632655257416
81.272065950306583 75.7649408546839 11.896652617445721
81.362500385449763 75.909552751769198 12.52185418451289
81.458179700554993 76.080980042243255 13.14390121888186
81.558323960033206 76.274815737444413 13.766438783242844
81.660752994932935 76.481991783105997 14.393360017029821
81.762973879362775 76.689111957678094 15.027907451995899
81.863270786998172 76.878945092243711 15.671625594466574
81.961747061370417 77.03172099589618 16.323230644008422
82.060918828788289 77.12703550664034 16.977742356340201
82.165706609945516 77.146148654507869 17.625985333309959
82.282632784216204 77.073950504026271 18.25495952947421
82.418652903421759 76.900789292256889 18.848464893943756
82.579479090334374 76.623769172963094 19.388412102072344
82.767880973279176 76.247007713043672 19.856587539468141
82.982313507776936 75.781096563854817 20.23657307890366
83.21658780681058 75.24159236398053 20.5152145060392
83.459841281517313 74.647638754159203 20.683987761515962
83.697295292452992 74.020157821779208 20.739964501998365
83.911613995034401 73.380016641030224 20.68616981539585
84.084565760587736 72.746318472211229 20.531495970467986
84.198663879425368 72.135171095073304 20.289895606794968
84.238794016495007 71.558516009921277 19.97965475819241
84.193864755927081 71.023249903942258 19.62209181578298
84.058088256453502 70.530847861761643 19.239939052032419
83.832023153474026 70.077299773803688 18.855591838786346
83.522461154528472 69.653922510137534 18.489764581732661
83.142370175203368 69.248071466570892 18.160372323042548
82.709738654509451 68.844678120278815 17.881959794582531
82.245728068023666 68.428279883586427 17.665737741853452
81.772469462033555 67.985490124254 17.519957821651026
81.311201268601906 67.506978579253285 17.450560742456904
80.880861640427867 66.989377817660113 17.461500404087005
80.497286320331753 66.436530829150882 17.554942315761163
80.173266454919869 65.859564437587522 17.731142918077087
79.919069051791979 65.27605203574052 17.987872431743479
79.743198166063621 64.708020438194922 18.319923243427802
79.65272631325044 64.180007190666245 18.718220686661684
79.653303392846311 63.716221859094127 19.169385012641058
79.74858705235529 63.337843348025849 19.655908555808271
79.939195820367758 63.060490841001858 20.157193430315832
80.222169668986808 62.893303922027094 20.651459228936332
80.590184919384257 62.83781922865429 21.117917785874592
81.03170515972522 62.888590529679114 21.539391235628415
81.531683973007134 63.034687839614683 21.904424947219454
82.072742692675845 63.261937050865185 22.208669477864845
82.636507233236529 63.555248521567314 22.454540460292826
83.204726250774925 63.900604494906943 22.650994801773592
83.76032019833346 64.286694265226984 22.811809778074071
84.28807234644097 64.705635631451202 22.953547944571351
84.775161389806328 65.1527992944998 23.093341545804876
85.211276320630361 65.625692329877808 23.24714044346803
85.588967556063196 66.122737054470178 23.428205681636125
85.903645349078033 66.641600019959753 23.646200552755012
86.153342792314547 67.177794120353497 23.907065721695364
86.338254666915049 67.723631844071363 24.213477776252176
86.460031644614006 68.2681480872332 24.565831682911327
86.521296047762959 68.797133373889665 24.962874618693093
86.525106647259577 69.294228981895799 25.40230288628781
86.474658370432749 69.742546968404795 25.880890543124874
86.373108531057454 70.126708010733154 26.394301025994746
86.223484461106779 70.434367001497364 26.936955705480095
86.028580197073822 70.657887953355043 27.501752461282329
85.790870800290548 70.795125547630178 28.080062699071256
85.512470827171981 70.849266094926449 28.661935140379324
85.195169681620953 70.827791107513562 29.236503173224133
84.84058587474577 70.740626320347843 29.792540159141623
84.450395894426052 70.598494197497644 30.319012086394341
84.026699112920241 70.41113998013671 30.805707868424367
83.572421172584825 70.186251678347674 31.243777901749578
83.091727916330527 69.928948524220587 31.626190325121733
82.590161656223287 69.642009099792006 31.947790476002837
82.074813901416007 69.326052598604136 32.205442749762213
81.554154956456429 68.98018264392843 32.397771779082547
81.037747421650224 68.602588092832875 32.524810606051474
80.535925140747707 68.191021562585092 32.587610261016415
80.059482307446828 67.743084229763241 32.587838674731209
79.619491839718762 67.25635030676878 32.527529738580519
79.22713466615626 66.728411293656563 32.40883948147944
78.893619602507613 66.156868341944104 32.233946640476304
78.630156501750477 65.539323672608475 32.005030580314695
78.447955209652562 64.873379390821952 31.724270695804243
