#spline3d 5 120 5 120
121.95308506213136 83.66436873921046 2.6491582422420952
121.48749200216983 83.317923066702832 2.9658196594073734
121.00597204850074 82.981522229544908 3.2184369588780957
120.51189983110513 82.652168852910805 3.4130854564932722
120.00865040520648 82.326865073397883 3.5558402435996244
119.49959415783727 82.00261836715886 3.6527786241183309
118.98804387027933 81.676501490388262 3.7099981132058129
118.47710460453989 81.345821781398072 3.7336507376965988
117.9694249914175 81.008400951693488 3.7299783668004447
117.46690526133716 80.662899531703914 3.7053203210096326
116.97044752822396 80.309083624783526 3.6660539929268183
116.47983983080627 79.947924211467139 3.6184491113747952
115.99385099847437 79.581436654874878 3.5684557441142872
115.51054212314308 79.212253746022867 3.5214636749309882
115.0277282586211 78.843026608712279 3.4820796324751027
114.54344555898039 78.475850165863193 3.4539430702602356
114.05630011650094 78.111886951390659 3.4395942122889327
113.56564395762744 77.751270330523795 3.4404540405684525
113.07157555114226 77.393294281237374 3.456996830443873
112.57480124056735 77.036842203625639 3.4891331755872366
112.07643525838654 76.680937869271432 3.5367701341292914
111.57783794400628 76.325249915052197 3.6004538009593454
111.08056689045593 75.97038889611062 3.681935462323938
110.5864504492091 75.617910607688415 3.7844762379140291
110.09771438255559 75.270055564408352 3.9127579800169014
109.61706585621388 74.929326728015752 4.0723725215643212
109.14768512448568 74.59799687792119 4.2689687726922276
108.69313887260169 74.277619413497447 4.5072574251072686
108.25726810695362 73.968627853155027 4.7901540131624296
107.84409535396149 73.670051808000238 5.1181667255650725
107.45773966330111 73.379507808038952 5.4892406670921003
107.1023146007613 73.093521284490265 5.8990404354912256
106.78176938492615 72.808186638255009 6.3415946645155961
106.49963630526453 72.520087528745307 6.8101828413243508
106.25865933911605 72.22730515896771 7.2982804897243296
106.06031759419213 71.930303066417096 7.8003994867664161
105.90431628459339 71.632469875862213 8.3126972053604042
105.78816780576281 71.340130414894304 8.8332773498949315
105.70701709857606 71.061892620460227 9.3621401410405642
105.65384644626066 70.807336553182324 9.9007942777391857
105.6201223263285 70.585214900591779 10.451600557591689
105.59681228293863 70.401542153611089 11.016971383957161
105.57555015303365 70.257965871248544 11.598561895116699
105.5496198307786 70.150830396663579 12.196566204080247
105.5145579124009 70.071002479284161 12.809133039412469
105.46828905550366 70.004535908407888 13.431947503538719
105.41087298816532 69.93401430222859 14.058000164698742
105.34396887568606 69.840408530594885 14.677603511393537
105.270136658591 69.70521558141526 15.27872410384839
105.19211062175853 69.512599853654407 15.847677088553198
105.1121922755069 69.25121722997271 16.370186067587159
105.03192883026077 68.915352868407695 16.832678015740949
104.95215906358091 68.505502941453898 17.223738413977284
104.87349142567892 68.027817821394365 17.535347009096707
104.79705044180689 67.493009096085515 17.763935446714797
104.72525307126577 66.914520993046281 17.910822329092863
104.66234075536757 66.306547602042528 17.982116474999568
104.61447269220943 65.682210568837803 17.988178761642153
104.58922272943325 65.052209193965794 17.94280120542242
104.5944401632152 64.424096518539983 17.862293279292647
104.63662599595804 63.802231740822066 17.764601310894275
104.71912285605843 63.188319186160463 17.668465000149528
104.84053629486746 62.582395811692123 17.592498133641467
104.99374415942063 61.984059588524929 17.554065341495608
105.1658034429462 61.393749037582168 17.567937162000156
105.33886078238464 60.813853050559658 17.644910436888324
105.49197388747587 60.249474651906731 17.790698469489438
105.60361742331889 59.708687032871453 18.005498669456117
105.65448976795776 59.2022644568383 18.284400512682666
105.63020938813555 58.742846615975829 18.618699153356498
105.52345079570065 58.343624081065933 18.99771536451831
105.33503609849936 58.016640140846626 19.410720669993651
105.07371690556734 57.771038850104773 19.848452570466897
104.7546439716172 57.611659943465384 20.303944023478909
104.39703151135082 57.538190934554777 20.772691321094044
104.0211811436744 57.545325713103956 21.25215465842598
103.64569329603066 57.623899902802862 21.740868349779603
103.2854136591536 57.762744936269776 22.237454410075621
102.95043457771762 57.950827712947188 22.739774916007146
102.64613463721662 58.179088752205125 23.244407601585355
102.37403087494991 58.441566919089396 23.74651574883357
102.13305878975925 58.735634421067871 24.240084503056348
101.92091566276706 59.06142853493963 24.718434176436393
101.73522163168892 59.420729039971995 25.174899465804469
101.57438826708082 59.815666431308713 25.60356814069457
101.43817038103154 60.24749441472418 25.999996710964108
101.32791229061807 60.715623404205054 26.361830322428798
101.2465292348913 61.217001226000761 26.689250290992319
101.19828169599187 61.745888449306747 26.985162758354022
101.18837651125746 62.294030373134511 27.255040044870299
101.22239813709113 62.851215533440374 27.506329546096907
101.30562092713666 63.406154544329084 27.74744035165261
101.44230412095271 63.94756288105421 27.986447167372464
101.63509561606183 64.465251148522114 28.229820481434
101.88463489015838 64.951024289854388 28.481511484375691
102.18940575140813 65.399213051736339 28.742638502182711
102.54581670444519 65.806769254259109 29.011812787734865
102.94844184496165 66.172982306102242 29.285961569148515
103.39046295853927 66.498815749971484 29.561506053273945
103.86422346677483 66.786093685597791 29.835546570304718
104.36181162285607 67.036772306880607 30.106778178382772
104.87558447028165 67.252510517317859 30.37593085358154
105.39858896426119 67.434625008719749 30.645659278127205
105.92487526742801 67.584352392531855 30.91995024903397
106.44971794371034 67.703222912698294 31.203229529935019
106.96975293487752 67.793329691865935 31.499392306213174
107.48300317600223 67.857329421866694 31.811000008939736
107.98877303996206 67.898102243700052 32.138816746503302
108.48738343884213 67.918154522514754 32.481787017196432
108.97976708489283 67.919002512496576 32.83740993968599
109.4669789544425 67.900826159637973 33.202392771326771
109.94973009709864 67.862517683320448 33.573375840905122
110.42805211624221 67.802026327634678 33.947533649526903
110.90117303431796 67.716790815360596 34.322892795797316
111.36761775427161 67.604082285506237 34.698314008059917
111.82543607557106 67.461175061283313 35.073252032059926
112.27244741130853 67.28538450527985 35.447457416300288
112.70640345650122 67.074046674098071 35.820768846104293
113.12505038233303 66.824500006705193 36.193032296389838
113.5261348681872 66.534082701690622 36.564093070006201
