s,curvature,torsion
0,0.469558087752714,0.341047615614313
0.0591849665086137,0.442708131336603,0.390276986822081
0.1182511751368,0.415260734620587,0.44763890786878
0.17723760760769,0.387640698890649,0.514554036585287
0.236176033205491,0.36025302674412,0.592548374932782
0.295091592735447,0.333482699292499,0.683109202072407
0.354003457268484,0.307696649893929,0.787396748202111
0.412925536520246,0.283246705624196,0.905728953307406
0.471867214201297,0.260471753730221,1.03675125162713
0.530834090483244,0.239696719357962,1.17626004295177
0.589828714624302,0.221225271601009,1.3158446161172
0.6488512928395,0.205303400836781,1.44393150393225
0.707900338858824,0.192039288270209,1.54739512761835
0.766973217639492,0.181443793145664,1.61130263799044
0.826066600249086,0.173428297070607,1.62341943967402
0.885176848939663,0.167792707236814,1.57808859349852
0.94430033562927,0.164232223281731,1.47814286936436
1.00343369673819,0.162363741398583,1.33361994699917
1.06257402776539,0.161764509869993,1.15808712809433
1.12171902142664,0.162011782574896,0.964661784342277
1.18086705363966,0.162714584273989,0.763378692467446
1.2400172207466,0.163561100125678,0.573244819649476
1.29916929963125,0.164420148526328,0.408158872749748
1.35832359173364,0.165270574838522,0.266984085316423
1.41748072819246,0.166155499795709,0.148586278725447
1.47664148223479,0.16716342090033,0.052251399795015
1.53580659678385,0.168413049782949,-0.0222549386232047
1.59497663197406,0.170041316234625,-0.0748521822210889
1.6541518358525,0.172194157961943,-0.105439530971236
1.71333204056622,0.175019957733214,-0.114239771980376
1.7725165857948,0.178665645163818,-0.102113659339677
1.83170427304695,0.18322296327236,-0.0784789494769901
1.89089339861878,0.188571325392281,-0.0525972057802296
1.95008192204938,0.194535450278286,-0.0254807246147053
2.00926766466842,0.200938291057914,0.00219270172345473
2.0684484819598,0.207601603722894,0.0300653664381687
2.12762240496045,0.21434657146108,0.0580590759332359
2.18678774748089,0.220994505275253,0.0863290296357301
2.2459431756928,0.227367665308094,0.11522532596505
2.30508773663619,0.233290260498255,0.145269233884867
2.36422084246572,0.238589690394008,0.177147716070097
2.42334220976546,0.243112687589935,0.206764687510735
2.48245180269216,0.246766498678149,0.230352150340606
2.54154986692806,0.249468107311124,0.249061982602254
2.60063698513196,0.251128299496204,0.263876876040708
2.65971410624578,0.251651737374109,0.275655503711475
2.71878254684115,0.250937354667009,0.285172556626064
2.77784396522993,0.248878963535411,0.293157817539957
2.8369003098432,0.245365980980137,0.300339368513833
2.8959537443422,0.240284197569959,0.307498226956016
2.95500655305982,0.233516525906231,0.315546385395906
3.0140610305691,0.225003236632648,0.3261438147409
3.073119338329,0.214922141061037,0.34002110256827
3.13218332335264,0.203510847398171,0.356885241973081
3.19125438363609,0.191005398942269,0.376400126386881
3.25033341297133,0.17763823745736,0.398066622704219
3.30942082085505,0.163636318954741,0.421042752075829
3.36851662008316,0.149219356038073,0.443852474768696
3.42762057323219,0.134598156011151,0.463892356992458
3.48673238831545,0.119973085381729,0.476567187092963
3.5458519534403,0.105532905072766,0.473724419621797
3.60497959653022,0.0914602588137312,0.464209399723707
3.66411626704481,0.0779589569406496,0.466772845920209
3.7232634825406,0.0652532971399759,0.484864261886243
3.78242318307713,0.0535829608922432,0.523180844266197
3.84159757975667,0.0432011002612752,0.586228463304407
3.90078899434804,0.0343703396481072,0.671759718695906
3.95999968441164,0.0273500149185267,0.75155454187068
4.01923165014652,0.0223622684796199,0.74029348901103
4.07848642156845,0.0195419094816005,0.514383651997233
4.13776482759251,0.0189566199461292,0.0785247058991312
4.19706675330776,0.0207308510149702,-0.316983181245236
4.25639092397156,0.0249841758344994,-0.467730950905961
4.31573477356915,0.0318152473249058,-0.42770438057829
4.3750943613633,0.041226226393315,-0.323595663116517
4.4344643189441,0.0531489933045251,-0.22332931249511
4.49383783789695,0.067496716183304,-0.14488513869901
4.55320670799777,0.0841881804657676,-0.0872921053928153
4.61256141460357,0.103154269514767,-0.045502760230884
4.67189130284133,0.124338182591708,-0.0148757811511719
4.73118481531441,0.147693947294885,0.00801818172821069
4.7904298155194,0.173073200499684,0.0197421372909485
4.84961415113587,0.199882477874719,0.0203027745408088
4.90872665754941,0.227401010255693,0.0147371432688571
4.96775827051832,0.254884773730791,0.00565462241700167
5.02670302758703,0.28156176658113,-0.00572955375408167
5.08555888971985,0.306629750943139,-0.0190104596075975
5.1443283197338,0.329257883921487,-0.0342994675601002
5.2030185571869,0.348593193863677,-0.0521099819558807
5.26164153750811,0.363772178802073,-0.07337006868863
5.32021341700152,0.373936951832262,-0.0995571976840405
5.37875368433364,0.378460050724762,-0.129818197078556
5.43728386630739,0.377579081488402,-0.163146362370951
5.49582601138098,0.371785399474868,-0.20137722499115
5.55440126295941,0.361613697902086,-0.246573235912017
5.61302864460596,0.347633785421555,-0.301265948453286
5.6717240969774,0.330441495230485,-0.368726531968989
5.73049978742465,0.310650939769745,-0.453300853002299
5.78936369757433,0.28889022701296,-0.560829800590449
5.84831948077244,0.265802618214085,-0.699134288186941
5.90736657042661,0.242054980174995,-0.878420003472538
5.96650051100356,0.218349641572951,-1.10861247950433
6.02571344990613,0.195429439434867,-1.39895369289029
6.08499470563882,0.17411255805496,-1.75490841392071
6.14433141780947,0.155307717862393,-2.16263261795106
6.20370926943891,0.139974182358317,-2.56748142642386
6.26311324613885,0.128970956495232,-2.8612009248416
6.32252839780206,0.122769520551624,-2.91818503724787
6.38194057161147,0.12116000967994,-2.68567618258566
6.44133708926283,0.123214322715179,-2.22961490444619
6.50070734637765,0.127586063808534,-1.66997123377217
6.56004331382196,0.132913323682937,-1.14022312683866
6.61933982050797,0.138147332726252,-0.709319437627968
6.67859444150384,0.142647541312102,-0.365122709273989
6.73780719003417,0.146063385242182,-0.0879356161031162
6.79698014927704,0.148227302374785,0.140121112572369
6.85611706810743,0.149083054326999,0.333065295004801
6.91522293603253,0.148639579508464,0.501471092586005
6.97430354875127,0.146941189141629,0.65347197486465
7.03336507252914,0.144048016193922,0.795793226197922
7.09241361289705,0.140023240726913,0.934739229719949
7.1514547940064,0.13496809366817,1.08461533751451
7.2104934262147,0.129156765736495,1.25678238224532
7.26953339478665,0.122925940964642,1.45182216683824
7.32857766666701,0.116633570252436,1.66663009534564
7.38762834143217,0.110652654575864,1.89193866302495
7.44668673849741,0.105355398785482,2.11001974658065
7.50575351421983,0.101083319514481,2.2946546112363
7.56482880154979,0.0981028769042559,2.41609550650559
7.62391236422513,0.0965555680296746,2.4514444940766
7.68300375716547,0.096421558679877,2.39535840748764
7.74210248378578,0.0975424986866759,2.27132830392505
7.80120812021823,0.0997499794001787,2.10542714806958
7.86032036943776,0.102850644118594,1.91413722254215
7.91943908508097,0.106626682795221,1.71284946410946
7.97856428709296,0.11085460118552,1.51315037783447
8.03769616825337,0.115318364630789,1.32218315833816
8.09683508976497,0.119816787957151,1.14328588608258
8.15598156424969,0.124166645527404,0.977052268065587
8.21513622475331,0.128203271230006,0.822304090499663
8.27429977871676,0.131780077036495,0.676788666128455
8.33347294568272,0.134803837703667,0.547136378980859
8.39265636431954,0.137348257015954,0.436828598990617
8.4518504561261,0.139552227715814,0.34007180224029
8.51105528821499,0.141577547504927,0.252920984294897
8.57027045772525,0.1436035388306,0.172890027150849
8.62949500175485,0.145823653974104,0.098696471921421
8.68872733550394,0.148443190036542,0.030072318435758
8.74796522114018,0.151677484991671,-0.032422614080587
8.80720577005939,0.155750136700574,-0.0876344455792801
8.86644548172289,0.160890952142787,-0.134119275187383
8.92568032547929,0.167242106075809,-0.168356347357876
8.98490592488995,0.174578348940645,-0.189327206289736
9.0441179070572,0.182574272359585,-0.199811520713381
9.10331227819969,0.190894577750823,-0.202675920552102
9.16248575129637,0.199194674507028,-0.200462253370163
9.22163601489477,0.207121803716115,-0.195232938992786
9.2807619337943,0.214316448490052,-0.188575897495515
9.33986367230403,0.22041396991111,-0.181689022276782
9.39894273169869,0.225046480087217,-0.175495025299223
9.45800189540959,0.227844952271633,-0.170765029059114
9.51704507745376,0.228520418859563,-0.172701826219326
9.57607705636723,0.227105181481375,-0.18594181595459
9.63510310530743,0.223721159062087,-0.211086897738884
9.69412861645502,0.218502126484605,-0.249699357139222
9.75315876294497,0.211595041107302,-0.304426872845751
9.81219820696202,0.203162689392769,-0.379272993567434
9.87125085992522,0.193388484569431,-0.480030373608536
9.93031969923589,0.182484740551393,-0.614888179053462
9.98940664476219,0.170706485793981,-0.795153915757564
10.0485124971141,0.158373916205835,-1.0357704303735
10.1076369388965,0.145926485512362,-1.33156101856666
10.1667786012405,0.133984626944688,-1.66143227623017
10.2259352016461,0.123232255125732,-2.00431384138857
10.2851037475277,0.114336270632423,-2.31266599066799
10.3442807860683,0.107837840193301,-2.51512905510187
10.4034626782594,0.104000113499357,-2.54409119847811
10.4626458749553,0.102683368696568,-2.3773863159945
10.5218271739191,0.103342053683692,-2.05277147446198
10.5810039391917,0.105160136941068,-1.63728685338905
10.6401742676863,0.107238292869063,-1.1858038499179
10.6993370914563,0.108797099880499,-0.77515482164515
10.7584921815871,0.109460095108056,-0.447746458130489
10.8176400216252,0.109124109304356,-0.184346661083016
10.8767816322139,0.107829957220831,0.0296582468802208
10.9359183972723,0.105702114514882,0.203180499662217
10.9950519034869,0.102908032679817,0.33979444448371
11.054183798949,0.0996290331534083,0.438349167731248
11.1133156730355,0.0960382724548364,0.493588185530748
11.172448956789,0.0922842204036046,0.496807256767579
11.2315848411016,0.0884805291872211,0.436551062852608
11.2907242096626,0.0846918651536697,0.329196899472866
11.3498675998399,0.0809120298901149,0.19720694857589
11.4090152136952,0.0771283573643752,0.0356466273944307
11.4681669473038,0.0733444402125807,-0.161831693541485
11.5273224209693,0.0695896477005693,-0.402906444474383
11.5864810106743,0.0659321282530364,-0.695591156905505
11.645641882087,0.0624959834706109,-1.04511957598122
11.7048040287239,0.0594817371546032,-1.44681908746241
11.7639663161741,0.0571845962826347,-1.87378594800867
11.8231275346056,0.0559959752609591,-2.26422320181647
11.8822864621068,0.0563262222902794,-2.48096532089183
11.9414419410175,0.0583382299855015,-2.44253320075817
12.0005929639113,0.0618885859719795,-2.21071410864315
12.059738760399,0.0665929659896662,-1.88914144688194
12.1188788764244,0.0719375789569973,-1.56231037822204
12.178013237415,0.0773770399409347,-1.27449667690155
12.2371421864187,0.0823859731587765,-1.03948065512462
12.2962664889901,0.0864748966194157,-0.855795284775303
12.3553872981348,0.0891891144548218,-0.716945376622028
12.4145060750569,0.0901024606975779,-0.616575820003065
12.4736244650092,0.0889062768019359,-0.556673404668172
12.5327441393154,0.0856927705886655,-0.536205843889537
12.5918666399873,0.0806675199205178,-0.552490016994717
12.6509932520739,0.0740498241901428,-0.611311040729306
12.7101249101184,0.0660718043977929,-0.730345857797074
12.7692621419778,0.0569826610029787,-0.950305283101602
12.8284050506076,0.0470633191111645,-1.36672832492594
12.8875533320289,0.0366706286080262,-2.22918417946384
12.9467063256858,0.026388986028816,-4.28358876545497
13.0058630917816,0.0176516189572878,-9.53461251206705
13.0650225088562,0.0145396868142815,-13.9190023147906
13.1241833822111,0.0198134129486843,-7.39599233884862
13.1833445515371,0.0287482480360349,-3.4840684542939
13.2425049907537,0.0382256177686207,-1.98353012492166
13.3016638922899,0.0471726024147318,-1.34365027398965
13.3608207273916,0.0550691644850892,-1.05066795311111
13.4199752755672,0.0615589449882756,-0.929202689231195
13.4791276184476,0.0663532911760305,-0.915520231249348
13.5382780960785,0.0692082479361481,-0.992338573587849
13.5974272269736,0.0699293021693604,-1.17135342869365
13.6565755972426,0.0684872284944307,-1.45291193154405
13.7157237327174,0.0653033341207567,-1.83403427487962
13.7748719855625,0.0609814252036328,-2.34456748231214
13.8340204590684,0.0562562825888086,-2.99826886209782
13.8931689755048,0.0520286244104872,-3.73935218231611
13.9523170855584,0.049320565662667,-4.36585910772611
14.0114641138784,0.0490300718191912,-4.57252384858479
14.0706092321171,0.0515194978745553,-4.24159108831863
14.1297515486038,0.056429861441338,-3.59501666319213
14.1888902024301,0.0629505951874649,-2.92700870436405
14.2480244494852,0.0702480294243761,-2.38254453445031
14.3071537353191,0.0777883258791748,-1.9683994847263
14.3662777622399,0.0852013147534361,-1.656615837884
14.4253965438837,0.0921940897542763,-1.42072484023918
14.4845104393562,0.0985209292756085,-1.2405912722846
14.5436201636934,0.103964359886322,-1.10204342875182
14.6027267721629,0.10832391328364,-0.995491459918037
14.6618316167424,0.111409684645889,-0.914733428964051
14.7209362741886,0.113038819182661,-0.856190722303841
14.7800424464415,0.113033827286544,-0.818597140603735
14.8391518358814,0.11128620798927,-0.806839896978114
14.8982660064135,0.107951959325748,-0.822173498098645
14.957386260797,0.103262363503997,-0.861982018801748
15.0165135526238,0.0974564977193503,-0.925941259414364
15.0756484353012,0.0907781477717662,-1.01540549917542
15.1347910480362,0.0834733552336913,-1.13297450410046
15.1939411367194,0.0757878859848361,-1.28197296397048
15.2530981058669,0.0679637589721536,-1.46551331118248
15.3122610964843,0.0602335487790058,-1.68468678001321
15.3714290838865,0.0528105032093265,-1.93538387489954
15.430600988271,0.0458663957394779,-2.23983759531901
15.489775770657,0.0395248097539163,-2.63967907815748
15.5489524746114,0.0339230160834832,-3.14453658020339
15.6081302437945,0.0292210572874113,-3.73061495329352
15.6673083349953,0.0255791926682453,-4.30368920708437
15.7264861265838,0.0230996818366364,-4.69371140102345
15.7856631215923,0.0217423650334548,-4.7574944783496
15.8448389448426,0.0212821213542262,-4.52565267436266
15.9040133338115,0.0213718810485442,-4.18237840552026
15.9631861232776,0.0216657706394764,-3.91340095847656
16.0223572242676,0.0219419554795877,-3.81992416654423
16.081526599531,0.0222264971672419,-3.8652161728108
16.140694240277,0.0226804442081173,-3.95321272899545
16.1998601459968,0.0235132901910278,-3.97755176676463
16.2590243079102,0.0249178379990348,-3.85943625265927
16.3181866965564,0.0270114723191394,-3.58793157617498
16.3773472534805,0.0298096621591114,-3.21690440710534
16.4365058864724,0.0332402835191256,-2.82012321218019
16.4956624674046,0.037179093403761,-2.45233507828558
16.5548168314136,0.0414821787529071,-2.13988042953155
16.6139687764456,0.0460037333490816,-1.87702875935731
16.6731180738903,0.0505897642640619,-1.65517421956706
16.7322645080661,0.0550748839800386,-1.47521816380168
16.7914079222645,0.05928957024452,-1.33503340992009
16.8505482563525,0.063064935130632,-1.23184872696242
16.9096855730472,0.0662357548034767,-1.1637131635314
16.9688200709563,0.0686429871575119,-1.13047072562604
17.0279520831705,0.0701367589306051,-1.13468021015018
17.0870820610918,0.0705808809429289,-1.1829116229096
17.1462105442876,0.0698605050265395,-1.28797515848734
17.2053381182607,0.0679598295614623,-1.45699795255408
17.2644653598086,0.0651633338120818,-1.68380239775293
17.3235927766296,0.0618566713620633,-1.96466160685994
17.382720764808,0.0584593693446116,-2.28357258570049
17.4418495915438,0.0554099002723292,-2.60117057427165
17.5009794006656,0.0531237725201009,-2.84995287598402
17.5601102365742,0.0519180128347756,-2.95183411308569
17.6192420810862,0.0519230834017597,-2.86085692368836
17.6783748969228,0.0530346499066554,-2.59562733484278
17.7375086713189,0.0549436725324379,-2.22338956979719
17.7966434532006,0.0572487577788244,-1.83935521489716
17.8557793736163,0.0596425136093749,-1.4960819295114
17.9149166407518,0.0619060316520386,-1.19388387476577
17.9740555208338,0.0638797412761945,-0.924934555325012
18.0331963117782,0.0654509826462353,-0.678597620861349
18.0923393110558,0.0665449507761048,-0.443653238192104
18.1514847791613,0.0671200517194127,-0.208883378331389
18.2106329002625,0.0671678214245762,0.0370122466442505
18.2697837418493,0.0667176295573945,0.305541371754466
18.3289372155029,0.0658467602660758,0.607963355151213
18.3880930416232,0.064702520427768,0.914765012653112
18.4472507302245,0.0635165974451024,1.18431991945419
18.5064095961769,0.0625414050993335,1.40100700535397
18.5655687965304,0.0620048353497373,1.54323752595238
18.6247273798666,0.0620725352655193,1.59200645258828
18.6838843447377,0.0628169816047167,1.54024396516103
18.7430387037122,0.0642047182609418,1.39690230640315
18.8021895490485,0.066107231670031,1.18269092128242
18.8613361159082,0.0683303383595514,0.920920305141341
18.9204778393077,0.0706507752269289,0.629564318199131
18.9796144014719,0.0728531975656238,0.355361133617884
19.0387457621093,0.0747723768310309,0.131475875084404
19.097872162781,0.0762992646958433,-0.0517313323112408
19.1569941159745,0.0773614911839405,-0.203237502233788
19.2161123863614,0.0779083728130203,-0.330743771547069
19.2752279659805,0.077900769238713,-0.440817167715796
19.3343420444971,0.0773044523897888,-0.53930968992445
19.3934559754292,0.0760860200004914,-0.631898155277667
19.4525712390861,0.074210754483223,-0.724755493358849
19.5116894029428,0.0716421592193277,-0.825486041552846
19.5708120795282,0.068382911276924,-0.95624649867731
19.6299408655571,0.0646045612723806,-1.13759123669821
19.6890772410021,0.0605477516430521,-1.37612518117547
19.7482224653108,0.0564932206864122,-1.67317643231748
19.8073774898893,0.0527689718066038,-2.01447654125013
19.8665428863157,0.0497465341616872,-2.35531776674858
19.9257187885185,0.047810359192475,-2.61258826832983
19.9849048468487,0.0472880944565152,-2.68849416311367
20.044100191836,0.0483607938779792,-2.5314013637536
20.1033034054598,0.0510133001741956,-2.17787264881036
20.1625124994351,0.0550520054093347,-1.73848527159813
20.2217249353939,0.0601551397325352,-1.31610410113654
20.2809377423737,0.066020319724971,-0.952436043970764
20.3401476694754,0.0724092354514449,-0.655489395470665
20.3993513361012,0.0791433915739107,-0.418073481129644
20.4585453780615,0.0860910563386422,-0.228756727077398
20.5177265893034,0.0931544761614216,-0.0765466946390129
20.5768920590149,0.100260006510476,0.0476713242301586
20.6360393038639,0.107351218293615,0.151013884773444
20.6951663951659,0.114384345619735,0.238899963368067
20.7542720806133,0.12130226547865,0.3017652445331
20.8133558946073,0.12795806823094,0.333684129049789
20.8724182418547,0.134172487464273,0.342652545710256
20.9314604514894,0.139753186060818,0.334521659499151
20.9904848007503,0.144494819523587,0.313349272088043
21.0494945040737,0.148180811517637,0.281672498080183
21.1084936639933,0.150586084189863,0.240666544046235
21.1674871814964,0.151480352333042,0.190151769142074
21.2264806252718,0.15063186440615,0.128379091043732
21.2854800616192,0.147811743828227,0.0514453300731879
21.3444918477762,0.142898279753884,-0.0250519893674443
21.4035223547525,0.136177737115693,-0.0832783744717291
21.4625775899435,0.128042984488013,-0.123314783339075
21.5216628397107,0.118886240068798,-0.141474834718531
21.5807823849146,0.109092428416778,-0.12951581897431
21.6399392848943,0.0990351553178004,-0.0731401805857608
21.6991352202174,0.0890775308679001,0.0499600148372524
21.7583703828485,0.0795828419451305,0.271385262608424
21.8176434022183,0.0709441357017284,0.628663035346297
21.8769512969903,0.0636445884782458,1.14610303937577
21.9362894472803,0.0582821874497956,1.74227755934199
21.9956516372158,0.0553909192963183,2.2269662899656
22.0550302471513,0.0554664827466432,2.40624557637905
22.1144165034526,0.0587805039130191,2.21071554439802
22.173800736507,0.0652412299870433,1.77162270934721
22.2331726515057,0.0744996747568434,1.27990991337161
22.29252161807,0.0861531104788338,0.850481533840123
22.3518369841828,0.0998676877259961,0.515754371684283
22.4111084193455,0.115404588206866,0.267728798403341
22.4703262913854,0.132602838588675,0.0874136031968063
22.5294820821722,0.151251428279548,-0.0350630297487477
22.5885688730265,0.17075651137884,-0.111475955178459
22.6475819122434,0.190426342713937,-0.159264464708157
22.7065191477953,0.209559347426191,-0.190388695026123
22.7653816460983,0.227437982831203,-0.212807982660089
22.8241738538738,0.243328591767902,-0.231967990926522
22.8829036634414,0.256485818749866,-0.251961328779201
22.9415822477998,0.266160784588071,-0.276439121690774
23.0002236422755,0.271612362336123,-0.309466873675207
23.0588440644516,0.27212089736019,-0.35660544879215
23.1174609825952,0.267253011125073,-0.416453499453174
23.1760919677765,0.257613604149765,-0.484127907486891
23.2347535102721,0.244080938086245,-0.561885064894204
23.2934600625338,0.227542395196112,-0.651708707827462
23.3522233817361,0.208879477579019,-0.754897027989601
23.4110521630356,0.188951512911853,-0.871033491507513
23.4699519333969,0.168576763451979,-0.995884965784161
23.5289251618336,0.148507908210762,-1.11753320957717
23.5879715337363,0.129397860261774,-1.20997235486115
23.6470883343908,0.111754158304841,-1.22387735177154
23.7062708882323,0.0958524808332381,-1.14263370048104
23.7655129760881,0.0816680291582411,-0.970216144094701
23.8248071404774,0.0691284217015391,-0.645489812955088
23.8841449133463,0.0582186871820858,-0.0749138384310387
23.943517003,0.0490965225193737,0.859943862380479
24.0029134509942,0.0423130485340303,2.18638894315394
24.0623237703692,0.0390497464490918,3.44740874291876
24.1217370791493,0.0408224099323169,3.63213725996855
24.1811422462856,0.0483378430475879,2.66260797924182
24.2405280712205,0.0611550026044769,1.50972387789287
24.299883523172,0.0784689785831782,0.696392359798525
24.3591980712148,0.0991904223006785,0.226847572400606
24.4184621109732,0.122369726694973,-0.0341976053945566
24.4776674499301,0.147191690586957,-0.1837228371128
24.5368078127887,0.172885668940734,-0.276194272007905
24.5958793226825,0.19868894821973,-0.34105235029209
24.6548809046939,0.223834885431964,-0.394731276894192
24.7138145532023,0.247553354451855,-0.447221634973089
24.7726854045862,0.269079418320972,-0.505577165213315
24.8315015621023,0.287669563655231,-0.575931915990523
24.8902736332558,0.30280353448929,-0.644509703059222
24.9490140350196,0.314709109306634,-0.696138084883945
25.0077362955265,0.323774896801879,-0.732995774349848
25.0664544199151,0.330353491551293,-0.75559943404543
25.1251823078323,0.334750209983202,-0.763573936546437
25.183933231114,0.337213385551964,-0.756071547503076
25.2427193724698,0.337927314055692,-0.731988520722099
25.3015514186096,0.33700897129505,-0.690028605018316
25.3604381963176,0.334509472604485,-0.628620582903557
25.4193863375586,0.330421059049639,-0.545677343108129
25.478399961552,0.32474852101441,-0.458472304691038
25.5374804120939,0.317725364249235,-0.38390414971166
25.5966261600718,0.309681419998905,-0.319298618989106
25.6558328582299,0.300975462458525,-0.262681204878526
25.7150935197805,0.291982418165011,-0.212689601644618
25.7743988186963,0.283083476820811,-0.168519880077824
25.8337375068876,0.274658029888224,-0.129892239458062
25.8930969408654,0.267076684533405,-0.0970121172921654
25.9524637093458,0.260695026776218,-0.0704946831531135
26.0118243534116,0.255848377292464,-0.0512204990536332
26.0711661679987,0.252730463032769,-0.0360046947933919
26.1304779657828,0.251045675656486,-0.0215324274434086
26.1897505612948,0.25037690726332,-0.00838541779143021
26.2489770598233,0.250308376284901,0.0030936245622391
26.3081530427739,0.250427935683726,0.0127763301522885
26.3672766559334,0.250328494464707,0.0207003546996646
26.4263486016303,0.249608908262464,0.0270163489760064
26.4853720352903,0.247874714640786,0.0319424035459485
26.5443523675098,0.244738985742789,0.0357316690380892
26.6032969744986,0.239823411536112,0.0386548213719253
26.6622148210025,0.232859532348686,0.0468964030003396
26.7211159737555,0.223991140420444,0.0677398783536835
26.7800110117199,0.21347635610191,0.104051615503934
26.8389104689152,0.201587027021199,0.160224600378042
26.8978243638588,0.188609574372393,0.242684363340481
26.95676181581,0.174849142651347,0.360595889938784
27.0157307436814,0.160639137138578,0.526694399273103
27.0747376415656,0.14635928373095,0.75783058390449
27.1337874235819,0.132466432255325,1.07383969382327
27.192883330216,0.119541819515946,1.49094404520072
27.2520268883697,0.108340089842201,1.98734637380392
27.3112179141672,0.0997649257691955,2.47834697930908
27.3704545437536,0.0947630750280242,2.81586500125276
27.4297332883484,0.0940602860348883,2.84057475232557
27.4890491095762,0.0978508970405414,2.5206001005884
27.5483955093289,0.105737631296871,1.9866407901018
27.6077646303241,0.116999202003174,1.40721286813491
27.6671473661079,0.130922166450554,0.885004477650711
27.7265334823506,0.146982500676953,0.453176629654989
27.7859117549196,0.164883327229198,0.108932947201319
27.8452701396986,0.184444189329971,-0.137844769177749
27.9045961160313,0.205290112798717,-0.292310247278084
27.9638773930167,0.227019789421136,-0.384325445837843
28.0231027219571,0.24923238903455,-0.435589333513513
28.0822626549004,0.27149991612891,-0.461161705314324
28.1413502161824,0.293356071358182,-0.471288627043677
28.200361453777,0.314294077610361,-0.472909131885505
28.2592958339761,0.333769743962096,-0.47077575264465
28.3181564421694,0.351208143899743,-0.468262038268227
28.3769499546015,0.366013244599694,-0.467951200859306
28.4356863523473,0.377673611228,-0.472039713698102
28.4943783944688,0.386055988986283,-0.480942585322979
28.5530409705114,0.391133151451096,-0.49459807149171
28.6116903982887,0.392894895708586,-0.513356038032599
28.6703436798692,0.391351327559207,-0.537987938576284
28.7290177365494,0.386535104321637,-0.569764594907926
28.7877286447198,0.378502834833822,-0.610614090095018
28.846490894603,0.367336136443878,-0.6633938038202
28.9053166936133,0.3531432765916,-0.732342790466177
28.9642153356168,0.336062999720468,-0.823835268356552
29.0231926569931,0.31638312039015,-0.945406272264254
29.0822506161936,0.29487916343348,-1.10264996838995
29.1413871037704,0.272487225128435,-1.30132537884805
29.200596060443,0.250203172399807,-1.54500689898351
29.2598678803778,0.229089450771326,-1.82993504999431
29.3191900515844,0.210259964287544,-2.13638761966037
29.3785479796287,0.194809924908668,-2.41932479812623
29.4379259382989,0.183655158666348,-2.60906601954447
29.4973080907531,0.177289447854236,-2.63617524438902
29.5566795266131,0.17556797082936,-2.4731335589345
29.6160272595659,0.177645376664604,-2.17789903068216
29.675341021506,0.182171424149189,-1.84195382117483
29.7346136173901,0.187804175469227,-1.51722218296374
29.7938410001573,0.193395475873376,-1.22905991129298
29.8530221856702,0.198015652633649,-0.983852999592841
29.912159023198,0.200926905902673,-0.778149531574358
29.9712558352578,0.20154326186979,-0.604552760148611
30.0303189441667,0.199394392051164,-0.454452024022969
30.089356106699,0.194098013225176,-0.318675982630309
30.148375882639,0.185340480535041,-0.186697771051384
30.2073869679017,0.172984597417263,-0.0523321564799977
30.2663975416756,0.15742431284224,0.0944985010486642
30.3254147258683,0.139217894017099,0.27859323528223
30.3844442220222,0.118966810461108,0.543700177369264
30.4434901274239,0.0973356205956921,0.983026969898152
30.5025549143412,0.0751264180619837,1.83124081035138
30.561639546493,0.0535427610813741,3.77988538160497
30.6207436995274,0.0352670255688553,8.7509145375085
30.6798660474909,0.0277487390448622,13.68807294348
30.739004574895,0.0365882251582091,7.3627098443016
30.7981568741677,0.052529997736818,3.27365148654071
30.8573203976228,0.0694991087298568,1.71444230813121
30.9164926545171,0.0858695345212803,1.03889327774807
30.9756713482955,0.101167809712972,0.706149490566821
31.0348544569056,0.115238868392555,0.529602567208886
31.0940402636233,0.128038336472312,0.434546902145387
31.1532273455273,0.139569074166884,0.387140100229721
31.2124145263375,0.149858796779925,0.370579990096153
31.2716008000221,0.158951919074758,0.375978570785154
31.3307852313545,0.166907235287063,0.39845151088905
31.3899668411648,0.173797870849267,0.425659554674336
31.4491445244513,0.1797033101946,0.44806432942012
31.5083170742981,0.184697379941664,0.466421286495423
31.5674832478727,0.18884588322743,0.481164576385658
31.6266418345655,0.192205716760747,0.492525581069592
31.685791726009,0.194824124390389,0.5006050574583
31.7449319887794,0.196738093048396,0.505418009357006
31.8040619400636,0.197973908111444,0.506921189068234
31.8631812261548,0.198546890663597,0.505028319435153
31.9222899033257,0.198461341299256,0.499615451192233
31.9813885188872,0.197709307438532,0.490901135979243
32.040478153514,0.196268187841652,0.47912408781124
32.099560362488,0.194107871581325,0.464106911317871
32.1586370754654,0.191192882686964,0.445576370522475
32.2177104926485,0.187482839978491,0.423120598917484
32.2767829791955,0.182933008454926,0.396123494180985
32.3358569585169,0.177494951976765,0.363662729086249
32.3949348054971,0.171117318557067,0.324347021252594
32.4540187411377,0.163746829977356,0.276047570842411
32.5131107306345,0.15532962451705,0.215436841821758
32.5722123870189,0.145870851849741,0.15155023968651
32.6313248748965,0.135612759521426,0.0955579133018412
32.6904488192301,0.124865459088069,0.0469811789845597
32.7495842590717,0.113945789785488,0.00692649351439021
32.8087306551246,0.103173877422004,-0.0213259743601505
32.8678869421781,0.0928705704904813,-0.0314674310870294
32.9270516160839,0.0833557560775063,-0.0133316623354005
32.9862228450287,0.0749480729097651,0.0469324902443752
33.0453985958452,0.0679672962690522,0.163510204035224
33.1045767679765,0.062741152644736,0.341431091329131
33.163755329766,0.0595359305602353,0.52847271202034
33.2229324369528,0.0583138078294558,0.653690655537969
33.2821064969426,0.0589503786858684,0.693097817068167
33.3412762003748,0.0612974017443573,0.649774422109461
33.40044054189,0.0651784912945581,0.547981791158049
33.4595988358262,0.0703968701662846,0.417773070990864
33.5187507298962,0.0767475813821246,0.282935357691257
33.5778962181375,0.0840273303376111,0.15721819061583
33.6370356529277,0.0920398098087572,0.0460620368475546
33.696169754622,0.100597560695319,-0.0501870581455513
33.755299616751,0.109501053192894,-0.107834063932115
33.8144267118353,0.11847123912451,-0.114671693731855
33.8735529023467,0.127203383223851,-0.0853432673452784
33.9326804292734,0.135386378299809,-0.0291341666308034
33.9918118594732,0.142707320041884,0.0491554246197309
34.050949983213,0.148859778434829,0.14848888794539
34.1100976554208,0.153555296712463,0.271261701228561
34.1692575771682,0.15653918112758,0.423461405156133
34.2284320181076,0.157613350574208,0.6153862946525
34.2876224859741,0.156671578146781,0.862932666677824
34.3468293578755,0.153838193493466,1.15709985857405
34.4060515494217,0.149743515530792,1.47861054297728
34.4652863606467,0.145239875900353,1.82278211027295
34.5245294697473,0.141305041787922,2.16502855323619
34.5837750360232,0.138991638206219,2.45605054777325
34.6430159084511,0.139301964764769,2.63129122316311
34.7022439325729,0.142997130855252,2.64166526099693
34.7614503436386,0.150422902967692,2.48647284235922
34.820626230057,0.161461983175602,2.21433412674496
34.8797630480744,0.175636994839023,1.89118366500345
34.9388531673853,0.192235245880743,1.56349538026424
34.9978904527352,0.21030004219564,1.26077514792973
35.0568708836061,0.228829758221075,0.99782748903577
35.1157930998929,0.246868248890752,0.774632501145078
35.1746587929176,0.263516911456447,0.584671149648062
35.233472898946,0.277932250757732,0.419324820178211
35.2922435610456,0.289322635033117,0.269562816833458
35.3509818359489,0.296949830363771,0.126106860868509
35.4097011370402,0.300137215130737,-0.0213275391553909
35.4684164226074,0.298285879112148,-0.185662075742551
35.5271431593519,0.291130529771325,-0.361913884976762
35.5858961256393,0.279440346618512,-0.542778485180826
35.644688268173,0.264300399880125,-0.738869559577175
35.7035298678628,0.246859326793906,-0.957712876809049
35.7624280738336,0.228311470364483,-1.20199443168954
35.8213867841394,0.209872161059706,-1.46508700150437
35.8804068265923,0.192729476862847,-1.72399923418405
35.9394863767636,0.177949598570015,-1.93313874802351
35.9986215412935,0.166322138504704,-2.02788903282274
36.0578070327022,0.158176958849838,-1.94669060723264
36.1170368627023,0.153252821777455,-1.71648283340489
36.1763049006911,0.150833832783564,-1.41248798862725
36.2356051030357,0.150192382262471,-1.06839368014872
36.2949315551889,0.150741009926173,-0.71090251455649
36.354278440559,0.152083527092914,-0.356756895187319
36.4136399633829,0.1540303093855,-0.0153100820148111
36.4730102482321,0.156592312577424,0.307090774446727
36.5323832380326,0.15996383129242,0.603252016865767
36.5917526119121,0.164496386631372,0.862969673146296
36.6511117437863,0.170661083762561,1.07328903301688
36.7104537246145,0.178916947980215,1.2027124229225
36.7697715201524,0.189366712081722,1.23926989384391
36.8290583352137,0.201872968653644,1.20476724271284
36.8883080530622,0.216120293533423,1.1238271045455
36.9475156659669,0.231643786024823,1.01830110527699
37.0066776650616,0.24787085233382,0.904374550025098
37.0657923541766,0.26416026777092,0.792294145313925
37.1248600490687,0.279832179539423,0.68752563047862
37.1838831229599,0.294189205122589,0.592246752370108
37.2428658616814,0.306531318354501,0.506602317244498
37.3018141007619,0.316289822713126,0.438477326275094
37.3607347241256,0.323411653891346,0.391975822894485
37.4196352538322,0.328003056574434,0.362436493509642
37.4785235086007,0.330199795192483,0.346960107324662
37.5374072841176,0.330160577142642,0.343843908557741
37.5962940703777,0.328062644881284,0.352242844378653
37.6551908210205,0.324098831496205,0.371964755654952
37.7141037863706,0.318475833373046,0.403343804550594
37.7730384189478,0.311413714994323,0.447154605793006
37.8319993576125,0.303146811055319,0.504535619673686
37.8909904902081,0.293945377356308,0.564939876679432
37.9500149963982,0.284161577389318,0.615127237510023
38.009075220112,0.274141816135352,0.651580383951877
38.0681725423616,0.264192070403265,0.669763853178184
38.1273073436692,0.254566816969329,0.664347918639361
38.186479041744,0.24546130113621,0.629566290346227
38.2456861858541,0.237009687103607,0.559665139436304
38.3049265907743,0.229292059588585,0.449359790678488
38.3641974960654,0.22235319157843,0.294234931059231
38.4234957407092,0.216235395360584,0.0911507455813951
38.4828179449461,0.211019062932856,-0.132525079053387
38.542160605667,0.206851312384063,-0.343467192058391
38.6015199586198,0.203973151288358,-0.532868745222113
38.6608917706399,0.202693351249158,-0.689931616079928
38.7202711686725,0.203346031694193,-0.803396485265357
38.7796525171469,0.20624527473684,-0.864309646642398
38.8390293481739,0.21164441979131,-0.868990283853421
38.8983943467492,0.219709657021717,-0.820638970227866
38.9577393918412,0.230514615268206,-0.728601550778901
39.0170556539305,0.244055633982546,-0.605709354692607
39.0763337558139,0.260185400537382,-0.468357737114195
39.1355641308932,0.278355489256256,-0.331689315586352
39.1947377436721,0.297920836886374,-0.202646507855603
39.2538468681481,0.318248794420184,-0.0834084664343161
39.3128857458327,0.338725872360263,0.0267922574019752
39.3718510887277,0.358761506527234,0.13032517377624
39.4307423981689,0.37779290047778,0.230359612987863
39.4895620729726,0.395293656982783,0.330477401745269
39.5483152858599,0.41078794872465,0.434553195135235
39.6070096159046,0.423871488912342,0.546788841760183
39.665654440637,0.434358349730128,0.649347264439678
39.7242602138332,0.442602248981548,0.723557752290004
39.7828379302079,0.449025274305818,0.771242137715732
39.8413987823663,0.453951032575318,0.793144843022206
39.8999539317891,0.457579393410589,0.789640307673748
39.958514360491,0.459973118400405,0.761100824189805
40.017090762381,0.461057296205423,0.707963950067384
40.0756934281022,0.460631679353755,0.630532699509155
40.1343320775354,0.458395114373625,0.528548132080216
40.1930156001917,0.453980883270207,0.400566065435735
40.2517516756162,0.447095803961146,0.266902999724727
40.3105462837481,0.437872922715421,0.147051936176029
40.3694032287934,0.42663559601578,0.0376973370819981
40.4283238092376,0.413777619211721,-0.0635249278754936
40.4873066751887,0.39973459348226,-0.158021483201088
40.5463478847167,0.384960537732899,-0.246189610332144
40.6054411580688,0.369907928821119,-0.327322991782047
40.6645783187337,0.35500969909032,-0.399505588128412
40.7237499030841,0.340662178398154,-0.459551376401781
40.7829459155287,0.327208729459638,-0.503068969837257
40.8421566954836,0.314881258317671,-0.531634719307712
40.9013736654995,0.303681373034952,-0.548901413416197
40.960589584016,0.293546668525913,-0.552889490461314
41.0197985718405,0.284397729740021,-0.54179713504979
41.078996101479,0.276137559247742,-0.514088168948772
41.1381789557355,0.268653302833456,-0.468526933282182
41.1973451545562,0.261820542945172,-0.404144739765788
41.2564938498073,0.255510275856712,-0.320139312368769
41.3156251887152,0.249598587384855,-0.215728858088388
41.3747401480558,0.243979040370903,-0.0900031841869955
41.4338403437264,0.238582846116462,0.0367913233348405
41.492927843831,0.233405818971363,0.141916888960757
41.5520050309585,0.228482432340406,0.222555508641705
41.6110744886112,0.223858426289118,0.275720808190006
41.670138893566,0.219572000563635,0.298425058121123
41.7292009128115,0.215640839382443,0.287908368104315
41.7882631021753,0.212056399326305,0.241821258243088
41.8473278026223,0.208786766237657,0.158277324377658
41.9063970303486,0.20578906239279,0.0357649055259087
41.9654723582069,0.20303202544956,-0.126979608676768
42.0245547903301,0.200532770915132,-0.301863449042327
42.0836446755754,0.198387705424054,-0.458228806155625
42.1427417355508,0.196736238581368,-0.592769618811496
42.2018451503942,0.195730225065602,-0.701700916165782
42.2609536644027,0.195510038277366,-0.781354454443615
42.3200657095066,0.196183022105202,-0.828985928255309
42.3791795436739,0.197806418173135,-0.84352412298964
42.4382933992944,0.200376870649603,-0.825971755765283
42.4974056350722,0.20382774172596,-0.779287605754149
42.5565148839328,0.208034010015325,-0.707793350738183
42.6156201888059,0.212817801483259,-0.61890867526135
42.6747211144484,0.217949926054094,-0.519622716580791
42.7338178196256,0.223185263667074,-0.4132558335953
42.7929110859648,0.228280312751417,-0.301863446713157
42.852002301843,0.233003009189021,-0.186259997112704
42.9110933985287,0.237141506805789,-0.0661330858406478
42.9701867375235,0.240512701264912,0.0598246510358196
43.0292849503056,0.242971453198094,0.193802533482817
43.0883907343026,0.244421596112195,0.338778264690975
43.1475066119129,0.24482997146584,0.498405799652634
43.2066346635883,0.24428838820096,0.659189148944691
43.2657762737255,0.243137094689243,0.804903203800164
43.3249319652646,0.241783856340741,0.933681942188749
43.3841013276446,0.240629579911397,1.04170815782778
43.4432830223551,0.240040863575006,1.1240735506429
43.5024748592807,0.240321954093067,1.17596006710484
43.5616739335857,0.241689203447091,1.1939491470511
43.6208768096111,0.244252339467553,1.17707040001251
43.6800797358746,0.248006434324655,1.12719360927241
43.7392788737381,0.25283624793014,1.04861022889806
43.7984705222664,0.258527248368233,0.956393819243097
43.8576513371571,0.264795056670767,0.864723459752317
43.9168185513476,0.271350580589021,0.776778832862687
43.9759701595453,0.277916225131376,0.694540023743587
44.0351050462788,0.284229098832955,0.619035546912599
44.0942230544264,0.290042237054135,0.55060842697043
44.1533249924951,0.295124679120455,0.489148101498274
44.2124125797344,0.299261010008827,0.434269762685073
44.2714883291422,0.302250747077173,0.38544185580847
44.3305553695518,0.303907763799944,0.34207054741786
44.3896172100723,0.304098902732984,0.305791283218719
44.4486774745544,0.302861584659114,0.277758263459745
44.5077396723416,0.300285843876499,0.256957916038954
44.566807013356,0.296472129165145,0.242728214191777
44.6258822598607,0.291528495752249,0.234696108517158
44.6849676182556,0.285568341267713,0.232736473837599
44.7440646735653,0.278708617902369,0.236946845846576
44.8031743680623,0.271068502618304,0.247633443024793
44.8622970244166,0.262768540419041,0.265304439823749
44.9214324128857,0.253930300264679,0.290666075758478
44.9805798594876,0.244677722515269,0.32103723052595
45.0397383467875,0.235140461851039,0.35310153754224
45.098906531002,0.22544919625592,0.386625724463632
45.1580827479968,0.21573329897014,0.421148660839083
45.2172650513644,0.206119624836496,0.455904989000121
45.2764512804241,0.196731120974253,0.48973912282603
45.3356391539506,0.187685195091528,0.521019570229429
45.3948263854153,0.17909181173979,0.547571457388036
45.4540108156012,0.171051362841469,0.566653850026731
45.5131905586578,0.163652481858179,0.575014719244755
45.5723641565049,0.156950800773589,0.574756340628636
45.6315307010138,0.150915491414826,0.570241648609002
45.6906898560571,0.145497085102092,0.561405817091015
45.7498418290211,0.140648481835624,0.548314429416473
45.8089873279997,0.136325202898575,0.531163919622186
45.8681275077406,0.132485609317502,0.510274431881549
45.9272639058254,0.12909107713567,0.486076019727676
45.9863983704037,0.126106125235554,0.459089673756516
46.0455329806695,0.123498497405763,0.429904971256137
46.104669961136,0.121239206464001,0.399156185740688
46.1638115904966,0.119296621426892,0.381065221873945
46.2229601016444,0.117624261576239,0.39104302107618
46.2821175656041,0.11618828857197,0.43102733047941
46.3412857655079,0.114976579717494,0.502290669122287
46.4004660664245,0.114004139149424,0.605293232811845
46.4596592835766,0.113322445613238,0.739259015995663
46.5188655517903,0.113032402252282,0.901343444948025
46.5780841998449,0.113299660635851,1.08532584840116
46.6373136345615,0.114369547500402,1.28002708831155
46.6965512410095,0.116576651984483,1.46822156733763
46.7557933099832,0.120306340144309,1.59457872769108
46.8150350736528,0.125801611099393,1.62052645800521
46.8742709642095,0.133126309886721,1.56145688429904
46.9334949701677,0.142178568107188,1.44328539598919
46.9927010088412,0.152719092319695,1.29351229354565
47.0518833012181,0.164415007378587,1.13437624922435
47.1110367362134,0.176880870597316,0.980418907089043
47.1701572097267,0.189708072979362,0.839306365860344
47.2292419229929,0.202482186300761,0.71387351250594
47.2882896244129,0.214791580416846,0.604074832862827
47.3473007787628,0.226258616789935,0.511462704039431
47.406277634247,0.236627407178493,0.43549141696785
47.4652241633539,0.24568587574953,0.372468588595209
47.5241459170083,0.253236016910026,0.319535163858542
47.5830498116832,0.259092183780766,0.274460391782371
47.6419438511955,0.263080487525095,0.235474630871323
47.7008367860749,0.265038831658593,0.201134726794198
47.7597377154539,0.264817194155502,0.170211919548243
47.8186556385761,0.262277842635925,0.14159013288053
47.8775989652044,0.25729523741315,0.114159446734709
47.9365749973482,0.249858599355878,0.0884418718321622
47.9955894286871,0.240378719069329,0.0645825124926248
48.0546459767041,0.229373082468972,0.0410789532464116
48.1137461850999,0.217358670795559,0.0166531439401883
48.1728893797759,0.204849409553536,-0.00978583646801594
48.2320727644648,0.192354863035256,-0.039062491503051
48.2912916390475,0.180379840929059,-0.0715078401909944
48.3505397218277,0.169424290707918,-0.10655821058376
48.4098095571692,0.159982608197175,-0.142222389884368
48.469092991804,0.15254151757386,-0.174635110946523
48.5283817041216,0.147458692213187,-0.196007333723553
48.5876677084495,0.144608677279721,-0.200530108065135
48.6469436878813,0.143739343115223,-0.187719072638499
48.7062032165524,0.144592074055917,-0.159322784818787
48.7654409355025,0.146905227255007,-0.118538902210699
48.8246526916993,0.150417886489737,-0.0690142247526278
48.8838356445755,0.15487293984582,-0.0140157576104237
48.9429883420644,0.16001910833937,0.0440461037144213
49.0021107662114,0.165612099046623,0.103763596745062
49.0612043470033,0.171415347562972,0.164667029946168
49.1202719406449,0.177227271235905,0.219666129007863
49.1793177347994,0.182959313044705,0.262845840443235
49.2383470315722,0.188551865698233,0.29597247885395
49.297365977651,0.193945149337301,0.320622543981622
49.3563812795152,0.199078084913952,0.338191277892856
49.4153999043101,0.20388815226354,0.349905475613244
49.4744287654743,0.208312001234267,0.356836726137788
49.533474392274,0.212286631940202,0.359913902645131
49.5925425825391,0.215751006652328,0.359934711780196
49.6516380381024,0.218648003271489,0.357576313400725
49.7107639853649,0.220980906543519,0.353942173174612
49.7699218515742,0.222976097942664,0.348660945824967
49.8291111330502,0.224916480309506,0.34020074275889
49.8883293836416,0.227084909425463,0.327179676381077
49.9475722648214,0.229762258661722,0.308452611632542
50.0068336559363,0.233225496102483,0.28323492847445
50.0661058259077,0.237745872882026,0.251233879924342
50.1253796684575,0.243587394677886,0.212749531055696
50.1846450042419,0.251005778176454,0.16870710312443
50.2438909550926,0.260248040550133,0.120595652793455
50.3031063997597,0.271438587284645,0.0756509225449604
50.3622805585996,0.284235560314123,0.0402174303143516
50.4214037172187,0.298170141890157,0.0139589222501809
50.4804679241008,0.312759842834343,-0.00411962805142409
50.539467583655,0.32750818787117,-0.0152419316042337
50.5983999236549,0.341904964490566,-0.0205883015689897
50.6572653155406,0.355427568186397,-0.0211501240293711
50.7160674251097,0.367543890379799,-0.0176651415061462
50.7748131721591,0.377716995460802,-0.0105931306947922
50.8335124808348,0.3854115577399,-0.000101392248271202
50.8921778058797,0.390233614243018,0.0130728728983074
50.9508233944267,0.39233637796719,0.0284313604580314
51.0094643287983,0.392031200981559,0.04639852052675
51.0681155917882,0.389654230773959,0.0673957097148034
51.1267912526058,0.385563221354688,0.0918261333602732
51.1855037889735,0.380133959784309,0.120043790581716
51.2442635530451,0.373756787497326,0.152302386482957
51.3030783841731,0.366833571558091,0.188680081036678
51.3619533677298,0.359775286211749,0.228978111123056
51.4208907363846,0.353000120238438,0.272597282105446
51.479889910396,0.346877774015281,0.315404153201095
51.5389477119872,0.341559961565045,0.353358900274243
51.5980587779215,0.33712984007222,0.385630652462637
51.6572160378678,0.333651233091158,0.41145155943485
51.7164111978798,0.331165556781412,0.430186728940453
51.7756352241498,0.329689363284033,0.441398691067247
51.834878824203,0.329212733693671,0.444894075300881
51.8941329225973,0.329698689246769,0.440742767413132
51.9533891280525,0.331083686261556,0.429265319761665
52.0126401887627,0.333279143757204,0.410991178201498
52.0718804266296,0.336180390697054,0.38919238667182
52.1311060018873,0.339700759916983,0.366960893590493
52.1903147770592,0.343773326648303,0.344623253913673
52.249506018854,0.348346562021413,0.322440176729579
52.3086800872819,0.353383729595612,0.300614208210423
52.3678381208536,0.358862585657172,0.279298084456125
52.426981721012,0.364775375877845,0.258602991812742
52.4861126391328,0.371129103936401,0.238606317148667
52.5452324696752,0.377946034568664,0.219358698573123
52.6043423533677,0.385264383479045,0.200890321160809
52.6634427012618,0.393106074392302,0.180085072363164
52.7225331048242,0.401365764837373,0.154374019397264
52.7816126680098,0.409889241771415,0.124503672843248
52.840680459478,0.418505657002479,0.0910687586536069
52.8997359061704,0.42703061175131,0.0544887400214707
52.9587791141873,0.435269848126858,0.0149957515251864
53.0178111100599,0.44302349711478,-0.0273702504499526
53.0768339963792,0.450090887538867,-0.0727633415344414
53.1358510170407,0.456275958490251,-0.12153421194992
53.1948665291632,0.461393342516972,-0.174236417316501
53.2538858773918,0.465318184716544,-0.228976940444678
53.3129150876546,0.468125456675137,-0.283761206433306
53.3719602882929,0.469970063127096,-0.339005757489782
53.4310270720236,0.471044489876836,-0.394927461656455
53.4901199141855,0.471578096663422,-0.451521885367966
53.5492416630867,0.471836055631333,-0.508531441775913
53.6083931134598,0.472117764511909,-0.565408864181825
53.6675726730689,0.472754494001571,-0.621285110783652
53.7267761316621,0.474105949663602,-0.674955004670505
53.7859965408115,0.476555376944362,-0.724897338013766
53.8452242221998,0.480456734023315,-0.760217614124924
53.9044471398978,0.485934444402862,-0.771788671507586
53.9636519605105,0.492919521732661,-0.761342175225844
54.0228253396445,0.501181020292425,-0.731496320375701
54.0819551416887,0.510336245628818,-0.685367484057463
54.1410315320201,0.519869978568575,-0.626102004721928
54.2000478893807,0.529159447078496,-0.556446794251111
54.2590014875739,0.537502375685143,-0.478425580801704
54.3178938999072,0.544146494194674,-0.393124715017749
54.3767310876112,0.548319890488565,-0.300544533307733
54.4355231400864,0.549385220877979,-0.209675183206617
54.494283545816,0.547257463642816,-0.128040405498864
54.5530279554533,0.542072989542027,-0.0530305616842112
54.6117728711846,0.534054577969889,0.0174294221430685
54.6705344731686,0.523494305295625,0.0849964193775066
54.7293276214542,0.510737608243719,0.150986335262468
54.7881650555071,0.496168438272216,0.21641376123448
54.8470568034263,0.480195664431443,0.281995181153039
54.9060098036693,0.463240879397674,0.348116005290305
54.9650277340241,0.44572760095186,0.414762040493748
55.0241110353411,0.428068316708922,0.478595361878706
55.0832570982329,0.410640965138532,0.535138118834132
55.1424605654045,0.393779840200277,0.581741009696981
55.2017137435252,0.377764870089863,0.615048145941668
55.2610071105059,0.362809606492704,0.631147994661035
55.3203298909211,0.349051492192901,0.625829038217458
55.3796706731074,0.33654631308627,0.594901031440976
55.4390180440179,0.325269255189176,0.534498523965018
55.4983612215598,0.315125061626155,0.441264881045319
55.5576906688652,0.305969385180816,0.31235007366076
55.6169986743833,0.297629405361616,0.165764942433522
55.676279733896,0.289923783937368,0.0227560830998249
55.7355304745419,0.282748125453683,-0.114556718471784
55.7947493806351,0.276077911359525,-0.244010983889937
55.8539364968021,0.269949705733373,-0.363134123228649
55.9130931282464,0.264441403737299,-0.469015225553062
55.972221546583,0.259651985984157,-0.558356400821642
56.0313247053557,0.255681483250351,-0.627718295730261
56.0904059656972,0.252612324531165,-0.673927708603462
56.1494688296445,0.250493714723449,-0.694554351435526
56.208516680225,0.249315897533073,-0.687854369651256
56.2675526171647,0.248956830313261,-0.654056964307262
56.3265795261833,0.249223498004122,-0.595307610628394
56.3856002093512,0.249876311245474,-0.514315645055869
56.4446174698882,0.250644118679621,-0.413674660630968
56.5036341404943,0.251241930349921,-0.295236639088919
56.5626530503322,0.251390128326098,-0.159617474262854
56.6216769287479,0.250834916810897,-0.00584195064467579
56.6807082475997,0.249370903715056,0.16889888013633
56.7397490086472,0.246867909199266,0.369382879243497
56.7988004901748,0.243349558162235,0.574827563703682
56.8578630330737,0.239126331903203,0.760875888444018
56.9169360080359,0.234593450531161,0.926091358145925
56.9760179120119,0.230137731370561,1.06637468965889
57.0351065390468,0.226095638347246,1.17594127728766
57.0941992123368,0.222713017885745,1.24882592650641
57.1532930605471,0.220110626850925,1.28064095479858
57.2123853172136,0.218261297570331,1.27000078621293
57.2714736196109,0.216983613078404,1.21899240394253
57.3305562827808,0.215953309303952,1.13244199862194
57.3896325236509,0.214773076687956,1.0305078845525
57.4487025720344,0.21316711165561,0.929956393095313
57.5077676038079,0.210919268949293,0.830970354900309
57.5668295931535,0.207837684975506,0.732906922832956
57.6258911388383,0.20375390536481,0.634325875020433
57.6849552716112,0.198522001951735,0.532911694202108
57.7440252485761,0.192018142873981,0.425233613186699
57.8031043411361,0.184141144944614,0.306250042241472
57.8621956238788,0.174814806919736,0.168378932022938
57.9213017725626,0.163993471085609,-0.000221505210939274
57.9804248796435,0.151733505134441,-0.205390514486826
58.0395662864954,0.138390126927967,-0.456029124922293
58.0987264414459,0.124454062479133,-0.77835251816183
58.1579048315811,0.110519351959156,-1.20465410932395
58.2170999986222,0.0973302747419908,-1.76429502127598
58.2763096266847,0.0858374037596051,-2.44858088132895
58.3355306866594,0.0772022856731304,-3.1322316035216
58.394759620739,0.0725960343093157,-3.51965881911262
58.4539925505692,0.0726843172716582,-3.33492611128275
58.5132254936077,0.0771734742947736,-2.65180245577824
58.5724545746318,0.0849716571980575,-1.85171095903808
58.6316762246737,0.0947513519169923,-1.20331662157708
58.6908873583312,0.105530238220064,-0.738994352570134
58.7500855143323,0.116666932009481,-0.424330191018808
58.8092689567308,0.127726716223466,-0.217974342763901
58.8684367368799,0.138384031595743,-0.0875742341117455
58.9275887139183,0.148365264271776,-0.0106529423450638
58.9867255297662,0.157418260445585,0.0276892992923966
59.0458485337523,0.16529751680228,0.0369766670103102
59.1049596519819,0.171758354151239,0.0228781657878959
59.1640611989484,0.176609796104245,-0.00277221877648951
59.2231556701413,0.179876454219785,-0.0311781408204452
59.2822456000824,0.181638967246861,-0.0635382907656279
59.3413334560996,0.181981169157653,-0.101151686113563
59.4004215409109,0.18099091694453,-0.145520942870521
59.4595119077071,0.178761240474575,-0.198455617362729
59.518606292125,0.175391999602251,-0.262185442833217
59.5777060648479,0.170992306752989,-0.339486507857765
59.636812207978,0.165684069251602,-0.433812520129602
59.6959253178096,0.159607127366199,-0.549400407379802
59.7550456353161,0.152930863451974,-0.67822573220454
59.8141730845221,0.14586383074429,-0.809039649950283
59.8733072863144,0.138620971505245,-0.940639120608125
59.9324475825586,0.131408873771565,-1.06991204771124
59.9915930880205,0.12441551561147,-1.19155493770637
60.0507427650069,0.117797519181686,-1.29809665907671
60.1098955141114,0.111665411376784,-1.38048518749519
60.1690502741731,0.106068628234994,-1.42935924056766
60.2282061246302,0.100983271543841,-1.43676944576041
60.2873623838864,0.0963061665406735,-1.39766743114528
60.3465186967589,0.0918946108248585,-1.33253676072452
60.4056750741073,0.0877129510974072,-1.26067276953549
60.4648318365055,0.0837710296590798,-1.17687696513717
60.5239895247995,0.0800890852584551,-1.07492077314124
60.5831488134714,0.07669395290369,-0.947934828149977
60.6423104283713,0.0736180204134108,-0.789006583185371
60.7014750688127,0.0709019281747509,-0.592086952300117
60.7606433340612,0.0686018989022863,-0.353384717430523
60.8198156545103,0.0668020591338784,-0.0735300956576398
60.8789922283203,0.0656308247181596,0.239260454769682
60.9381729656066,0.0652399266887493,0.547666180378215
60.9973574565812,0.0656933915652007,0.80996257420392
61.0565449846033,0.0670567881510512,1.00705120638431
61.1157345569294,0.0694037547378643,1.12798723971081
61.1749249396076,0.0727873768619964,1.17292347386907
61.2341146975479,0.077220951707142,1.1527002106962
61.293302240495,0.0826715867750393,1.08482503586072
61.3524858748026,0.0890648696235971,0.988104276254761
61.4116638601821,0.096295531071184,0.878540791777008
61.4708344699544,0.104239024783104,0.767567568942167
61.5299960538999,0.112728285204262,0.667073110059316
61.5891471278396,0.121464783144104,0.586041734022183
61.6482865220783,0.130124672864179,0.525430718896178
61.7074135279763,0.138392906214411,0.484427571389394
61.766528005308,0.145963089471997,0.461875185804319
61.8256304420942,0.152537637115869,0.457070821779131
61.8847219608629,0.157828881339568,0.470254180103985
61.9438042670971,0.16156161151448,0.503025610829868
62.0028795381014,0.163477616460178,0.558890876691583
62.0619502536748,0.163343226818931,0.644146711199366
62.1210189742885,0.161060742883808,0.752404525597076
62.1800880935892,0.156964816565985,0.87240611286475
62.2391596361047,0.151502147495653,1.0049237473312
62.2982351346524,0.14512459536319,1.14856115106624
62.3573155852059,0.138281140717274,1.29858742785607
62.4164014740776,0.131403756873914,1.44557785572435
62.4754928686015,0.124884840522888,1.57451155279415
62.5345895595793,0.119045393736978,1.66543240278166
62.5936912418765,0.114097318309639,1.69668611170684
62.6527977187105,0.110109377947901,1.65036214882616
62.7119091131948,0.106964610082101,1.52595085915131
62.7710260194728,0.104307576782228,1.33883112354139
62.8301494903555,0.101685921125645,1.10114420124734
62.889280933973,0.0986282200863748,0.819384681320524
62.9484219709769,0.0946883627967501,0.487826935634493
63.0075742578253,0.0894868533635768,0.0808754221339142
63.0667392837906,0.0827625173281316,-0.460909508793652
63.1259181541043,0.0744691332357245,-1.26067136373549
63.185111376946,0.065004240694061,-2.55778161194716
63.2443186777984,0.0557854735573012,-4.67962467731998
63.3035388697501,0.0503856186984439,-7.0296288777948
63.362769783969,0.0539899119696632,-6.97496966584706
63.4220082436879,0.0680907019310089,-4.76636451822955
63.4812501427412,0.0896839685243684,-2.88702112970534
63.5404906444069,0.11572744686069,-1.77446173819765
63.5997244721149,0.144355417030509,-1.14162980042972
63.6589462531688,0.174395587321608,-0.767625166556093
63.7181508698904,0.204994675260686,-0.534915827415997
63.7773337681402,0.235446872165077,-0.382854465471824
63.8364911709814,0.265119450211517,-0.279024936619464
63.8956201508675,0.29349552630102,-0.204889951822881
63.9547186553282,0.320379191280035,-0.148955232722825
64.0137857196749,0.345654333415582,-0.104497375305919
64.0728216916144,0.369205132043434,-0.0674284698210488
64.1318283394712,0.390915855203699,-0.035111961964874
64.1908088379207,0.410672686240145,-0.00574584727968477
64.2497676317723,0.428366904453704,0.0219794298025716
64.3087101800026,0.44389898506447,0.049082555155683
64.3676425841633,0.457183289074012,0.0764181123933559
64.4265711074403,0.468153073588022,0.104762703766824
64.4855015986975,0.476799822736637,0.132124652658054
64.5444389819829,0.483267801925718,0.156547538706431
64.6033870945843,0.487729203835037,0.178665151078227
64.6623486991902,0.49034301141367,0.198938212215256
64.7213255410763,0.491251293788405,0.217711685450844
64.7803184472558,0.490575943540238,0.235255039098036
64.8393274674866,0.488415912234203,0.251792134363876
64.898352054937,0.484845008572186,0.267524921564953
64.9573912827601,0.479910322990963,0.282653755093058
65.0164440917966,0.473631339983915,0.297396445183102
65.0755095593246,0.466020273877694,0.310094111930447
65.1345870669371,0.457150102880376,0.318708307220118
65.1936761942979,0.447102652459289,0.322805802955082
65.2527765526351,0.43594674863626,0.321799786715769
65.3118876782843,0.423735744869691,0.314923104800101
65.3710089858175,0.410505831783265,0.301182096678197
65.4301397752096,0.396275306138492,0.279282059027096
65.4892792877601,0.381045031109321,0.247509845561435
65.548426806224,0.364800420890633,0.20355019411431
65.6075817958114,0.347515465314285,0.144197643842218
65.666744078374,0.329193578574826,0.0750300368718259
65.725913893676,0.309988463154537,0.00306299936375606
65.7850916368098,0.290120610491896,-0.0738244922362793
65.8442775434761,0.269839999989376,-0.157982345466899
65.9034714745227,0.249421275750594,-0.251973574545635
65.9626727966829,0.2291604251877,-0.358446274132211
66.0218803472623,0.209372529974033,-0.4797750658289
66.0810924682613,0.190389778336401,-0.617273617146807
66.1403070939955,0.172558248265122,-0.769696258406931
66.1995218756501,0.156230914836846,-0.93076515470873
66.2587343268134,0.141716218828358,-1.0953838076821
66.317941983547,0.129155421438071,-1.25752584409735
66.3771425710662,0.118629851471002,-1.39850464911907
66.4363341408946,0.110175799691392,-1.49419077507593
66.4955151661435,0.103757084315075,-1.52039887293587
66.5546845966643,0.0992449488830392,-1.46107154263293
66.6138418765595,0.0964175023578046,-1.31471784918997
66.672986926865,0.0949842714905377,-1.09441895196498
66.7321200966174,0.0946292354982685,-0.821464919965944
66.7912420860057,0.0950578233016982,-0.517393404763028
66.8503538471744,0.096029039499226,-0.220105034458931
66.9094565003233,0.0973626521304153,0.0397952167088922
66.9685513219398,0.0989565244630883,0.258901440286543
67.0276397564788,0.100765942590804,0.436878393124936
67.0867234227666,0.102776874419905,0.574929402031483
67.145804116603,0.104983976883606,0.675244080018666
67.2048838107454,0.107373956485759,0.740886653611806
67.2639646520989,0.109914291036001,0.775743077063761
67.3230489548331,0.112546940642224,0.784341279847127
67.3821391873047,0.115186320925636,0.771523565542588
67.4412379504325,0.117747482885812,0.751074835246843
67.5003479541798,0.12023738878835,0.732726572600118
67.5594720110175,0.12268829513971,0.715385432844375
67.618613040466,0.125131990351813,0.69813367394314
67.6777740779575,0.127599068418041,0.680210734628225
67.7369582878627,0.130118309884165,0.661002452451941
67.7961689807744,0.132716169230269,0.64003443520664
67.85540963508,0.135416372731197,0.616966743906461
67.914683922807,0.138239632129851,0.591587741212982
67.9739957396864,0.141203477796578,0.563805711151001
