#spline3d 5 120 5 120
123.37894364176935 83.45547469447439 2.4343040783190659
122.8202700555448 83.227082036060395 2.6263960571739173
122.26090885746495 83.047727395578946 2.8730323037953887
121.72089858128248 82.858456142904046 3.1508494781403007
121.22782048513207 82.589416313948931 3.440498294673445
120.75733754707413 82.247317487511211 3.6960707843175329
120.27967586714864 81.882139239829456 3.898393144221163
119.78860106923987 81.510235232598561 4.051716953183691
119.2588003139054 81.167338848532594 4.1177054376106481
118.70288095289429 80.861595068609958 4.1347870263919839
118.13739264957276 80.590113858094441 4.2194694199845504
117.56199318398008 80.341147354096478 4.318677146204208
116.96333393659806 80.142260356667578 4.3719370011594201
116.34113780484594 79.995597035469117 4.3740537687733614
115.74894219519705 79.772507045459022 4.3301830412534699
115.23886775040161 79.390639260255909 4.3291223597257966
114.71956508863104 79.026988746062869 4.3401215500841293
114.18681420523151 78.686422411389003 4.3282400334055788
113.6579868564591 78.336659664938523 4.3283369756788046
113.10040629367775 78.036002615579108 4.3340861712694894
112.51880740536842 77.78386502121316 4.3203010514675251
111.93688568970859 77.531747210913139 4.3048607155102951
111.38423339170085 77.223467856008682 4.3376767230487667
110.85687043517208 76.883182947800719 4.4342842994421288
110.33452275754611 76.542048227436865 4.5449010269399155
109.83203368044016 76.171358830579749 4.6470554240914215
109.35269431312175 75.766423745526268 4.7358629217555146
108.86605199191771 75.367749325922091 4.8110301352405198
108.36823043761109 74.990641971232634 4.9157473135927372
107.86138519743164 74.633034643341134 5.0407142269722245
107.34648255559101 74.288876897416756 5.176688724095504
106.83301722590389 73.95567976832136 5.3507754671984866
106.37465301980912 73.622060528721008 5.6307180222323927
105.96925537574003 73.27819780992651 5.9816564909090131
105.60354251740381 72.905406944987305 6.3400416940805862
105.25181821247902 72.553762919021111 6.7320585571976963
104.88900474476621 72.278847079583983 7.1781819405094156
104.56770836838187 71.950780169290439 7.6108256382160393
104.30938126288254 71.540590388913031 8.0230215679750394
104.0638928350681 71.209020935147393 8.5037199176329121
103.86586087501129 70.907677585453968 9.0261040192464375
103.71257681997547 70.588762507721043 9.5528410396851786
103.57127913357519 70.327157386213287 10.111850649312846
103.45262005199193 70.122324635177208 10.700812929059378
103.37699037547195 69.886976915803757 11.284855186984968
103.30996329381304 69.68040616934023 11.878517876507933
103.2067220263864 69.560656385513681 12.49331954743605
103.11473918066724 69.455869570912554 13.111759542478891
103.05015985595469 69.352361681475259 13.733378029026531
102.9983146897971 69.289090334791567 14.36134235145677
102.92956633702917 69.287439784722167 14.99113226187799
102.86102808533249 69.310936216678527 15.621718886836907
102.78975181869149 69.381172902417006 16.247993193862985
102.67003870526777 69.533078331025479 16.851718825244475
102.51358025072429 69.683649353670688 17.447547074037544
102.34309103329375 69.795123935942499 18.047127145161987
102.12212590533615 69.912640080894761 18.630086161632086
101.86470598202946 70.08372770695803 19.185453744391136
101.61821048178483 70.321280403884288 19.714523758692319
101.3303016494538 70.546315419269135 20.236088027208353
101.01198053581531 70.667734737463562 20.790494274014975
100.75381056146867 70.521036176948073 21.348137106771606
100.53178745795184 70.208600856006001 21.880563388425873
100.35920810592299 69.80716290719873 22.335108176366973
100.2295429145895 69.298591886034004 22.697879198926707
100.16248991964649 68.753203640396677 23.018276799391092
100.16640760503427 68.191607630898545 23.312664057646717
100.18056446430663 67.606870592657089 23.560063948321776
100.16436423856771 66.975516545344149 23.662541452888973
100.24250985727787 66.327947617734509 23.60763812020161
100.42460405414612 65.764426958233784 23.361551596531935
100.60308253359324 65.320181899642108 22.931355407011505
100.70068667641489 64.923398907051535 22.440884377988354
100.91005613694328 64.605754327695777 21.940864314649655
101.22977421276413 64.3216546065605 21.465163374422808
101.56201764916671 64.000912794946373 21.023642242824785
101.90804928080379 63.603077862417408 20.673474663894989
102.34534175173201 63.180574797899546 20.47311050164112
102.84261426887933 62.797114447982565 20.341862354590067
103.34664871771923 62.412689171175785 20.332990466899876
103.79408260274685 61.975833059433157 20.46195717063264
104.16553343829371 61.475190911302903 20.58192345242902
104.47234456481304 60.924560223042 20.704439972282895
104.69056083013821 60.407317397288196 21.006855325840942
104.80545340164198 59.979830453381162 21.48614948030939
104.81540698757429 59.619464889683002 22.005525869955786
104.71799153080006 59.265920683430288 22.524616994454743
104.57204190499476 58.951889952487839 23.067672849050897
104.41596252652714 58.872764705963682 23.689459671907386
104.14690905939388 58.973335334134397 24.268954581184531
103.74096118026615 59.125086621026909 24.742602525193295
103.29798192733655 59.342457572794345 25.139352701825601
102.85900212939765 59.643719959776639 25.486811390082156
102.44161536083548 59.994481333605187 25.811234978981439
102.05571164530855 60.394149594222263 26.113762207929135
101.69598003673489 60.783672519419859 26.463061955602381
101.39370808306441 61.183380650971145 26.853593715035277
101.21723773252614 61.650081278177254 27.255927563126065
101.11568187331405 62.195999267702341 27.567379397756145
101.0283953748441 62.790331303098874 27.774538117067813
100.92691330882208 63.376565623890649 27.99150993294602
100.82238517867617 63.963511987247372 28.204196006771461
100.74912765835087 64.582823245574076 28.327063096171837
100.70721512254289 65.214260076560578 28.386248473615655
100.70025570227919 65.847890954647255 28.398952335371657
100.76991901449213 66.477513530405417 28.416707044953043
100.91682054941823 67.094321891961172 28.462812855213475
101.13848165908294 67.685083905396482 28.553581784298085
101.40390049970541 68.229212580640393 28.744972093014567
101.6467402939261 68.73674963648395 29.04305509868697
101.86383398852409 69.221150227473899 29.393302581294964
102.09466855667634 69.642570861750471 29.805542754930986
102.35986994725887 69.989824073702835 30.270638016291056
102.71563068145403 70.27647262289176 30.710079601332016
103.11467865233337 70.543778754454124 31.124891632623353
103.47258954860263 70.781584630486861 31.590989623927449
103.80210018830799 70.960448191100781 32.10292399384695
104.11637599238111 71.08055966730862 32.64161442316945
104.43094170611593 71.18235197083375 33.178936745064533
104.76113391592526 71.301059850654269 33.687751718332663
