#spline3d 5 120 5 120
64.360630277017535 81.438432147536346 2.3144918120512585
64.781746282752167 81.263720775193377 2.6236139398407574
65.206255567763023 81.076224635258399 2.9344549177798704
65.631596157236146 80.858429791052316 3.2223031415014618
66.055074366707942 80.590931618974309 3.4607269745686358
66.475376398504821 80.271512439059379 3.6385132347962199
66.899088515097048 79.936706783257733 3.7725890138184615
67.336438921849322 79.613592366764564 3.8791953788225273
67.778997361334859 79.29975970560001 3.999215990235887
68.218529099502561 78.976975162481395 4.1115128634747133
68.654479189513637 78.635963006182493 4.1508086273503935
69.087512235695527 78.288550634288711 4.1061010208407298
69.522631782644169 77.948544254180106 4.0363386575373479
69.959175261496398 77.608178773205353 3.9964142089813617
70.375691492679763 77.241342203694629 3.9925402308349609
70.783002553703668 76.863260571054724 4.007502982914886
71.213454965204917 76.51342700808442 4.0115876505720953
71.669137151542145 76.19493973741109 4.0038130056260881
72.137331285212269 75.895191274045857 4.0050338751270109
72.618260390373152 75.6190613278348 4.021165775760732
73.115610832223979 75.373218059774331 4.0498536021511402
73.617166540522405 75.136794200734528 4.0943787327023289
74.120674669300485 74.920208329449267 4.181041984867794
74.62958819738769 74.740808672477073 4.3173450852007473
75.130936943114989 74.57814749580335 4.4967042026546329
75.598775643105299 74.382454631712719 4.7217184554751377
76.032889055867869 74.15095655330947 4.9858567736736878
76.468607954681218 73.952915017916482 5.2675311900443473
76.926056962111431 73.845959991772915 5.5609662553871075
77.365565656033667 73.755560555635682 5.8893268599924102
77.765317959744834 73.625624629411789 6.2542708301441623
78.124400539314536 73.473830562591232 6.651800555066635
78.44159171882815 73.330579435298191 7.0834605957131709
78.720356933800218 73.193437132973671 7.5444868371386908
78.982267017751767 73.047488674338538 8.0130092968479651
79.201119798398963 72.902612314732337 8.5013837128217702
79.386357985905448 72.781638702320421 9.0110769685033727
79.574732241792432 72.702044527310647 9.5277065704201132
79.770480805830999 72.650741022685665 10.045038965950742
79.953641589384048 72.605471231269732 10.567321422551878
80.106712611664946 72.558628709463122 11.099862474504134
80.218583055306397 72.518905302897437 11.642754978981555
80.283777174339917 72.49592204467092 12.193613298235645
80.342983412934615 72.46883396888073 12.744820176600077
80.431350235848086 72.427334590913659 13.291322075359748
80.531382739037554 72.395014393261633 13.836969673590605
80.615449644525441 72.372573430763012 14.385244554968684
80.672795677501625 72.329109310010239 14.935528948381593
80.71887834155379 72.27696901322696 15.487197599900963
80.75777265598407 72.258248204044165 16.041167077616873
80.795547757648933 72.295930831107086 16.594980487953006
80.867177459514423 72.361108106326157 17.142329955352235
81.004152389221161 72.385674129952051 17.679158107083019
81.185953031926246 72.375654924113661 18.206065433009268
81.385876587132927 72.346104918987308 18.723474480510593
81.586219079982683 72.270076948292981 19.236503177310446
81.738452599472865 72.161205618296037 19.758786951986959
81.826667706072072 72.02437377457241 20.290387938610145
81.897842865015818 71.859288277189833 20.819144920554933
82.013250661720917 71.649576025867574 21.3209513234107
82.167272020189657 71.349412091466135 21.764751254388049
82.338927426412198 70.982204781230053 22.148809705599923
82.527420509504665 70.572089657142826 22.472307322617958
82.712413681505296 70.13744504237016 22.763708336658485
82.890264530288789 69.688057682919649 23.038506083485935
83.078184607033251 69.222771876266506 23.279130324232899
83.271867954812976 68.731956595476689 23.454560470240576
83.442668445320223 68.213140823426613 23.562607350593019
83.585491446430098 67.681383935176413 23.639942406637903
83.70042191852545 67.142924578894821 23.706991519027902
83.787772762614239 66.597577604226728 23.774735607725049
83.836757250753053 66.045892037731363 23.833592603070411
83.812647454787609 65.492528885486365 23.870178009258581
83.712672841704318 64.946891498337735 23.910985683677577
83.579114556216965 64.410669710584983 23.978725939443532
83.412266605547543 63.886086577716632 24.06787037119993
83.174749562195217 63.39093217095855 24.160503315188876
82.860137084784128 62.948069101322666 24.278874453446509
82.507962830261164 62.55846760070358 24.467558767495291
82.151794491758423 62.206031204711977 24.718883196240061
81.771759213284568 61.926619619811632 25.013279640239279
81.378249475557993 61.74016434367212 25.360376733597597
81.016520264669737 61.602356346276231 25.759398534274311
80.66068104578116 61.510757472511372 26.178101994824111
80.269180223155388 61.505545926548933 26.582903451973195
79.918864077318034 61.631267224730955 26.998195518004607
79.713202119057286 61.915020825837644 27.43916299242704
79.592500873316226 62.308352542408322 27.830735266001881
79.457140085461191 62.762280010421549 28.12252539130375
79.318129925174574 63.247796789506545 28.352975310593767
79.211670457683724 63.748388343444333 28.56974329839197
79.152934153034849 64.258236537968642 28.785098244395428
79.145599306771643 64.770206273302051 29.003899928706307
79.182730792807604 65.263661204453769 29.256035257402239
79.211719685172653 65.72342335228538 29.565085243826672
79.225634486866497 66.176241017970469 29.887828995709246
79.265585291522683 66.662055747182833 30.1557743535868
79.334822371097559 67.179831449412035 30.34914798331403
79.419746368483928 67.714836385545496 30.480518697570801
79.492992534738093 68.252496896671559 30.59761276430995
79.515152910537651 68.786420331006312 30.74429695513745
79.500829599837289 69.3234921404472 30.889021019348569
79.483506240042615 69.869905598886177 30.990388672662402
79.464802762624473 70.422419013377365 31.047193419399662
79.440271216060623 70.976275852408222 31.080438018946136
79.420539640263812 71.527755706906518 31.131461911742907
79.418121483682825 72.077667697391135 31.214797955302004
79.410530078977928 72.62672849255523 31.312475327083739
79.329213703128488 73.164189153927154 31.419634325574886
79.161087929441024 73.685052604630172 31.523636993530797
78.948492106700698 74.194506112568988 31.608494858521833
78.708500212720921 74.68344601792036 31.713279336308808
78.440646742529836 75.130894440362894 31.902302156386554
78.152078685070876 75.524829868274196 32.175946485708302
77.847276018710275 75.847753677521695 32.517087686162355
77.508159271126658 76.08710672026659 32.890128035890292
77.118376460091085 76.226788429591821 33.262875124358608
76.688738320222072 76.282505532701435 33.618458111393736
76.238948873049537 76.285730116323876 33.946279230829099
75.787852331156103 76.266366099434265 34.235096268001826
