#spline3d 5 121 5 121
121.15301404069386 87.276474807636205 3.3863989642383756
121.10851203883556 87.069422972821343 3.8526805387672556
121.06566087160962 86.854901605153088 4.3222618550395318
121.00364378237796 86.63535918472742 4.7881577937927267
120.90131619142716 86.4129060892014 5.2431184853003581
120.74242758540854 86.192004145386235 5.6826545955818926
120.55317041377853 85.975581529136562 6.1149921360122432
120.34363182972373 85.745870959373576 6.5285701876669338
120.08530564523507 85.486660005352462 6.8937861949226118
119.78352803335271 85.215340431595692 7.2186052772282645
119.5015892832883 84.896726675667082 7.5084450629488648
119.24589176043163 84.524595565654508 7.7617318430866842
118.9558839160503 84.158869594046507 7.9871004537177113
118.62784681870951 83.814476011602736 8.1886549663733881
118.27902446833467 83.479144389126176 8.3718546574256383
117.92273038414875 83.14729327743521 8.5524150278052709
117.52544122468865 82.852947441180092 8.7044035955519767
117.07854730884875 82.604911934912437 8.787802064642479
116.60749048775715 82.387375700559332 8.820890547158557
116.13193836100621 82.191150702512587 8.8717179977934855
115.66651167447486 81.988754941466809 8.9678939861345945
115.22153502673888 81.7535213813251 9.0907822001402749
114.78534390773294 81.491838086624213 9.1836152060613259
114.34337307628928 81.224272608481627 9.2131047037003526
113.89193151669032 80.972411413321495 9.2364085809326557
113.43475275333374 80.735453982196077 9.2823853004442221
112.9809381056057 80.49373110678215 9.3358663926749319
112.5352276116777 80.233437069578841 9.3675838416686084
112.09334219093284 79.965007431189207 9.3929618837236042
111.65184228665684 79.703873135784022 9.4526563701869737
111.21438928291958 79.447340364171481 9.5550538375015517
110.76969607295349 79.197790392900657 9.638534723213052
110.32201205884108 78.945392261299787 9.6946385076180448
109.88413803600015 78.672974735411259 9.7374783842513892
109.45662872596998 78.381913573065034 9.7714691994927687
109.04215610976561 78.083930703158671 9.8464916330457388
108.63524965252542 77.793755674607183 9.9798663208525031
108.22600510695111 77.510796409966204 10.122446429822224
107.82210624838717 77.208539801292176 10.236849335237498
107.42708921101844 76.898660351183594 10.36105700493748
107.03996668403805 76.602618827200061 10.532030915338643
106.6555499762998 76.322321591558591 10.736131075214258
106.27164251975394 76.049417563442717 10.953074705531096
105.90525636757228 75.783574466886677 11.203630579617375
105.58150418533778 75.519751249980359 11.507614404736314
105.29923150212279 75.246682038289705 11.845412103509984
105.03367915664596 74.962511799593813 12.189414036179691
104.79045142865174 74.679869404581325 12.547442729539181
104.60492565157399 74.417876461704111 12.950670665929378
104.45395315994747 74.160611192183922 13.374378048175192
104.30652966057998 73.890572831275563 13.790625456426143
104.16255172551355 73.609867493660062 14.200800495228972
104.05008251419059 73.319649120394217 14.613352263251286
103.98223240643416 73.014179926489916 15.024198109436432
103.93659514654622 72.710624967680232 15.441694628672201
103.90296302162008 72.431711392506685 15.879201847217823
103.93734280559799 72.168655610243235 16.322514390593717
104.05736413815049 71.911920459388512 16.755844811494779
104.1949063355258 71.665855545700083 17.190671374579615
104.28851788633476 71.435132896203825 17.643282023586266
104.3831292907191 71.204838871337856 18.096449322421734
104.50881822419451 70.971201050326897 18.54048790782047
104.66471111491828 70.73000700863912 18.971651041142398
104.82984554377553 70.45762740162364 19.379458337974185
105.00199453446143 70.148312060777329 19.756674763934523
105.18049959194389 69.821574283858993 20.115660372727874
105.34962095360585 69.503863242964371 20.485058090828005
105.49713018146089 69.179599477420226 20.862166017710191
105.6250601463687 68.819142351349214 21.214484119467841
105.7315831692447 68.405238309414671 21.501919927022239
105.81999542404002 67.939055121872499 21.71002550953969
105.92518904689287 67.470785945412231 21.905039770064956
106.04366066310635 67.011524040466 22.108781248555154
106.1628224606533 66.550370685029932 22.311181505823463
106.2854328984655 66.085113766704225 22.504427412691918
106.34422515554536 65.613449182446629 22.699815879385341
106.31954748101371 65.134792487202347 22.898698687703316
106.25357090551502 64.658031576354617 23.096318795501787
106.16797945911054 64.203272244223214 23.324362962470357
106.07186454628572 63.779374300968492 23.603481556063262
105.95385961992646 63.370737712871417 23.900652311513713
105.79423850827419 62.969121018442387 24.183674459251414
105.61471504565601 62.593203929873603 24.489079648466177
105.44189127243632 62.249189621755235 24.83867563136781
105.26250393570118 61.954807173163935 25.228128485233881
105.01913861686072 61.740822344683927 25.630956459851774
104.70521028263059 61.577932660822128 26.012545164730433
104.35076059796997 61.433970919572857 26.365819229301373
103.97608503626672 61.328274476115098 26.703532212972434
103.57989998194348 61.299621406886438 27.033160972454503
103.17212386870267 61.326684772034213 27.355322323948197
102.75378315998357 61.390322751218179 27.657212631894058
102.35059255027828 61.514893191704601 27.952041958927257
102.00005171321818 61.708197346144814 28.278976862968939
101.69184088004026 61.933731988751525 28.632763192734711
101.41363696804126 62.178452912545644 28.994123013087865
101.16467715115735 62.463180818013171 29.344534282732617
100.93800622599169 62.783440094866464 29.682152930305538
100.72612650362582 63.1268845410899 30.008239762881466
100.54673179792105 63.497636276534379 30.320944859712892
100.43782516945815 63.906935558141399 30.618859956139076
100.40415548630482 64.332537644878187 30.914251766325282
100.43321697681108 64.752889689203798 31.216690921887356
100.49636273460727 65.157091344451544 31.533832807550422
100.55543162888421 65.53274120086563 31.883486838121598
100.58675441632558 65.879815502944666 32.267042947540816
100.63182585650972 66.2077420711569 32.663750175056599
100.74591644358543 66.529745855050038 33.051596159336654
100.89276647458669 66.877198796181119 33.407903780672044
101.03534029656278 67.264990538918525 33.72168775527134
101.1851070451882 67.681321914067112 33.989589295343748
101.37477811183716 68.105605334079371 34.216852247976476
101.5954200414178 68.528573649065208 34.420591657367808
101.84411758999445 68.941728943891746 34.605933653332798
102.12615065492454 69.342150113942267 34.770464421456133
102.40797382805626 69.738034217948112 34.947864892662743
102.69184338250211 70.123409982283334 35.144777170796594
103.01983299560762 70.476239582067379 35.3320875616701
103.39536146146064 70.782452042750933 35.517765693448275
103.81312372485887 71.03036324345959 35.718060768726865
104.2686519486075 71.208023205279346 35.948440812505112
