#fname degree numKnot L1 L2 L3 L4 MSE traceH AIC AIC0 GCV GCV2 cv_avr cv_stdev cv_error ts_avr ts_stdev ts_error sigma0 sigma_opt
00004517.nii_L_ICA_labeled_d5_cp120_lmd1d0.000_lmd2d0.000_lmd3d0.000_lmd4d0.000 5 120 0 0 0 0 2.0653702235083e-005 120.000000000001 -141.860733068313 1888.89419282122 -0.00650988177200053 0.0104724185027897 0.250442510921635 0.626238929880041 0.957907625861553 -0.0383713398385224 5.6723039667669 5.67560667215756 1 4.25847517966589e-005 
00004517.nii_L_ICA_labeled_d5_cp121_lmd1d0.000_lmd2d0.000_lmd3d0.000_lmd4d0.000 5 121 0 0 0 0 2.17188635938742e-005 120.999999999999 -131.801453257745 1894.89441863542 -0.0065430081686525 0.0108570794886457 0.248917371079809 0.620827504924802 0.955537515529912 -0.11653190434489 4.60776014512724 4.61576692818309 1 4.20748542234617e-005 
00004517.nii_L_ICA_labeled_d5_cp120_lmd1d0.000_lmd2d0.000_lmd3d0.000_lmd4d0.000 5 120 0 0 0 0.0001 2.23493629789256e-005 111.431563725591 -184.829829688391 1837.48393465484 -0.00819522403980975 0.00996567541667368 0.188727007839397 0.115079109931681 0.794942235744337 0.0459703583558516 3.37610971871559 3.37787699502484 1 4.25847517966589e-005 
00004517.nii_L_ICA_labeled_d5_cp121_lmd1d0.000_lmd2d0.000_lmd3d0.000_lmd4d0.000 5 121 0 0 0 0.0001 2.3197626090293e-005 112.332035044341 -176.358292655043 1842.88694239912 -0.00816885434233092 0.0102447659751625 0.188444167588783 0.11426686120522 0.795104960770403 -0.0693899382631221 3.16335769091433 3.17132194768809 1 4.20748542234617e-005 
00004517.nii_L_ICA_labeled_d5_cp120_lmd1d0.000_lmd2d0.000_lmd3d0.000_lmd4d0.000 5 120 0 0 0 0.0002 2.33435493771864e-005 107.321492356788 -204.540892047492 1812.82371720954 -0.00931465755625881 0.00978502149413542 0.18569035920167 0.111109607954807 0.797384215408656 -0.0260409294442035 3.64549506088408 3.64999875149284 1 4.25847517966589e-005 
00004517.nii_L_ICA_labeled_d5_cp121_lmd1d0.000_lmd2d0.000_lmd3d0.000_lmd4d0.000 5 121 0 0 0 0.0002 2.4072139182422e-005 108.166696532399 -196.943967983984 1817.89509672424 -0.00924571145217905 0.0100174349849647 0.185591298466822 0.110568522073427 0.797407102812577 -0.0523726921528518 2.96608979885551 2.97334570916156 1 4.20748542234617e-005 
00004517.nii_L_ICA_labeled_d5_cp120_lmd1d0.000_lmd2d0.000_lmd3d0.000_lmd4d0.001 5 120 0 0 0 0.0005 2.58274907940315e-005 100.197978305181 -234.916151545343 1770.08315949548 -0.0121611032927318 0.00963667720212306 0.182202067839099 0.10519552344738 0.800039532621543 0.01403595232315 2.84010358078696 2.84361076084203 1 4.25847517966589e-005 
00004517.nii_L_ICA_labeled_d5_cp121_lmd1d0.000_lmd2d0.000_lmd3d0.000_lmd4d0.001 5 121 0 0 0 0.0005 2.62658787183139e-005 100.959190565676 -229.135542276434 1774.65052599669 -0.0119557029015575 0.00978473818012928 0.182364705325946 0.104948591898508 0.799845869876545 -0.00273378173778991 2.85889277224476 2.86325309018615 1 4.20748542234617e-005 
00004517.nii_L_ICA_labeled_d5_cp120_lmd1d0.000_lmd2d0.000_lmd3d0.000_lmd4d0.001 5 120 0 0 0 0.001 2.85830044199718e-005 94.0688326938041 -257.973230367959 1733.3088699961 -0.0161440497901097 0.00961083678305378 0.180499297450552 0.100380610902485 0.801110001198908 0.084990039247856 2.42462702335423 2.42564401441334 1 4.25847517966589e-005 
00004517.nii_L_ICA_labeled_d5_cp121_lmd1d0.000_lmd2d0.000_lmd3d0.000_lmd4d0.001 5 121 0 0 0 0.001 2.87453996439001e-005 94.7710185065229 -253.771163877449 1737.52201930021 -0.0157182185779761 0.00969583116920303 0.180682010571312 0.100424763037829 0.800934263226633 0.0962418739512884 2.24627786553173 2.24705207633201 1 4.20748542234617e-005 
00004517.nii_L_ICA_labeled_d5_cp120_lmd1d0.000_lmd2d0.000_lmd3d0.000_lmd4d0.002 5 120 0 0 0 0.002 3.20050593027563e-005 87.7379950304164 -278.922213996449 1695.32456949141 -0.0234183670318121 0.00965176684797717 0.179372378608504 0.0958215620537919 0.801670350117076 0.139745877544775 1.88038832981761 1.88045202417119 1 4.25847517966589e-005 
00004517.nii_L_ICA_labeled_d5_cp121_lmd1d0.000_lmd2d0.000_lmd3d0.000_lmd4d0.002 5 121 0 0 0 0.002 3.19084827852233e-005 88.3898806905194 -276.12035680333 1699.23586297781 -0.022522946302304 0.00968801745342605 0.179501148887259 0.0960707590417689 0.801572331950501 0.135324397401544 1.90093075287362 1.90103489853079 1 4.20748542234617e-005 
00004517.nii_L_ICA_labeled_d5_cp120_lmd1d0.000_lmd2d0.000_lmd3d0.000_lmd4d0.005 5 120 0 0 0 0.005 3.75157989756902e-005 79.479995172079 -301.03605511168 1645.7777386182 -0.0491113359363864 0.00979854334088834 0.17816228528246 0.0909894186133096 0.802309416364154 0.126183820974983 1.5556674988173 1.55593850983202 1 4.25847517966589e-005 
00004517.nii_L_ICA_labeled_d5_cp121_lmd1d0.000_lmd2d0.000_lmd3d0.000_lmd4d0.005 5 121 0 0 0 0.005 3.7157014594527e-005 80.0724069775928 -299.579742189635 1649.33213338899 -0.0457975271582735 0.00979536511198785 0.178245714680501 0.0912981163273525 0.802261596742427 0.177522094470867 2.03021261025954 2.03033506795889 1 4.20748542234617e-005 
00004517.nii_L_ICA_labeled_d5_cp120_lmd1d0.000_lmd2d0.000_lmd3d0.000_lmd4d0.010 5 120 0 0 0 0.01 4.25847517966589e-005 73.5038986872729 -311.657826895736 1609.92223432736 -0.162534969381225 0.00998907727854782 0.177048173614252 0.088376089231396 0.80312457966345 0.159805049266272 1.55607268044604 1.55607942635491 1 4.25847517966589e-005 
00004517.nii_L_ICA_labeled_d5_cp121_lmd1d0.000_lmd2d0.000_lmd3d0.000_lmd4d0.010 5 121 0 0 0 0.01 4.20748542234617e-005 74.0527414053757 -310.918517237606 1613.21518253769 -0.1353721655544 0.00996859832035715 0.177137494996203 0.0886498151510312 0.803065971083217 0.164051411095498 1.60702320880506 1.60704745816145 1 4.20748542234617e-005 
00004517.nii_L_ICA_labeled_d5_cp120_lmd1d0.000_lmd2d0.000_lmd3d0.000_lmd4d0.020 5 120 0 0 0 0.02 4.89253991237795e-005 67.8497654264418 -314.016932717381 1575.99877897961 0.175472948561877 0.0102869752773988 0.175585635848212 0.0864038349072457 0.804364005081495 0.140735748413054 1.42236576526929 1.42243954298736 1 4.25847517966589e-005 
00004517.nii_L_ICA_labeled_d5_cp121_lmd1d0.000_lmd2d0.000_lmd3d0.000_lmd4d0.020 5 121 0 0 0 0.02 4.82533909199139e-005 68.3562478295689 -313.966062937773 1579.03753093263 0.212465200981882 0.0102521048460321 0.175697128127968 0.0866351710344541 0.804278044166383 0.142658150122825 1.43138150071477 1.43143664842589 1 4.20748542234617e-005 
00004517.nii_L_ICA_labeled_d5_cp120_lmd1d0.000_lmd2d0.000_lmd3d0.000_lmd4d0.050 5 120 0 0 0 0.05 6.08335770133736e-005 60.9295075041968 -296.255905947059 1534.47975597985 0.0566048982516365 0.0109453056228085 0.173423556926035 0.0840407604099115 0.806263868446485 0.0148545717142014 1.18906045006169 1.19731703259784 1 4.25847517966589e-005 
00004517.nii_L_ICA_labeled_d5_cp121_lmd1d0.000_lmd2d0.000_lmd3d0.000_lmd4d0.050 5 121 0 0 0 0.05 5.98464729373025e-005 61.3829389542743 -297.392561394935 1537.20013541425 0.0588859237187858 0.0108888238444406 0.173547580789897 0.0842338246999805 0.806160670244976 -0.0121544119730538 1.48180274203327 1.49122587038908 1 4.20748542234617e-005 
00004517.nii_L_ICA_labeled_d5_cp120_lmd1d0.000_lmd2d0.000_lmd3d0.000_lmd4d0.100 5 120 0 0 0 0.1 7.38730075173176e-005 56.1255270619359 -260.16549063698 1505.65863768555 0.041769478439017 0.0116897104269258 0.171949312745392 0.0821481572813748 0.80753537341477 -0.016749851328195 1.15095967910087 1.16373660145886 1 4.25847517966589e-005 
00004517.nii_L_ICA_labeled_d5_cp121_lmd1d0.000_lmd2d0.000_lmd3d0.000_lmd4d0.100 5 121 0 0 0 0.1 7.25613623776577e-005 56.5415705883294 -262.375034201734 1508.15462077514 0.0426163165582623 0.0116164733202634 0.172058370680708 0.0823357262626803 0.807445986265468 -0.016455359828121 1.15622725964405 1.16890331857932 1 4.20748542234617e-005 
00004517.nii_L_ICA_labeled_d5_cp120_lmd1d0.000_lmd2d0.000_lmd3d0.000_lmd4d0.200 5 120 0 0 0 0.2 9.13297809874956e-005 51.6850922151361 -199.90290902067 1479.01972944073 0.0355785776171949 0.0126377034285533 0.170730687178977 0.0801075184678858 0.808542958341465 -0.0192561211516254 1.01126263820007 1.02620422951974 1 4.25847517966589e-005 
00004517.nii_L_ICA_labeled_d5_cp121_lmd1d0.000_lmd2d0.000_lmd3d0.000_lmd4d0.200 5 121 0 0 0 0.2 8.96266879925379e-005 52.0664932485867 -203.239483621102 1481.30777458572 0.0359679997787689 0.0125491720961215 0.17082070816648 0.0803011007548576 0.808472584829522 -0.0189884547601262 1.02012741384688 1.03489593918765 1 4.20748542234617e-005 
00004517.nii_L_ICA_labeled_d5_cp120_lmd1d0.000_lmd2d0.000_lmd3d0.000_lmd4d0.500 5 120 0 0 0 0.5 0.000123260762614909 46.3453218432867 -72.9792778767733 1446.98787657774 0.032258149200199 0.0142083805683954 0.16937762982357 0.0772151488589895 0.809608396423516 -0.0235930417344386 0.878508604007612 0.896522491897342 1 4.25847517966589e-005 
00004517.nii_L_ICA_labeled_d5_cp121_lmd1d0.000_lmd2d0.000_lmd3d0.000_lmd4d0.500 5 121 0 0 0 0.5 0.000120787681160514 46.6853009088338 -78.5176432487203 1449.02722667775 0.032385605052331 0.0140940468872717 0.169458117917487 0.0774119633543181 0.809547071708685 -0.0230900290351353 0.89303789429988 0.910665828536121 1 4.20748542234617e-005 
00004517.nii_L_ICA_labeled_d5_cp120_lmd1d0.000_lmd2d0.000_lmd3d0.000_lmd4d1.000 5 120 0 0 0 1 0.000158643864325027 42.6807000007691 81.1809606127863 1425.0076467402 0.031804306764745 0.0157703392753369 0.168379304188381 0.0750426946570885 0.810398121860444 -0.0285175568685406 0.75549864467967 0.777520951279679 1 4.25847517966589e-005 
00004517.nii_L_ICA_labeled_d5_cp121_lmd1d0.000_lmd2d0.000_lmd3d0.000_lmd4d1.000 5 121 0 0 0 1 0.000155062735965429 42.9923444260594 72.0242445734864 1426.87675409272 0.0317973797711443 0.0156200782361952 0.168462138153494 0.0752265505154608 0.810332691260354 -0.0281025708505776 0.769075234224313 0.79062318209926 1 4.20748542234617e-005 
00004517.nii_L_ICA_labeled_d5_cp120_lmd1d0.000_lmd2d0.000_lmd3d0.000_lmd4d2.000 5 120 0 0 0 2 0.000211357887535446 39.3143294654566 323.409367805402 1404.82059890124 0.032768300269703 0.0178479684455483 0.167362290717701 0.0730867583886927 0.811232215642695 -0.032301604976338 0.640220916149672 0.667119430838504 1 4.25847517966589e-005 
00004517.nii_L_ICA_labeled_d5_cp121_lmd1d0.000_lmd2d0.000_lmd3d0.000_lmd4d2.000 5 121 0 0 0 2 0.000205967018539578 39.5998462680094 308.157557364852 1406.53255685233 0.0326449975776382 0.0176480633231186 0.167447268320454 0.0732398797143065 0.811161394665602 -0.0320233660282691 0.649447363439067 0.675901705479786 1 4.20748542234617e-005 
00004517.nii_L_ICA_labeled_d5_cp120_lmd1d0.000_lmd2d0.000_lmd3d0.000_lmd4d5.000 5 120 0 0 0 5 0.00032100613179081 35.2839973958766 845.090079792859 1380.66185191154 0.0357833237168108 0.021493970378867 0.16598081681678 0.0710585607599457 0.812428174174918 -0.0354892207467556 0.533013863101503 0.566105083945252 1 4.25847517966589e-005 
00004517.nii_L_ICA_labeled_d5_cp121_lmd1d0.000_lmd2d0.000_lmd3d0.000_lmd4d5.000 5 121 0 0 0 5 0.000312230176121481 35.5381384453277 819.208996923911 1382.18483770565 0.0355461106679777 0.0212286531620701 0.166071794614464 0.0711687548311508 0.812347191628224 -0.0353362020108756 0.538682213965018 0.571394236715744 1 4.20748542234617e-005 
00004517.nii_L_ICA_labeled_d5_cp120_lmd1d0.000_lmd2d0.000_lmd3d0.000_lmd4d10.000 5 120 0 0 0 10 0.000442889045001202 32.5252127018631 1435.30802333962 1364.13498292506 0.0389910410368451 0.0248587841078081 0.164864442317385 0.0697494103636919 0.813426974086291 -0.036966451614741 0.480405578802632 0.517422788837915 1 4.25847517966589e-005 
00004517.nii_L_ICA_labeled_d5_cp121_lmd1d0.000_lmd2d0.000_lmd3d0.000_lmd4d10.000 5 121 0 0 0 10 0.000430961624589712 32.75795104986 1400.77277535172 1365.52888439992 0.0386985627414126 0.0245536047763806 0.16496038917688 0.0698577213505864 0.813340676308501 -0.0368596070844333 0.484101475090453 0.520816669338358 1 4.20748542234617e-005 
00004517.nii_L_ICA_labeled_d5_cp120_lmd1d0.000_lmd2d0.000_lmd3d0.000_lmd4d20.000 5 120 0 0 0 20 0.000602465434692227 29.9941665311098 2214.54212420142 1348.98253609516 0.0426461474838814 0.0285901622974476 0.163732984010372 0.0682827880845134 0.814429996454223 -0.0383823738013589 0.45261653391031 0.492285287976519 1 4.25847517966589e-005 
00004517.nii_L_ICA_labeled_d5_cp121_lmd1d0.000_lmd2d0.000_lmd3d0.000_lmd4d20.000 5 121 0 0 0 20 0.00058743442085155 30.2073798931128 2173.87927685282 1350.25862969224 0.0423327107170993 0.0282643698374208 0.16382608034345 0.0684124813955174 0.814348113075197 -0.038243482998709 0.454092211088071 0.493587938884669 1 4.20748542234617e-005 
00004517.nii_L_ICA_labeled_d5_cp120_lmd1d0.000_lmd2d0.000_lmd3d0.000_lmd4d50.000 5 120 0 0 0 50 0.000864066603610443 26.9666905328311 3498.70839545371 1330.8731395533 0.0475342905406908 0.0336790284108674 0.162362268656811 0.0659718973302255 0.815605721174578 -0.0417246246622194 0.452587073400924 0.493582276562575 1 4.25847517966589e-005 
00004517.nii_L_ICA_labeled_d5_cp121_lmd1d0.000_lmd2d0.000_lmd3d0.000_lmd4d50.000 5 121 0 0 0 50 0.000845949415025041 27.156754781555 3458.13924924968 1332.00968420166 0.0472387720339017 0.0333583432761113 0.162443090910709 0.0661186413907386 0.815537047753576 -0.0414242992824757 0.45168418000574 0.492634546689324 1 4.20748542234617e-005 
00004517.nii_L_ICA_labeled_d5_cp120_lmd1d0.000_lmd2d0.000_lmd3d0.000_lmd4d100.000 5 120 0 0 0 100 0.00109524691421606 24.8957171636507 4637.16928771069 1318.49630956406 0.0510952706012083 0.03749800402874 0.161470422756864 0.0642749861276992 0.816359291429764 -0.0460322229723627 0.471985777050157 0.513102599103244 1 4.25847517966589e-005 
00004517.nii_L_ICA_labeled_d5_cp121_lmd1d0.000_lmd2d0.000_lmd3d0.000_lmd4d100.000 5 121 0 0 0 100 0.00107491561936167 25.0701318780154 4599.29755100979 1319.53848761574 0.0508124287849053 0.0371829932807969 0.161540433846947 0.0644003546305309 0.816299378832128 -0.0455919396002963 0.46971239418736 0.510838929439063 1 4.20748542234617e-005 
00004517.nii_L_ICA_labeled_d5_cp120_lmd1d0.000_lmd2d0.000_lmd3d0.000_lmd4d200.000 5 120 0 0 0 200 0.00136012026600354 22.9965188828816 5944.3951586131 1307.15727303003 0.054670968028139 0.0413670654632367 0.16070133670726 0.0629596469032888 0.817023580128232 -0.0519683998714027 0.511440324302968 0.551814752738951 1 4.25847517966589e-005 
00004517.nii_L_ICA_labeled_d5_cp121_lmd1d0.000_lmd2d0.000_lmd3d0.000_lmd4d200.000 5 121 0 0 0 200 0.00133682776117915 23.1566589204575 5907.49743682463 1308.11317524446 0.0543835098275552 0.0410461013621601 0.160762872556001 0.0630493449896433 0.816969144799269 -0.0513282244360627 0.506702355761908 0.547184361403149 1 4.20748542234617e-005 
00004517.nii_L_ICA_labeled_d5_cp120_lmd1d0.000_lmd2d0.000_lmd3d0.000_lmd4d500.000 5 120 0 0 0 500 0.00178564077104566 20.7256199783272 8049.14179420881 1293.62208994977 0.0597935051209797 0.0468356017763789 0.159770516148703 0.0617376997644833 0.817858487326357 -0.0964387309979077 0.181513578872992 0.310291563776681 1 4.25847517966589e-005 
00004517.nii_L_ICA_labeled_d5_cp121_lmd1d0.000_lmd2d0.000_lmd3d0.000_lmd4d500.000 5 121 0 0 0 500 0.00175542028524931 20.868535740858 8002.90530061112 1294.47317778196 0.0594555115173694 0.0464723067697805 0.159830524431744 0.0618058595996984 0.817803798655917 -0.0936677003057082 0.190269861061462 0.313287804711678 1 4.20748542234617e-005 
00004517.nii_L_ICA_labeled_d5_cp120_lmd1d0.000_lmd2d0.000_lmd3d0.000_lmd4d1000.000 5 120 0 0 0 1000 0.0022093216714779 19.1723893292765 10149.0363214469 1284.39252640636 0.0645037724622378 0.0516768600242165 0.159051258650117 0.0609000190639962 0.818512942023276 -0.118309966456095 0.235347025168163 0.36084423036232 1 4.25847517966589e-005 
00004517.nii_L_ICA_labeled_d5_cp121_lmd1d0.000_lmd2d0.000_lmd3d0.000_lmd4d1000.000 5 121 0 0 0 1000 0.00216856740469332 19.3033840947822 10075.2135656611 1285.16985509483 0.0640690519750317 0.0512328170151908 0.159114202312658 0.0609731495538023 0.818455617651172 -0.116991620904245 0.234098060515191 0.359030296924282 1 4.20748542234617e-005 
