#spline3d 5 120 5 120
120.88374188053204 89.528983027619276 2.3052388781238067
121.23691949097572 89.33930133563382 2.9133594256971298
121.49408811932885 89.12458984495008 3.5268278091791645
121.6595590149268 88.885582856795097 4.136725651562732
121.73764258577501 88.623014260199298 4.734134135670355
121.73265838831875 88.337622618306 5.3101397018254444
121.64903836430811 88.030209662936244 5.8559068114854345
121.49157211916469 87.701803498826763 6.3629034788817744
121.26570088735126 87.353926296200257 6.8233116924663717
120.97768345223596 86.988903060386534 7.2305601783202231
120.6345260544546 86.610106295024977 7.5798646564365741
120.24368914871324 86.222006364078851 7.8686303743140629
119.81268942796738 85.829957982853813 8.0966445592818257
119.3487283502198 85.439729974354123 8.2659880673434429
118.85841661923345 85.056915020545901 8.3807390313354819
118.34756718329349 84.686296036299566 8.4465842271341032
117.82110653335623 84.331317646915394 8.4702867052254032
117.28307516968026 83.993775165832915 8.459188138242526
116.73669865019671 83.673757371456773 8.4207496582812897
116.18449749558457 83.369830180233819 8.362110724876306
115.6284124701547 83.079404958837713 8.2896610835030398
115.06992986099421 82.799189559815048 8.2086824297994756
114.510204590301 82.525614745663844 8.1231438268028811
113.95018879517879 82.255131463065638 8.0357645417628181
113.39074011713055 81.984371915178372 7.9482024931018351
112.83270215844311 81.710238316867276 7.8613916426148824
112.27691696141804 81.430000118029284 7.7759119217146768
111.72416111643476 81.141452022688298 7.6923425652932309
111.17503163816035 80.843112442653293 7.611605479794064
110.6298300025458 80.534405448189361 7.5352814798389094
110.08849180420862 80.215774152966986 7.4658620357953573
109.55059073364676 79.888691842792255 7.4069000324314764
109.01542163726215 79.555578203364519 7.3630474074934904
108.48216165885732 79.219583613894926 7.3398973373511867
107.9500913355794 78.884343138698284 7.3437502630564504
107.41889377230575 78.553594286695514 7.3811713339659519
106.88898671251712 78.230760456300857 7.4584855249045585
106.3618100429438 77.918611503882659 7.581295169863318
105.83997270295635 77.619160957052898 7.7540904892172779
105.3272113239419 77.333884562061058 7.9799504412700895
104.8281815202261 77.064215549687603 8.2603169094887452
104.34817321317985 76.812149888432131 8.5948492031571266
103.89286307444594 76.580712974613647 8.9814268395010473
103.46817519942351 76.374108360087547 9.4163002961261686
103.08023204038594 76.197513427034821 9.8943354713771328
102.7352855778981 76.056416926847746 10.409431459556952
102.43948307051284 75.9556689553132 10.954980105528454
102.19834976101109 75.898443548325488 11.524326170505169
102.01598682658569 75.885365868442165 12.111191129490122
101.89410518169358 75.914018389406607 12.710047330343208
101.83117013819833 75.978953393319017 13.316420893195147
101.82189801638299 76.072175005280712 13.927115005450217
101.85745816387244 76.184034153207008 14.540243707107573
101.92606572843874 76.304181841132007 15.155160937524823
102.01412306512739 76.422527114001966 15.772183625875185
102.10763325449021 76.529929743875329 16.392132134353613
102.19354358824897 76.618471767257702 17.015771849729614
102.26082521725667 76.681263756259469 17.643237304942659
102.30114171494549 76.711912462957727 18.273530600569831
102.30907355741999 76.703967492894606 18.904152132730452
102.28196806089731 76.650688824999335 19.530906174043309
102.21958102464801 76.545322983971658 20.147882651214346
102.12357308010004 76.381751640896312 20.747661368142296
101.99712890342985 76.155407118611919 21.321530365718793
101.84449257429335 75.864097707394009 21.859892965307029
101.6706470306105 75.508544529601124 22.352710314871693
101.48112801416463 75.092435842084583 22.790027972052936
101.28200447530922 74.622080060060838 23.162601808858174
101.07997067865294 74.105740190731268 23.462660406669379
100.88246224318608 73.55282436015878 23.684770004115382
100.69767070462299 72.973014573483596 23.826720390075582
100.53435825874192 72.375461184926564 23.890093898929887
100.4015074229097 71.768066382226451 23.880656772631383
100.30774425255306 71.156886192875035 23.808345342455635
100.26057345325965 70.54579606174687 23.686729485898372
100.26549288543241 69.936454336292329 23.532144636992768
100.32505837845675 69.328611463237692 23.362627430320639
100.43799194517941 68.720769310422952 23.196795020741732
100.59848043795405 68.111141984419774 23.052777422637583
100.79586639725342 67.498787722417617 22.947312507847652
101.01488225756407 66.88480026919018 22.894997261114245
101.23670556643937 66.273153399022164 22.907830033560941
101.44033535775995 65.671468733417257 22.994601753446716
101.60475559458122 65.09114904967953 23.160433654168497
101.71130938534641 64.546886096371111 23.406354796450547
101.7460010029006 64.055470189140223 23.729018161104264
101.70098744653576 63.634028947959749 24.120896337572713
101.57546772329214 63.297997085763996 24.570772019316014
101.37540876382931 63.05922798847471 25.064859216155526
101.11262695944211 62.924596788546637 25.588216055453152
100.80322373993204 62.895622205279153 26.126236304298747
100.46614556827393 62.968550560647913 26.665969759036077
100.12160099714097 63.135254625902562 27.197121367068387
99.789703832150948 63.384551857679135 27.712473753772944
99.489370568682034 63.703619654032259 28.207700942761118
99.237406785437031 64.079291077493764 28.680641844307928
99.047737561430523 64.499072198801997 29.130242791047117
98.930795176008999 64.951787064781939 29.555475259689761
98.893159709011243 65.427791615788891 29.954574440248159
98.937568773471313 65.918776692247675 30.324824898312826
99.063353315533078 66.417322059981771 30.662861922747194
99.266954056768469 66.916431322849505 30.965267126724473
99.542768070925646 67.409103047793494 31.229333232819986
99.883955268590128 67.888087254400176 31.453750185238025
100.28314234176062 68.345832469743954 31.639057174488396
100.73292253281922 68.774588179344946 31.787821917814778
101.22614199065278 69.166607935611438 31.904528511042383
101.75598825766691 69.514391201225564 31.995302155434956
102.31590482090326 69.810946248552355 32.067568939730933
102.89938619250209 70.050030579460213 32.129713335165079
103.49974935052495 70.226361221611114 32.190796705549708
104.10994634875259 70.335744093255954 32.260286114757747
104.72249473194505 70.375048108684823 32.347784935056303
105.32952593730742 70.342060578229464 32.462814854026398
105.92290356375433 70.235271286570452 32.61469707838782
106.49435348113498 70.05361888691229 32.812547598818561
107.03555542700298 69.79625856363657 33.065347649897376
107.53818275383723 69.462407325099164 33.382028421762392
107.99390888730041 69.05128688279882 33.77151632384534
108.39440722403981 68.562118530938349 34.242738238565856
