#spline3d 5 121 5 121
121.97633950933853 87.26378932626244 2.5825545445438984
121.75526878246136 86.796939446364405 2.9725264522508641
121.43019000716677 86.400349672256525 3.3300616216289001
121.05646274909412 86.040856423855928 3.6758937125300921
120.69186261828634 85.684947232505863 4.0325938844763485
120.37686531402696 85.300834482391664 4.4088675535359547
120.06472192915503 84.888769955863665 4.7609422222585502
119.69245875544318 84.47805863783438 5.045023450209432
119.2615730552825 84.083368856062393 5.2675820767738504
118.819961730323 83.694557187218692 5.474610429713195
118.34380893538911 83.331680897272733 5.641154792965863
117.86487577979857 82.963225700318219 5.7900993002958092
117.41453711219938 82.569291706578468 5.9649915947088239
116.93809896383746 82.203455283993776 6.1384341027827141
116.42382033614311 81.862467828535529 6.2279866538849751
115.88502523810926 81.546198595871104 6.2328577594235357
115.32620888541935 81.271898819371486 6.2586886757011539
114.78172974293439 80.978255684361699 6.3248276300975439
114.26464382176955 80.635237440385666 6.3887438495949045
113.73358579534872 80.315680233014234 6.4522634385042625
113.17259397727086 80.054916380213882 6.5307820002881414
112.59458015894933 79.82894169379945 6.5883819873406884
112.0068814983925 79.62349316918737 6.6026349228625527
111.40982165147302 79.44801823497896 6.6256712161927087
110.81202475685733 79.274755294772504 6.6674361125105914
110.23451553818713 79.049049268494997 6.7281170936915426
109.68150201597683 78.77587680785166 6.8194703510784302
109.12296458834763 78.520657811515235 6.924860259189745
108.53897644386575 78.326299652891862 7.0247900283361799
107.94095617908991 78.184559092204594 7.1319081025244317
107.35154011428965 78.060645911430527 7.2881004547015547
106.77988155908075 77.922317059610563 7.498634307444668
106.23068575147323 77.761921701193785 7.747759444130307
105.70664246816249 77.639631749571905 8.0576009727239111
105.19500856910619 77.566138076608169 8.411488165460371
104.70356469272656 77.526590008843627 8.7960560969483748
104.26913242837043 77.575981644186328 9.2386424376546188
103.87028362048038 77.720056834726734 9.7006087207598402
103.51434137966379 77.884711672859538 10.182343052604052
103.20452471317222 78.008130579809531 10.708884233229156
102.92328320703673 78.113392517984849 11.259811385229559
102.71723773749903 78.195339346129018 11.840763312365889
102.59150507857905 78.23429116465266 12.450254781235824
102.46813113808132 78.236074120165114 13.062959227832504
102.36984496813569 78.216186658087267 13.678950527079932
102.37679799021829 78.214550723041512 14.303652817691006
102.45903959217779 78.293772594573539 14.919277266319471
102.54406683407728 78.439368027474117 15.520235879860328
102.63684860939682 78.602193101554477 16.11308480974327
102.7670398810436 78.742546346734599 16.70759033247786
102.83346520782962 78.891439371122715 17.308315768267132
102.79390412019872 79.088557511885654 17.899767044608456
102.69938165055406 79.343851185768315 18.466010243859497
102.51380975895712 79.600325450064105 19.007953435978578
102.16963255645284 79.763504283981149 19.509324216892438
101.72153186833656 79.767958990041649 19.96102644757018
101.24582710930923 79.632862820309029 20.354212879811467
100.73769701504416 79.416388044396257 20.641714913750086
100.21379223917475 79.141757788371578 20.849482759630547
99.739248628335417 78.78523506670679 21.046710986168343
99.332680852263593 78.345276324273996 21.228870939758885
98.993392344658403 77.838113742041941 21.365901050943375
98.715051670623268 77.282523322723009 21.453890708351192
98.49929597675164 76.697281652364907 21.466346946255982
98.349264267670748 76.094219421971331 21.38975755988147
98.267065936534962 75.485730304924473 21.269599029598606
98.269050436284942 74.877458709007257 21.125927369137571
98.352240127421439 74.275854785256271 20.983467270275067
98.504728218241283 73.69212266538716 20.827519341928209
98.706964411537726 73.134645189027609 20.623700447550718
98.985940549508967 72.628894518954084 20.372892483291384
99.386358782878077 72.226427500254161 20.110634435656671
99.88448198024021 71.917778537519382 19.885691086250173
100.39885736381589 71.618964963956472 19.697726285142373
100.89522881117077 71.287544496268623 19.523567037822279
101.38279285992422 70.931210601026194 19.370503215284518
101.88606168313491 70.589403453053507 19.236207161230116
102.40511178311802 70.259551145210608 19.129312762529892
102.89715410585995 69.882078130730434 19.065173765499011
103.32906997640259 69.430292090276069 19.035202188007748
103.70629150578364 68.933578916925001 19.0306415087476
104.06743757659835 68.427867880653494 19.067968680765969
104.43753824130049 67.930610211379673 19.16775467400447
104.73173697727256 67.40583165047633 19.32830700368811
104.88731147880691 66.841039692448888 19.547238484729267
104.97722939706189 66.285200936188417 19.835332583974509
104.99126638638178 65.775432498367863 20.216146661057959
104.81846601551248 65.375131806562123 20.663511148858813
104.50514336715261 65.109580801249606 21.145532265703821
104.19855034949724 64.903170667157667 21.653776727643308
103.87571031999535 64.763920757707723 22.167020963678073
103.47497547554562 64.745895563343808 22.646943776404751
103.04311860770575 64.815209453756424 23.096839230312501
102.62975519057606 64.935511459022209 23.546086850256163
102.23305566254297 65.09720862495449 24.003059838031845
101.81074132690783 65.317772979525586 24.404893514015569
101.34082609977381 65.603979713840658 24.698872022683599
100.87242167365916 65.929756113419856 24.958357684612778
100.42238492775463 66.297884240152555 25.195631350603581
100.04036893985817 66.755599144305336 25.369561334205422
99.766838348792675 67.293581632934163 25.539186931533294
99.530670576482336 67.827245866579702 25.769196451975262
99.352306831466734 68.347043725497372 26.061773580189335
99.253867379569655 68.860437326087549 26.402552791291509
99.193322272656957 69.374146200574913 26.752912935019097
99.167645278759991 69.908523350602294 27.072332437428745
99.212671546541642 70.471196796802047 27.341801805392233
99.343782440912605 71.040667232839255 27.569021122703468
99.561662911524564 71.586412585265364 27.773078898143964
99.844432623574022 72.101943106461846 27.976249878168858
100.17055738693998 72.598670053763826 28.194499763601272
100.58835690126861 72.997888803088273 28.442250553555795
101.11606327524561 73.19405492633831 28.720268969266279
101.68027056035903 73.251889099631541 29.010574333554271
102.20478709834708 73.251861374182468 29.347826905072424
102.62220596115733 73.201787309188191 29.805587875076128
102.96251172657678 73.133291415675814 30.331299116910238
103.25577442958095 73.043850100478906 30.873671676904429
103.52771955004758 72.913572901578561 31.416234162751017
103.80497321842897 72.734412055295039 31.948339933689894
104.11406203587296 72.496970388103364 32.458762559362924
