#spline3d 5 121 5 121
120.32025153986848 86.370432342593347 2.5667642244918953
119.96974646019738 85.953184036341995 2.7686354824735466
119.57180679245184 85.581482508271009 2.9116497471164027
119.14487454474769 85.234389925015847 3.0030550215972083
118.70666114490815 84.891533401451824 3.0484364018966565
118.28102444809221 84.528468315319088 3.0669995198542446
117.87846585314735 84.141911710201086 3.0423519569956867
117.47529476511315 83.767113426842684 2.9389194484038077
117.02499716475113 83.465105314947408 2.807097706876319
116.54245403184051 83.21437868735697 2.6731036965189845
116.05056655502858 82.980733963955018 2.5493159475782998
115.55249125952828 82.748955435910872 2.4548636513287416
115.05180100070457 82.510226300515157 2.3874992825808175
114.56335896885344 82.263665593967531 2.2784024094672897
114.07973771848825 82.024696026593119 2.1316018088264408
113.57364554632363 81.832546348147076 1.994513029898964
113.05344742339976 81.676434796568444 1.8624604876198785
112.53817771390486 81.533422472493754 1.705721092867547
112.0309514818439 81.379791195256161 1.530016917305139
111.51118900874089 81.212560777130236 1.401480300500977
110.99007345842715 81.016498734055176 1.3588822035021131
110.49039247168194 80.767286031525444 1.3967192340476675
110.00024527019964 80.499503488977425 1.404821866032413
109.49907575396573 80.25519604121844 1.3675172194251899
108.97044071245691 80.074769941068539 1.3226905239931257
108.42687148863973 79.95035976091809 1.3228452259269867
107.88130548641365 79.853618608041799 1.3910641030885347
107.33972415059129 79.733850063952204 1.4901379673449813
106.81783053879958 79.607568392934425 1.6493451129640464
106.34985185533421 79.519818658425308 1.9389820873491315
105.89841697896809 79.453001159447197 2.2661742897770072
105.45275332869264 79.376835660853828 2.5944441277998944
105.0397217171665 79.302303467247356 2.9628428968968699
104.66777367051303 79.279532441746611 3.3783826909209123
104.32418728766751 79.312842895729261 3.8202298213639909
104.01433699641728 79.309752733544613 4.2898027534995
103.80614371745314 79.282473149343005 4.8062702210337713
103.71139090249284 79.261438679402147 5.3599731988246946
103.64763886024582 79.206475969606004 5.9137191526213497
103.61047127603612 79.108900925094972 6.4611546589562288
103.60750397808172 79.004136680685392 7.0096508489622567
103.58839704634828 78.949164566166317 7.5652487100255863
103.56616183455586 78.93391746588199 8.1243491780434152
103.63699833213636 78.910369656856815 8.6772199069205787
103.76901512176626 78.886915616723499 9.2216159847059771
103.93122891390178 78.884988609282942 9.7560234582151022
104.08716484424266 78.914767174239813 10.290744733083907
104.19268091903234 78.963035259293633 10.837664989985909
104.24791867369312 78.986309052006732 11.393203904636957
104.26773224282172 78.962793899346551 11.951208257035455
104.28209285056211 78.92714502437741 12.508249608923222
104.31227720387386 78.922983623247049 13.064339729016508
104.35477330643317 78.930951471286264 13.622142056370858
104.40577406300518 78.891567771698803 14.178481437285798
104.44295448826928 78.772285813707967 14.723024452878654
104.42028589713105 78.599471582183142 15.253635367033276
104.37593196036281 78.410333318286632 15.778490158901143
104.34490379823272 78.180221552455791 16.288087973513029
104.30293423467548 77.874196867795249 16.753423646337808
104.27861494881567 77.51645778086224 17.180487728552521
104.27162268116412 77.160580004920618 17.61169588586468
104.23248563474934 76.819534224380703 18.059628802800916
104.17772808207562 76.409618363132338 18.424749522021244
104.15494041973714 75.886329876595269 18.644267498093907
104.20342687836995 75.345824249931738 18.79822752420101
104.26476159044307 74.799046954029038 18.883535496997975
104.27609670040812 74.240963836330607 18.910816973210785
104.2593693843752 73.680806871892997 18.888245476009956
104.24051589166658 73.12876449623748 18.807543579621523
104.22452563853641 72.590249128780414 18.646849511055819
104.24656182760768 72.05693756781767 18.474424009264592
104.39790218294388 71.526723809345015 18.402419300467947
104.60003239632952 71.002298287386537 18.361872674084065
104.78578467604993 70.480961401454053 18.29340274892504
104.96526839632865 69.961105360174528 18.203914578848327
105.14794373651175 69.442786019110443 18.10510793116384
105.33964838165426 68.923869480290051 18.02747340885654
105.5315818410148 68.400543244426899 17.989828251044059
105.71076595129631 67.871619787509374 17.997684715635895
105.89114570037756 67.344990563112262 18.036422054363324
106.0724438105356 66.818065079991655 18.078007353900638
106.2236629743997 66.2816956288125 18.116685295988805
106.32182808568831 65.74048752491619 18.212504091929869
106.36982942993164 65.205449577819394 18.380041516764713
106.3369686787766 64.695164195220059 18.608615050039667
106.20634682390977 64.218041089465473 18.881094177884719
105.9876119245467 63.79932165752755 19.181653614932536
105.69212465573868 63.467433453860195 19.524659247710012
105.34186268869641 63.225925706207853 19.903642427622682
104.96043628259409 63.130346964388274 20.296283007093955
104.58538507475868 63.193755384344385 20.710934966008612
104.23423501887652 63.309602017909981 21.135127206366025
103.87189203060002 63.485608709862483 21.522162216783805
103.50385884330724 63.760172202629086 21.847574503383218
103.15674985203658 64.146479865802121 22.065971501020432
102.82782686685832 64.581688567635439 22.200635339511681
102.51156321956513 65.032601242575467 22.288321343795026
102.21248127883841 65.498723386242531 22.360903548663885
101.93425589215565 65.981899370815256 22.403024897858042
101.68167878750481 66.479275897074729 22.380148500878253
101.4260496185333 66.974761940026809 22.35010705688935
101.16287230332392 67.464530915983445 22.404535258179447
100.98208834845006 67.98524205444339 22.506078673282506
100.86124465589023 68.517772572463656 22.634208743887129
100.77899408233876 69.044583941764571 22.798187302846515
100.7389467826916 69.575047575675526 22.968668278392173
100.74204616968949 70.120284360190581 23.098268042859161
100.8121985786524 70.667142802869293 23.194855941574748
100.95820135967028 71.19503055911899 23.306425989142298
101.13771731788076 71.708731957660945 23.435999578955116
101.34917262826168 72.217812788865245 23.525099591248349
101.6229648531605 72.704847853633169 23.564421741359094
101.9758884344791 73.143137924882993 23.591970453533651
102.33988135639801 73.555321318009703 23.684560773227531
102.64072920657112 73.972941500969554 23.901167617531627
102.95826353401232 74.382160890016252 24.11857473284962
103.28730900616453 74.782306817503013 24.331579669773649
103.53559361949125 75.154765780186423 24.665296729224039
103.76986534813625 75.441179053572398 25.095264889783159
104.10956330099306 75.566395442931238 25.55528785457097
104.66849859070146 75.456833020614681 25.983689109125407
