#spline3d 5 121 5 121
62.888769565850318 79.230461540121539 2.4675824710420078
63.378922272716963 78.965460538475824 2.3161037149955663
63.859900922246759 78.686298109758951 2.1607311665848723
64.343628048852494 78.412429619317464 2.0075444102819371
64.843457403025994 78.165862662619276 1.8632161022378737
65.360129110260161 77.945848277593029 1.7298657774451081
65.867930836211158 77.69769894437853 1.6170483330570602
66.361287448324035 77.407674224464628 1.5449774419918303
66.852712976965734 77.108761780040737 1.5022129055793623
67.346335523074302 76.812041047551233 1.4737013643880374
67.841961185766124 76.526927587741767 1.4048454752224275
68.329664357030566 76.243483577509352 1.2826793351752148
68.807998260361856 75.945283101256379 1.1618439992046905
69.282874121464374 75.628271466037916 1.0818723332319971
69.763676206722877 75.322120601245004 1.000891104765417
70.256815598327549 75.042886695881137 0.89998857077197214
70.764063917060895 74.778300350657062 0.80979741489492107
71.275473917776111 74.509576707764438 0.78160542860934501
71.772933852386771 74.231210883714695 0.87524218360698902
72.259658363554692 73.9602618147877 1.0372747594680867
72.767309303316551 73.720420069799289 1.1598993745032777
73.294433450658062 73.504214035660695 1.2481813538590392
73.805615877593198 73.274029166842325 1.382719615599473
74.317982949651224 73.067132783846603 1.5540748815573511
74.823607891555923 72.902847589604278 1.7773945885718143
75.292947189443666 72.749293302679689 2.0777814135792529
75.74917684431783 72.63141345723902 2.4093963684388706
76.2213274590179 72.565901053065474 2.7333587597432745
76.683905114165327 72.487972850651687 3.0714572280889811
77.083296871360886 72.363032685474877 3.4721048793494882
77.39534324281243 72.232555073615828 3.9413800853178897
77.645238860087815 72.120153477204454 4.4510686225880329
77.864621809368373 72.000696946085213 4.9705620446816674
78.027662008669466 71.87878971496778 5.5097015503019318
78.145079421367868 71.774725895063796 6.066784806138716
78.234353758719209 71.72505711402431 6.6340238560604234
78.291318357021638 71.731000236304041 7.2088149502309777
78.30199693782717 71.718603340561074 7.7852401028616605
78.264918938681646 71.668939735777087 8.3591139490745725
78.200101665488475 71.6264751830021 8.9304668392735156
78.112926919028837 71.630392456215475 9.5000256898571109
78.009516665160689 71.665536731597882 10.066717207969369
77.88983921884028 71.721266854862634 10.627952960088665
77.747335383426233 71.799465213504575 11.180673829775101
77.595980535101106 71.900694784943354 11.7275292028629
77.457830877204003 72.013229976387706 12.275574149702159
77.333257934198144 72.130327528166504 12.826088245690208
77.227692807655416 72.253415963048056 13.379280279372679
77.134209612797733 72.38079264236184 13.932744640772414
77.010683800781777 72.487304240959787 14.485113672425319
76.903941515434582 72.538694939425199 15.053762295758736
76.838668136722447 72.474804500115198 15.629803780847038
76.753464849974009 72.239523909498558 16.156697893176947
76.684398142533212 71.874981386679252 16.607284811645552
76.66471069369787 71.43814923257132 16.98630502959135
76.645828521707287 70.965172197816742 17.316075627169674
76.621657136360341 70.455298149906881 17.58701626232056
76.615166807370287 69.909552288860112 17.782218442902078
76.62998595939986 69.338937053489019 17.862219141918093
76.644503743759827 68.75647668063516 17.855528015298965
76.594018777744978 68.185547089950177 17.809553355209836
76.463587559841983 67.628829689738737 17.727096912904301
76.353964667051756 67.067177273466399 17.650893260317662
76.322704090106583 66.494506222349543 17.593591071478542
76.3239334669519 65.919501196692764 17.541589638804439
76.333112722626737 65.345251413427022 17.499440799527378
76.360051324356064 64.768905266397965 17.479801104315392
76.362074626374351 64.193366752574335 17.460968775283096
76.293172916128 63.62270928585896 17.417112391451695
76.239932337374583 63.050868847890897 17.369963630562133
76.260822535152457 62.474796115261213 17.338603167085708
76.320272922741466 61.900247388029939 17.331853482720771
76.413784537516932 61.330655380416694 17.363506805559613
76.561540481904387 60.777851872954756 17.445728505034278
76.786899076103126 60.262217428111093 17.575053140229663
77.051956983389275 59.779600175026559 17.756720666824386
77.330092320859151 59.336775138102631 18.003949619524001
77.649158801379656 58.965324400460183 18.313881695076972
78.026433088037592 58.67546387202151 18.642717463816904
78.451331185557166 58.470031728689257 18.97991169788013
78.876747071799912 58.358068312966537 19.360204486759102
79.295772238434836 58.375352728124966 19.762885801062275
79.705851238467645 58.535757520198743 20.139524190512802
80.097925940049095 58.766832890225878 20.497795727601691
80.488677548925381 59.009500754233741 20.844989599782394
80.851232931796702 59.289112313760505 21.195002754295093
81.170223732344652 59.624715811734369 21.539711092626401
81.464123527339865 59.981056507413463 21.882551808655357
81.744769569862413 60.345298086127514 22.234854655858243
81.978585774313032 60.746146041613535 22.582494132690016
82.079480558844082 61.212540987123603 22.909527696834054
82.078415259248786 61.702749642241407 23.222642099656092
82.044080774911507 62.178955756277702 23.546102081787964
82.00451961175331 62.657610331234785 23.86182220102312
81.960036427510275 63.164585917439197 24.132746996587382
81.895779851303033 63.685089518849615 24.374776976222662
81.797867856681989 64.20111061099621 24.611171619569848
81.661215992318319 64.705142809477152 24.854878681194634
81.496492429440352 65.214411620502219 25.073792940657604
81.295817829073172 65.7350144315688 25.226869114235747
81.003701878888535 66.215722935104509 25.346390005128239
80.645153293926668 66.659775163923612 25.452143337903625
80.264288512411611 67.091275037915096 25.520746260472045
79.896721329153323 67.528930706798974 25.483236322073747
79.55859479338018 67.987896995428159 25.376246001992335
79.184741917438998 68.426442162139907 25.330247192398495
78.760496775001556 68.818972257131179 25.395503397662754
78.344554454690382 69.18020684536738 25.575552531507444
77.911759739454922 69.494029576290231 25.787490526602792
77.436194614607857 69.769561252374871 25.960314584159946
76.968219233396027 70.058831184709632 26.133269861920756
76.50127987790799 70.345464004172513 26.316323974613049
76.010343854319146 70.571949084908709 26.519933018003442
75.514705933295801 70.712284428559997 26.782997603931889
75.03882343023443 70.807411477729033 27.100757114355289
74.616556792352398 70.909179353251503 27.476746654910411
74.222150656116469 71.001243117789897 27.887359838607605
73.804410934131695 71.060406933352979 28.283700282235273
73.425876860321267 71.122284853274536 28.710541375604002
73.191598350339618 71.238776788518635 29.245419368239386
73.202255717865057 71.460037764250046 29.962504302173755
