#spline3d 5 121 5 121
125.78485166098164 110.90860767694444 1.225887069915268
125.96856029992551 110.91890957121166 2.0444299425505483
126.29516292114623 110.78882456643692 2.7208244684500298
126.72438671921009 110.58947294799192 3.3020810176796371
127.21147064956924 110.39288970835968 3.838652084217006
127.7141620823372 110.27591730002584 4.3816040179410995
128.19502688216392 110.15347405359218 4.9461413107113472
128.62513183090593 109.94234717430761 5.5220550959025338
129.0449355398128 109.64713837409381 6.0740058773281485
129.42982762501927 109.30585515340597 6.6181482787547452
129.71304833308432 108.9005154188372 7.1827505751652021
130.01015190101884 108.52979044712933 7.7657015875403843
130.21867810284391 108.12817188356445 8.3646938123513639
130.33641709929165 107.60744123356136 8.8993796280259172
130.37911606124968 107.07149892234249 9.4236370913582146
130.29127682314819 106.57328938088177 9.9847091602310147
130.07290058224515 106.12472789803539 10.544777849418969
129.85314435646924 105.6474807673454 11.086683740353909
129.56841384946955 105.05894941277376 11.470408861175782
129.08403042816997 104.5755051663934 11.794190857454019
128.59942727914265 104.08753879689809 12.093276723440832
128.10350268610006 103.53211224008524 12.245262042841297
127.46222386999777 103.1461602703021 12.333396913791148
126.76982516860421 102.85644663395507 12.410892008951233
126.11239441019315 102.50250438652137 12.427084281423308
125.45638274561203 102.13355354910679 12.424099358233429
124.76887998031415 101.84241952123654 12.36363528663245
124.07264003133186 101.58053958395575 12.259706137952655
123.37599885754783 101.34289758882011 12.106639132443471
122.69865162111051 101.18250748269836 11.818682403261366
122.06320793055632 101.03479273797853 11.446450790113948
121.44425994083312 100.81348824200691 11.086740505836614
120.79123825316425 100.61990265054962 10.773432657187177
120.13754918538217 100.41621876781952 10.467045309712395
119.52856623998397 100.13718621836276 10.130078378010527
118.93666391656647 99.8367383227868 9.775648691386662
118.28478436341699 99.55758328306456 9.5296469616508439
117.58371470680196 99.351995499596711 9.3428165342269285
116.9652665898991 99.056831442692015 9.0350890143909623
116.34704300016379 98.697016146021028 8.7993594629669296
115.70777423804259 98.294886388784704 8.7505998806522047
115.10146195354326 97.849274504985146 8.7702893704405085
114.57962688032876 97.31445893275739 8.842965000286064
114.05823132912072 96.793058862829625 8.9834306228298484
113.46009649682986 96.375755310771225 9.1870362760252124
112.96235891787217 95.915185561040403 9.5044880090801129
112.50183465777509 95.455667497614655 9.8790585799148776
112.00767589502885 94.970739729189845 10.186433714284755
111.69873750102711 94.47450475923263 10.662718648281469
111.48688124614294 94.052616519756839 11.259666338948858
111.32963379937517 93.65748073874002 11.870862329848693
111.24461785782397 93.240017479372653 12.48992190195781
111.12175112027445 92.864414876721753 13.127347990806133
111.01063483272362 92.539429474093524 13.794522447150626
110.99041856472141 92.24280360421038 14.483901770391753
110.90184412493943 91.969461507229056 15.176049217044122
110.74992940131855 91.690467753698172 15.856833361017424
110.61697576137226 91.461959111421322 16.557961432477153
110.49706135101441 91.285183509216182 17.275969165475782
110.33604428376773 91.0606011985561 17.974337657861863
110.20975006557157 90.919719526151482 18.699529622698769
109.97492480796285 90.84051791786122 19.412420814698773
109.74931960041657 90.598439390752759 20.09118119863599
109.50355677861187 90.194733663083824 20.679660456141395
109.29383432426042 89.720196244011731 21.227769495165496
109.15163914748669 89.123967808758053 21.67144715108542
108.96959817237773 88.416170825232825 21.89950181148836
108.82270826236815 87.679624248617358 21.960948800933963
108.74786011302541 86.935797308707038 21.929177000515701
108.58942749668871 86.202083926178162 21.823252342780989
108.44848410363619 85.519067403437532 21.490167250410842
108.35811607950531 85.044043272186073 20.892339373061358
108.26509439789048 84.750714838523351 20.201276229723046
108.30004138597621 84.42843199159752 19.521070708016822
108.51778534124783 84.0532109994721 18.903160825181054
108.83416295043766 83.703207878357148 18.318266260438094
109.19215461698509 83.401030104133682 17.727132345826792
109.66701073809921 83.033944858155948 17.279658064943831
110.18200061812792 82.637174346282109 16.879948747851497
110.68523903660132 82.14806307130695 16.612689591409364
111.16576887162628 81.567866747936847 16.582528215931102
111.60843910488009 80.934944893172243 16.558891881412674
111.88523844704818 80.252311200053967 16.728702334932553
112.03665510262574 79.707680690044398 17.272409937198709
112.15763146992273 79.237708157938272 17.85248077148416
112.01863828018793 78.803309820036333 18.454712084446427
111.71784302840436 78.519966255210562 19.105659039369908
111.34750943948981 78.422420132622193 19.743943543520853
110.99824249833702 78.292471061950039 20.39744231649868
110.60341013108551 78.23358632665493 21.036191313750585
110.05061590484446 78.344145916266854 21.562024089698792
109.4036422408231 78.531300522043651 21.899264678354225
108.73157008471512 78.756388305894163 22.154323072085489
108.08487149080547 79.066202276454376 22.370662858718475
107.47275045955442 79.455614500155519 22.555559926746394
106.85487374344299 79.865933262335759 22.715454416868191
106.35588516173303 80.357004399620493 22.995896539967404
106.04017843674262 80.865423722488828 23.482991631709442
105.85964678120865 81.517766826494011 23.823597699504809
105.86722430443514 82.240700455403498 24.059166751394528
105.99541273626605 82.91383081341877 24.359220729658567
106.1776194057536 83.578109764942937 24.669133010537958
106.48208927647642 84.189362396853952 24.984476750144314
106.88865126731156 84.680317486094779 25.388310029553775
107.29158230354658 85.169494891822282 25.792988207494059
107.82957382346896 85.635427958019008 26.046076839534134
108.45303316485902 85.984622539330843 26.29340202986964
109.10152294735781 86.242608507588059 26.568071257940485
109.77074009531039 86.405899526859201 26.865638769490271
110.46448221950043 86.509757914075465 27.137700033811306
111.15328855216697 86.517216545343814 27.434554241010645
111.86573162729898 86.479686694650781 27.66759687269721
112.58963687787194 86.492337385152496 27.863369384002784
113.29484658901654 86.527990803590669 28.110217188633758
114.00515023794344 86.522378877681703 28.3650070696171
114.70320613738673 86.373908324660206 28.605791678042191
115.33361314135531 86.08912122857204 28.907353672215951
115.89841710407575 85.842866278403335 29.343780737140932
116.3795171430387 85.606791091327906 29.870776936183187
116.71802471081989 85.344619888373728 30.499367329158019
116.86803142189819 85.021275038644262 31.22529202978626
