#spline3d 5 120 5 120
117.52288269895895 86.500521519203829 2.5740099085630073
117.02919776939346 86.342939631393278 2.8311555244483961
116.53020205149045 86.1784380568171 3.0504919115843681
116.02708488667569 86.006169503114137 3.2353441772270206
115.52103563365864 85.825286559409591 3.3890372701566158
115.01324336658587 85.634943583410504 3.5148983279323893
114.5048932193621 85.434317412135201 3.6162797932686046
113.99715826760433 85.222659306018613 3.6966172831248945
113.49119422646801 84.999357542262359 3.7594999072586321
112.98814422712313 84.7639756972264 3.8087010043499858
112.48915457590995 84.516251004852919 3.8481216416359905
111.99538876283874 84.256053136103802 3.8816571791147898
111.5080310714831 83.98335337924739 3.9130198851642688
111.02825926722623 83.698201961097197 3.9455480534974221
110.55716995152822 83.400750906866818 3.9820752822535801
110.09564161856923 83.091339878303842 4.0248735986088073
109.64413935289467 82.770644919967296 4.0756468794793577
109.20245616245758 82.439893049952786 4.1355167843737606
108.76953848963653 82.101008750222462 4.2050347908290693
108.34332415999154 81.756734613152432 4.2841473298595858
107.92079384761023 81.41053982222634 4.3722379145916648
107.49830287452457 81.066259742971766 4.4682870005705331
107.07216875966066 80.727526156229075 4.5711761686170318
106.63939343298333 80.397142571391413 4.6800933488126084
106.19839400686674 80.076569543513926 4.795000727249743
105.74947338550307 79.765756477543704 4.9170206127749267
105.29516281359643 79.463170812019371 5.0487704524674806
104.84033186352409 79.166102815683118 5.1945174268412293
104.39190766256056 78.871242093134271 5.3599228015134912
103.95829640004771 78.575370502687747 5.5513939731117912
103.54855547260536 78.276084983673982 5.7751869310924366
103.1714323447317 77.972486202846582 6.0364922634120193
102.83450657557714 77.665607212893349 6.3388291857405736
102.54351499851444 77.358624426438553 6.6837225676075454
102.30178403123199 77.056864350746025 7.0705712111381711
102.11003830582928 76.767347703900739 7.4968687972569761
101.96649208963474 76.498049488608459 7.9585635405382726
101.86717044006498 76.25700361975386 8.450514142942545
101.80633697197236 76.051447321761003 8.9669936359827673
101.77691156305261 75.887166691036711 9.5021847056855009
101.77077605359349 75.768146344382174 10.050565963436535
101.77886618394427 75.696218640690901 10.60724027423219
101.79125034005594 75.67095746138871 11.168103972921326
101.79724473889084 75.689577901438838 11.729851536154102
101.78576006669061 75.746822716104532 12.289827126728898
101.74593179580793 75.834814018531745 12.845765083077762
101.66804141174755 75.94294996807146 13.395460831655063
101.54439437196112 76.058115442431273 13.936474737803222
101.37047377574409 76.16488601369899 14.465843533335267
101.14593519361479 76.246358990937551 14.979886319535941
100.87537505973712 76.285437476263539 15.474163973753029
100.56869758194054 76.266504506571394 15.943617325142922
100.24091022439676 76.177213872907288 16.382877761850853
99.91120210595129 76.01007719322439 16.786722630223018
99.601289065570569 75.76313329257809 17.150547987523925
99.333595136471089 75.44045163268936 17.470896018535107
99.128792383027886 75.051619133208916 17.745957635074696
99.003371645322488 74.610347202477612 17.975902171199021
98.967496722627985 74.132625789703795 18.163057474893634
99.023769864698991 73.63458896885372 18.311840159980303
99.16701716029408 73.130502862336215 18.428502605909152
99.385563076570605 72.631408911365824 18.520604142627164
99.662964873203251 72.144311100008807 18.596405407020008
99.980331252979042 71.671899554051265 18.664095734693575
100.31895862655242 71.213058132142322 18.730948156219828
100.66254124510047 70.763846756350816 18.802645796125862
100.99856317779791 70.318699926683976 18.88298749096597
101.31874043521881 69.871592240910346 18.974064928046896
101.61843400047402 69.417023166170011 19.076909182254454
101.89549645604346 68.950702456501858 19.192288174327587
102.14891184346401 68.470160041532267 19.321510320237032
102.37721196313029 67.97510425024943 19.46697877486335
102.57729577531298 67.467638795929588 19.632207911525807
102.74384043147261 66.952343108449782 19.821272534278439
102.86938939613626 66.436234187590344 20.037848632669476
102.94509596775882 65.928565001979294 20.284150891117456
102.96182430949783 65.440405863946268 20.560247919778831
102.91147776675342 64.984233200773232 20.863500556546697
102.78841052655218 64.573129839112454 21.188678314076604
102.59057793458113 64.21981129908211 21.528512802693864
102.32024493134678 63.935445157153595 21.874636247549567
101.9839736446949 63.728597516593851 22.218632877666671
101.5921648335562 63.604274639279787 22.553089694242079
101.15787095149791 63.563740030877284 22.872290893113792
100.69566483949879 63.604412125460989 23.1727919990347
100.22023374128727 63.72038703427507 23.453631680553151
99.74517585963865 63.903310072688633 23.716216343246259
99.282206620933451 64.143429685044239 23.963951040169981
98.84085242605596 64.430629229690354 24.201759642319114
98.428547680613661 64.755338070697448 24.435536648146183
98.051027627753498 65.109138975368523 24.671516120010565
97.71265142270741 65.485153353477926 24.915614517853577
97.416643144400211 65.878236761802839 25.172639306596224
97.165227968215049 66.284900164021494 25.445505302800427
96.959669929497181 66.703084325290192 25.734642218671045
96.800332923018303 67.131841640831865 26.037757413212738
96.686836903664769 67.570938991348925 26.350063235547935
96.618335952287055 68.020403168442201 26.665014860214871
96.59381305078206 68.480092480098932 26.975250998149132
96.612343496146394 68.949264433829072 27.273708132836131
96.673213553949637 69.426243308247479 27.554749744378721
96.77581563219232 69.908250116280172 27.815009776113229
96.919379620107478 70.391423838640719 28.053826908039849
97.102674131545029 70.871016961728841 28.273220962513864
97.323820272684401 71.34170408022608 28.477477586601548
97.580275741404989 71.797921623720612 28.672498928068791
97.868909905935396 72.23423075425238 28.86509967377712
98.186243227625212 72.645727795581763 29.062089883330724
98.528714360343812 73.028452270724117 29.269415362364366
98.892906392782109 73.379776905244313 29.49142468242335
99.275668700555499 73.69870733661341 29.730409735742917
99.674125327812533 73.986012634566919 29.986503737905085
100.08560594120506 74.244060860030899 30.257989798363056
100.50757694743876 74.476656598472331 30.541604862919343
100.93756174597253 74.688598608840678 30.833109928395967
101.3730969660849 74.885255244857774 31.127757655646967
101.81171582798331 75.07222686248312 31.420616534499725
102.25094830102468 75.255168294476618 31.706717892992668
102.68832392805621 75.439737799884767 31.981091260817124
103.12137228850715 75.631593438928405 32.238766243633712
