#spline3d 5 120 5 120
130.55672785064181 115.98179914320338 2.7787540092139258
130.94359071155597 115.93203342829787 3.3909664448014891
131.3097351863731 115.79783497009535 3.9990663102370885
131.64963791215979 115.58706683930717 4.6008367202138132
131.95777532173491 115.30759187891537 5.194060860597288
132.22862577254685 114.96727365846408 5.7765208879493581
132.45669324207074 114.57396360537398 6.3459790541798089
132.6365596884975 114.13544651811419 6.9001288032368446
132.76302485384863 113.65929151782944 7.4364903985733877
132.831272677697 113.15270897568342 7.9523285300120623
132.83730609403693 112.62227389339024 8.444506412413924
132.77823741144763 112.07387556817598 8.9095148581950081
132.65285998528256 111.51259646045575 9.3434945960478988
132.46196750049992 110.94283108872808 9.742398502098558
132.20839187082711 110.36848298003765 10.102137574262661
131.89701603276967 109.79321816477049 10.418712195493093
131.53396684892306 109.2207792220125 10.688272446084133
131.12604944362661 108.65531467824133 10.907258503939991
130.67984827738914 108.10153754905818 11.072583312813013
130.2011370998504 107.56475313635904 11.181978699130926
129.69448078756093 107.0505806640505 11.234560342691527
129.1633950086142 106.56443291625237 11.231098051253012
128.61055422116959 106.11061709732716 11.174597961790793
128.03836827153964 105.69170022032122 11.069987927971912
127.44939135574707 105.30766072076256 10.924047630599626
126.84657836126841 104.95571915361791 10.744816997491569
126.23324347710131 104.63066583671628 10.541065354537047
125.61277402899705 104.32543321310044 10.321770888128707
124.98823466332556 104.03234701365579 10.095680765259797
124.36183776312508 103.74422837868174 9.870877011376189
123.73471874904787 103.45532441063358 9.6545560708963301
123.10683863595553 103.16185002008247 9.4528027211933949
122.47715665616653 102.86217720939803 9.2703928695160442
121.84408440038943 102.5563628016737 9.1109250255465888
121.2059323112786 102.24587608720554 8.9768632969112048
120.56137461468185 101.93287145084187 8.8701218905633272
119.90987467345775 101.61979691283771 8.7925783296566049
119.25195194069883 101.30905612649134 8.746637516343279
118.58925723981547 101.00292457886573 8.7354901705937191
117.92475140819094 100.70350127869517 8.7632642983093429
117.26245253590932 100.41267375012154 8.8347010406737265
116.60749512149307 100.13190578842416 8.9548914453326081
115.9657454616045 99.862073177033807 9.1287759892375728
115.34347444395641 99.603287823194705 9.3606793329938718
114.74678673136495 99.354891592125583 9.6536578854244439
114.18112540146518 99.115776316080542 10.009128565754757
113.65065975217215 98.884825152472018 10.426095171242245
113.15835355056562 98.661335123576336 10.9012998470439
112.7062202626603 98.445260731951805 11.429143408505391
112.29627511712438 98.237013406129279 12.002366084475863
111.93144528652238 98.037022493372561 12.612754436361293
111.61640921608831 97.845025896115033 13.251789310541122
111.35727645603602 97.65969011798046 13.911081370025229
111.16095439291951 97.478095213166753 14.582648115576193
111.03364180900086 97.295991603547122 15.25905609614348
110.9793504821951 97.108154179418108 15.933706471906177
110.99849484803295 96.909128717369327 16.601307008469274
111.08765141282474 96.693901650620262 17.258146572276829
111.23905374034281 96.458592988281637 17.902659040870351
111.44191302193688 96.200502071764603 18.535055887365434
111.68325344569344 95.918041141591729 19.157003021081657
111.94956513878411 95.610031436542769 19.770389652954709
112.22799447697356 95.274997318967834 20.37604680181844
112.50751133943029 94.910477746301424 20.971969553348238
112.77906447826872 94.513055903429191 21.552748279997832
113.03597999515618 94.078634532718439 22.108417298145536
113.2734070436014 93.603424605808314 22.625307081746438
113.4880544857577 93.085043717150882 23.086914990252044
113.67779698712333 92.523645638520378 23.475938353059842
113.84129481790964 91.922150104839019 23.776386203545766
113.97789759547774 91.286464807568706 23.976459031105332
114.08748255724774 90.624279233658285 24.069889891039484
114.17054043866172 89.943993039527726 24.058130595293292
114.2281025836721 89.253140857018963 23.950443980850586
114.261591003756 88.557312795333672 23.763391180644813
114.27249394598027 87.859280243955197 23.519914440175466
114.26200734032045 87.159526703386831 23.246600304532073
114.2305845722521 86.456780346999139 22.971727321574704
114.17777311380132 85.749634472134062 22.722621105539595
114.10207945433727 85.038035199530853 22.52369326901848
114.00102287632481 84.324830345634467 22.394788503696866
113.87135089569963 83.616310258685374 22.350825548345714
113.70912643374457 82.922980128437501 22.400538047224881
113.51003473245571 82.258500945589915 22.547224951559006
113.26964611399403 81.639016921665785 22.788039161034956
112.98392257594487 81.081331491991264 23.114795635501931
112.64979248450071 80.601315507345916 23.514683220637203
112.26613009737672 80.212027414334713 23.971193400053256
111.8342117773755 79.923108309103128 24.465952739880969
111.35887286320067 79.739686553600038 24.98025915960681
110.84832858187421 79.663235284286941 25.496794755381114
110.31441700509887 79.69191860619685 26.001171232044673
109.77199710817585 79.821571450890147 26.483077275885993
109.23806842339545 80.046387975079568 26.936597846344789
108.73078592279181 80.358955588507811 27.360886742055502
108.26808932502584 80.750441392590318 27.758924311408119
107.86618186769685 81.210222938764588 28.137129501079784
107.53831178100879 81.726140984932911 28.503611141335892
107.29373773320843 82.284773128321618 28.866878176231449
107.1368898710258 82.871982638490763 29.234499671933282
107.06793460642545 83.473549016118838 29.612563707820534
107.08271218644477 84.075836212102274 30.005186232297305
107.1743071147655 84.666243283959858 30.414973493008816
107.33384494914449 85.233769010735088 30.84329855030812
107.55157231383544 85.76934369767514 31.290913905785136
107.81736454335164 86.265941379770638 31.758388564397912
108.1208428564882 86.71890532071312 32.246441357137869
108.45134783770831 87.125440705219191 32.756030830296957
108.79781274126923 87.484552784032871 33.288349849113771
109.14884985439171 87.796283716342813 33.844621361329487
109.49288394909517 88.061166527275688 34.425884827108902
109.81835074165652 88.279617400683875 35.03276598040663
110.11383109005942 88.451610132092242 35.665419744577221
110.36815377718909 88.576429872558037 36.323446173789208
110.5703382794248 88.652820679470921 37.006053157759865
110.70953342880944 88.679117591718608 37.712157641448535
110.77493577981055 88.653483150079509 38.440549488223645
110.75575542808049 88.574032730159971 39.189980354268968
110.64120351645634 88.438880039731146 39.959199912942438
110.42049107968194 88.246138820550485 40.74695798178746
