#spline3d 5 121 5 121
75.025253871244942 114.27106287501481 3.4847629238047073
74.910355314225995 114.26928743040807 4.1750035885251329
74.687863463788659 114.3445334954437 4.8061416831727852
74.408380336817189 114.45596564884923 5.4068539545238679
74.135490730126378 114.55680101331548 6.0128505481399124
73.857396284241787 114.6351831003596 6.619183251672311
73.526462623433389 114.74313590063213 7.1947515378673499
73.206380426283019 114.85360730326158 7.7757272916024869
72.908858118567736 114.89470338621884 8.3778485464792727
72.604634533680155 114.87569416486795 8.9781885959814751
72.308023321819078 114.80980457900597 9.5775677262190939
72.011789297839258 114.70667701652067 10.171827283100557
71.671884842924172 114.61133628379791 10.744113010111388
71.396930777082702 114.43746542589172 11.337844253190925
71.216118982674786 114.16879417867955 11.928609007820391
71.047117501320201 113.81646625325902 12.479502730297899
70.873164518285179 113.43179136317337 12.999886239659796
70.774925964047327 112.98637516297802 13.493722879115822
70.692451669775011 112.5448290205447 14.005781763317676
70.774889280759396 112.0247173258645 14.426715498248962
70.927517582245059 111.43973888418452 14.74157458722868
71.097051451651836 110.84720389343198 15.00480080691597
71.356769286831252 110.23404359779956 15.129139069902745
71.641773482979943 109.63744371513653 15.247106022882871
71.966250430617563 109.07225380819825 15.410010566452339
72.201564942440626 108.44830337548909 15.544018004332283
72.616589614915199 107.94600258884878 15.704995627571353
73.139650100968822 107.52205445453735 15.829503289287103
73.695513896211068 107.14558363839782 15.822600674073964
74.270182388315206 106.79792529374403 15.756206301260381
74.855620920078721 106.49642907769908 15.624833145181363
75.437087811257356 106.18147475421333 15.508842092970495
76.013826666833296 105.84743818293053 15.419078222219694
76.592280383408564 105.53096976025023 15.291397114187561
77.157636669450071 105.20152826647416 15.133725169093493
77.749827071193678 104.90914441809875 15.004075330022326
78.338897573244154 104.58243477338213 14.993425215949207
78.94064168377281 104.28277111561694 14.99364559421968
79.552637166754181 104.0085017779703 14.950976875507788
80.153752840435857 103.71164056744909 14.900427111343356
80.750701103225424 103.40252952823691 14.902737117913139
81.347522374509808 103.09542987670727 14.925092332234664
81.940003516431929 102.77695069395449 14.941146806373158
82.526357600575906 102.45550717481144 15.006293020170201
83.082757561524147 102.09751983912091 15.132619396369957
83.617996060415095 101.71535168725055 15.27386166845689
84.122526801777454 101.33788254855018 15.512052042019826
84.617360724033517 100.99054137061442 15.808258011941456
85.091279462666563 100.66989318970688 16.163364727473169
85.500497380240304 100.32970884259235 16.578927152771008
85.831246894573766 100.0126435623044 17.073283132174637
86.12820789949923 99.72618746977885 17.604097461457023
86.392813722183618 99.369415630373297 18.109437604691657
86.710134636064112 99.041616797724259 18.60302830586523
87.009641709775494 98.705626105989822 19.101044472640918
87.256326722365785 98.332435724170139 19.607494562447616
87.410590258042561 97.97294850562119 20.155281814658526
87.483691090712199 97.6438254497522 20.739837083497029
87.539825507889034 97.362090263508748 21.347414493286138
87.515359119025618 97.105209645526514 21.970478347705122
87.523389043493623 96.87506793793095 22.601303810745481
87.663976850098535 96.687346380908053 23.235318066201611
87.785020145933643 96.518939273029289 23.873688891234981
87.949500361278112 96.279333225448639 24.484654872331667
88.218973300761618 96.132650044427123 25.085563815547321
88.56106827547336 96.111691217129589 25.669538163163647
88.918528830866862 96.1004880613458 26.236970172448235
89.240515808717717 96.102486485156547 26.831425007764899
89.705614946575281 96.035026801298912 27.314679226872418
90.210598626837637 95.880033836063404 27.745542321629717
90.671056337950631 95.569808173200997 28.128955306213982
91.113656358071154 95.183126935928499 28.461039151674001
91.569385535410092 94.772292075657944 28.733373890812704
91.982557012497239 94.287280929379548 28.960874069018463
92.30506598398668 93.715422055363817 29.124766931644615
92.486250448189054 93.064663815320941 29.191034048721505
92.608729768877595 92.394578830642303 29.172952935782366
92.68369026886954 91.758823211971688 28.955281227663459
92.689985019495126 91.147731053356068 28.659123045849963
92.576720328453447 90.56062898349181 28.353403140687604
92.415291638383891 90.020208253109317 27.979225561618399
92.178736092706828 89.519281115350537 27.597575900714709
91.817299982401025 89.040796957260454 27.282042727967195
91.395219284456928 88.581819557517022 27.027969573745075
90.933087580983994 88.133110444615596 26.841592694551082
90.461007739255905 87.682935106076542 26.672757659664359
89.982453625745762 87.23250358953581 26.519852351480722
89.452793318809526 86.813587408077538 26.54566036078991
88.972675641733701 86.329522172208542 26.578835852079067
88.691202238609748 85.723375818857704 26.698963348743742
88.484131145637676 85.127838569100902 26.956466935446695
88.355455214478638 84.550400214279435 27.283704202836077
88.357422136547072 84.025530900857689 27.708119573151645
88.443571562775617 83.556730692645289 28.192278212173306
88.582651331155077 83.163649821399503 28.728594715248324
88.6523313120626 82.95937104449078 29.362754587449395
88.707125143103923 82.81051924606237 30.037073274770755
88.841545652589843 82.85583497782531 30.69534671101723
88.974066311950679 83.184676085600941 31.289690638152479
89.123253082609011 83.541194400692461 31.83809357271921
89.284956979665864 83.919149522331324 32.364540648100899
89.416369855712176 84.320012309013876 32.892583283089984
89.51730205020435 84.762296310485866 33.389624674866944
89.534620653649895 85.282558266758244 33.818181218216182
89.513463597193223 85.800698604392451 34.24818606757799
89.443366769221498 86.346834551520971 34.637857841969975
89.332497307665861 86.97182153859157 34.879247311300013
89.159672654041756 87.614568223478841 35.019931818330114
88.837732836666817 88.163579201812581 35.239044578359533
88.531883451648866 88.678538249479359 35.551588551683679
88.18507626408396 89.149076483469727 35.893487537831739
87.73831033705018 89.463700339887623 36.306956748703243
87.203492340633431 89.571749074993974 36.716301276369769
86.625792777518285 89.629414391007757 37.050037230324328
86.021009007722554 89.807395185131881 37.314683958034657
85.474202909828307 89.824753516154814 37.709704173435455
84.996586429470554 89.67143282851724 38.179061632585537
84.530206991064361 89.519398977472861 38.630728311198112
84.104631683293903 89.335920654199711 39.115385542197785
83.739085943771215 89.106764331848666 39.647598172494426
83.45631712833142 88.81238835116983 40.250300357969195
