#spline3d 5 120 5 120
126.62665391643692 108.02285013638163 1.9021345473516793
126.88147075633141 107.7020485473939 2.5442948314140112
127.1654866365795 107.45726083651007 3.1850000316450946
127.47306568352376 107.27486543477492 3.8248857475636742
127.79857226200265 107.14124139675494 4.4645877093810959
128.13636961580059 107.0427639729116 5.1047405774572709
128.48082582523639 106.96578094274794 5.7459588158733395
128.82635755544177 106.89657911990135 6.3887565957271981
129.16747435591296 106.82141786173703 7.0334223277245673
129.49878218806182 106.72669674130175 7.6798519194148893
129.81492204989564 106.59942294978622 8.3273246873018447
130.11049109806515 106.42778333039685 8.9743318206053821
130.37991096271224 106.20222020904984 9.6181640679167799
130.61727880631028 105.91582559242144 10.254850363687799
130.81592321587476 105.56559349409262 10.878721080779151
130.96817891304076 105.15217556904459 11.482658415363824
131.06501051487862 104.68072053446518 12.057993301408237
131.09641668397137 104.16027569508081 12.595017295173257
131.05224654801626 103.60374836965447 13.083417539405197
130.92365800032238 103.02695462934882 13.512977502291706
130.7046053512332 102.44739038047814 13.87424405550084
130.39347607646849 101.88250237558667 14.159405223535712
129.99334768026583 101.34802360293774 14.362815724608232
129.51275709620077 100.85575224304044 14.482173050557412
128.96413633482297 100.41308185302799 14.518441632934197
128.36302069121186 100.02154507109768 14.476816840435763
127.72573073616783 99.678112634055083 14.365955677100187
127.06737985617758 99.375774819662112 14.198087276772446
126.40022748211427 99.105658396860477 13.988012602306664
125.73238450997927 98.85864206835565 13.75247167784031
125.06761178295709 98.626777986115954 13.508942866511161
124.40594942136801 98.403947867161492 13.274294777183524
123.74471893901718 98.186149496487218 13.063021098519176
123.08010365453916 97.971012049052987 12.88630027032956
122.40841623041224 97.757525998670232 12.750626459286448
121.72696687066879 97.54530292977249 12.658712351171665
121.0349263902682 97.334114101533132 12.609716623485847
120.3333142540409 97.123423374977733 12.601235632443046
119.62520930809545 96.912107040161587 12.630820128626114
118.91536623187574 96.698514421277665 12.697418235816246
118.20989871164565 96.480741163630341 12.802134591395898
117.5158069574411 96.257143578271624 12.948294224017973
116.84045379531138 96.026808180090612 13.140743966883168
116.19106476351389 95.790031827308695 13.384929374357991
115.57436581329304 95.548188487797489 13.685783743940808
114.99612513310248 95.303532228380632 14.046405177567507
114.46111838294905 95.058472941696181 14.467567462331662
113.97286324090332 94.814882879270996 14.946875891666817
113.5337592430101 94.573689547603522 15.479189447579447
113.14503391583071 94.334757810670567 16.056936023371211
112.80681930297798 94.097330019233084 16.671119555251131
112.51814561509796 93.860725194109932 17.312349409098424
112.27667470664555 93.625268717635748 17.971939715452905
112.07858681527685 93.392835378826945 18.642586399851687
111.91804667903013 93.167409728914024 19.319220724029453
111.78753937742638 92.954452555047467 19.998866234700564
111.67796371860823 92.760158641045592 20.681066852733924
111.57961300774514 92.590022627731727 21.367255507949373
111.48307330029155 92.447214665861949 22.060458124251522
111.38006593030794 92.33147099879514 22.764321120633642
111.26395809057203 92.23825101315866 23.48201845087014
111.12986535765805 92.158497264000204 24.214687265481587
110.97431712406789 92.079259141139516 24.960069038988976
110.79507389179255 91.984232411645351 25.710411155454331
110.59074893791386 91.855464780779457 26.452237413976555
110.36097033094578 91.675285695816044 27.165010466630452
110.10643569042843 91.428480617113081 27.823082410603742
109.82971981993879 91.105345197165192 28.397137768486999
109.53578013599429 90.702931067474594 28.857923994192262
109.23285845633197 90.226481978269959 29.180301389644068
108.93266388792681 89.688551697960079 29.347106966872055
108.65014683742228 89.107173808272861 29.352060327765159
108.40270329462219 88.503026161323419 29.201477087408261
108.20879359239223 87.896318069335535 28.913030332320353
108.08613435762555 87.303645705935921 28.514433996792693
108.050094773586 86.736757196409101 28.03886739386391
108.1112277043852 86.200685261388188 27.521657793750332
108.27486949048829 85.694972565447372 26.996601070961351
108.53946637206782 85.213484026106983 26.492952628783623
108.89737826692118 84.746374722460132 26.034528976340219
109.33465183296605 84.281340492656625 25.63888910784684
109.8318641222118 83.805609633594642 25.318072970243719
110.36486749422534 83.307728751385909 25.07962747963413
110.90562368365383 82.779633486730361 24.927682257647113
111.42378465257188 82.217761415563629 24.864325832394627
111.88837778342344 81.625050699729996 24.890083880882397
112.2698440698116 81.010366965228783 25.004349046699847
112.54300349261636 80.389375596072568 25.20469564879502
112.68852845515234 79.782291923137066 25.486513903062228
112.69580153247963 79.21241164091559 25.841894999978994
112.562937417767 78.703241225253294 26.259655635032438
112.29755951456212 78.276012107591825 26.725340741557069
111.91542433121005 77.947787231716219 27.222305614942265
111.43868417986485 77.730476175267398 27.733078767366802
110.89376333502022 77.63050350361182 28.241033423986607
110.30888458196348 77.64979573722249 28.731711877435483
109.71212305036077 77.786103540335574 29.194464279586352
109.13011635076882 78.034316168514493 29.622558978321248
108.58680704194694 78.38637245765409 30.014240759361012
108.10345914011572 78.831893352677412 30.371740541008911
107.69806685950134 79.35772146860208 30.701191241536858
107.38566944843565 79.948190230142018 31.010998681019611
107.17803129270862 80.585070793866763 31.31039871249126
107.08354169049733 81.248072463026844 31.607607332440423
107.1070067674048 81.915468558993879 31.908410231655807
107.24911661041899 82.564823167469285 32.215113006637239
107.50670296439853 83.173760986407245 32.526880758494144
107.87208851670715 83.720868995006697 32.840240056920024
108.33396314751681 84.186240592475954 33.150811119791236
108.87686636957358 84.552717141760638 33.454889885724363
109.48217991411926 84.806250457630782 33.750660032863259
110.12820537197271 84.937028356864246 34.039248814981121
110.79112043630492 84.939350959169943 34.324610568356128
111.44557603597092 84.811531413304678 34.613271011989134
112.06538514695589 84.554962705071858 34.913586026198281
112.62399040728243 84.172950699131817 35.234972049103057
113.09471997613377 83.669742038398368 35.587330643634751
113.45089093001063 83.049814034688396 35.980672774569619
113.66582086534042 82.317664508584755 36.425018224739702
113.71282726428507 81.477788172622596 36.930385460549452
