#spline3d 5 121 5 121
119.08034817610093 80.364714444088278 3.3206364571799978
119.27944754495051 80.401131655476377 3.9929041982534863
119.38265816893123 80.238873593752061 4.5855971697870341
119.42270858224096 79.956091307388903 5.1306839534836115
119.43631756627509 79.63778546508226 5.6638007185191208
119.42061593560231 79.303832975822232 6.1861989509495663
119.33436738205195 78.894609132590062 6.6375534240133254
119.2170673234517 78.443243518780051 7.0484656812691471
119.0870104100179 78.017726704447114 7.4760883752868263
118.85462707221177 77.622787747793424 7.8945303486986127
118.5398085625997 77.26655769437231 8.2934871959087779
118.15981699178806 76.933416276076386 8.6495656100795024
117.77383798604944 76.552610834218143 8.9460312498904511
117.39899598424999 76.177327969891564 9.261777489273447
117.04987379514878 75.805053992995482 9.6114400588077391
116.71439266561391 75.386212030161545 9.9178964959191109
116.33811285968179 74.955075436168542 10.152670234732094
115.93330060070367 74.528492211241115 10.348633971692566
115.51935074429424 74.086528713453603 10.471696297252555
115.0970111390352 73.633219985558185 10.509857530315088
114.6413634469781 73.21575861552401 10.498142950777432
114.13505412944571 72.861448643942708 10.495834318432511
113.64689056917454 72.482029053247572 10.497953562227307
113.19858621322145 72.059302858588865 10.432816461753109
112.73516659232759 71.676514422808111 10.285487122492627
112.26192437914737 71.327204411075925 10.09707435454439
111.81479438088301 70.970427422447486 9.8477441439741451
111.29404290416308 70.719694717227611 9.6358140545795088
110.72005436750302 70.609368372736469 9.4210510446248534
110.18468500501777 70.502724179465559 9.1251742069750108
109.63162009121201 70.440970210607517 8.8598310580148461
109.06971584118061 70.491137218455052 8.6029259532121305
108.51481275864461 70.594995237311522 8.3511925084425354
107.95676180340649 70.790047759039794 8.1512293313680555
107.38986761431271 71.045139303337706 8.0626506867563261
106.82326523804379 71.259713740997753 8.1861042941402058
106.2741177876846 71.441638770076466 8.4304460581937484
105.7769501269977 71.645112137454561 8.7456023356689379
105.35146544936433 71.759859309897905 9.185860948740217
104.98520207377281 71.692410901214188 9.6878135385500741
104.64817844034897 71.57247882031325 10.194876190976453
104.33336469401718 71.458944766554879 10.710777365728214
104.0765500716285 71.260020356648482 11.238429954247483
103.87605136098635 71.044390970968522 11.785153515068551
103.75596843326167 70.863665196367251 12.363595703939655
103.69223807765026 70.686361399927591 12.953036124135133
103.66079579836432 70.460138056412617 13.527424044286114
103.61700129291688 70.189307074470719 14.08171883004718
103.56641456180949 69.866981470147124 14.606828008147154
103.56406793584434 69.528868298930149 15.123737994368822
103.60815674761824 69.211721616757899 15.652544300199295
103.67065235900023 68.911101208442119 16.188623262239954
103.74311685897088 68.633176534282626 16.734881051398585
103.79879101506691 68.373168021608436 17.292264885972465
103.85855948261334 68.123205944907951 17.854243878123143
103.97560553785355 67.924674046298264 18.428742382987057
104.11027024765924 67.825401686910737 19.028975248974337
104.23183375531916 67.84076687982224 19.634475138103291
104.33719279020944 67.919005423688944 20.239212276166587
104.44479987110049 67.953634772029901 20.84635312974434
104.5654063536159 67.95457973288579 21.451746805991533
104.67976646483481 67.95909348293533 22.057498784220439
104.79593520611307 68.00322871158437 22.668306852390813
104.94591638850511 67.974749002138779 23.261828671203922
105.14537983136519 67.811855648844301 23.826330776816459
105.35551357314483 67.65542895694918 24.395455240770939
105.545144222199 67.39286176472072 24.917751601377567
105.70978492792086 66.965915439887596 25.345046370230808
105.90727134225253 66.497178723414862 25.698464600352498
106.0925565179453 65.985508069607221 26.004252409912812
106.21796681499006 65.397648428709388 26.182653573166025
106.30816063237864 64.782376998449337 26.135446408943167
106.34733327755521 64.172704150644236 26.012866066439159
106.44724054240307 63.575618111128392 25.910468071354284
106.56178495423698 62.991261586043905 25.745473087243152
106.52925488110367 62.413706188029721 25.484122706114579
106.32378545412033 61.85702567271781 25.308282720718079
105.95454515614398 61.348107530926313 25.254125184728149
105.54570616249575 60.874731140630864 25.220786380196916
105.06803924266853 60.512627891613192 25.332060706017192
104.55554345376009 60.210202586460973 25.528232517101422
104.07569325647263 59.881783116768183 25.741313739374444
103.644790703745 59.567765773501307 26.062613263308918
103.24568767796359 59.377865044386823 26.502397012448306
102.82093837671852 59.290462576745128 26.944147939455185
102.32346624511452 59.215028189242098 27.305277783312373
101.81474248292773 59.168720545220303 27.661297114788663
101.32972423329575 59.276895586473636 28.028596831242201
100.87775760590786 59.483674182291175 28.404637947709151
100.46766535239868 59.667347944733699 28.831238046280074
100.09245686769165 59.910512393891409 29.253573458703233
99.73769244492641 60.261018637334182 29.622480931179187
99.370575210310264 60.606082127539715 29.987208536291348
99.020676460721788 61.006850029515149 30.297387605241134
98.719857204692104 61.500761935746226 30.522424598481166
98.427709167017497 62.015662578193385 30.717605658198138
98.229343364587251 62.560727248661649 30.931665461119874
98.195716537650156 63.142315533750882 31.156520732068358
98.244073125974225 63.749424349947532 31.286812859730535
98.342646805099392 64.356655958154917 31.366782063059453
98.55629470134933 64.930406923604522 31.433991633008574
98.850983357331017 65.476268649759888 31.479986489159351
99.19044531078795 65.998098694998021 31.491409124686459
99.619486515777908 66.442320294062242 31.465796775476694
100.13628280575927 66.785823069005261 31.449615683982781
100.66559402932415 67.109157999134069 31.459617169743645
101.20699157251846 67.400693738910761 31.487880615883164
101.7943682043706 67.590818469880631 31.545352314358006
102.3858838725529 67.736276472139963 31.665663177515686
102.96992185196584 67.83054767273245 31.84741824942299
103.55130726077815 67.834160425788781 32.055426129536585
104.12293564386385 67.861035969009265 32.293139320917412
104.6499700058498 67.947047284739241 32.607835903336586
105.10937603580241 68.039322214107784 33.018305416076203
105.48324513935951 68.080997590455155 33.506652728586282
105.84163326101644 68.098749292667733 34.011700228034911
106.21632075380614 68.086203272997466 34.502116509060592
106.57000258292949 68.005252808684588 35.00224492352136
106.9068236674271 67.895348353977553 35.510219797513386
107.23874397697986 67.802602940645002 36.019166100805755
107.57686794075835 67.7722979732672 36.522747617372659
