#spline3d 5 120 5 120
60.279024960014198 83.795758148257363 0.9052484152133381
60.674818502139921 83.386893798381621 0.85145443929623599
61.08937040112442 83.011527453562252 0.80349240101164043
61.520895485991012 82.666825419210085 0.76210149849460473
61.967608632613619 82.34995410546999 0.7280211278082277
62.427723898262308 82.058077879452071 0.7019864593739229
62.899444888985698 81.788332554495 0.68466966438092169
63.380941817417295 81.537755469298119 0.67651042492696323
63.870322643655676 81.303175162027983 0.67740630459415097
64.365623737844444 81.081131527023302 0.68645398435258342
64.864823066347213 80.867831416145151 0.70175594637555938
65.365898686701755 80.659189085476584 0.72037222820780733
65.866952509822951 80.451037798310921 0.7386065051531242
66.366370275824025 80.239462640899063 0.7525294883163236
66.862977644072373 80.021189488027161 0.75867531974819202
67.356086604112534 79.7938106982959 0.7545928957639737
67.845556436157381 79.556078711331793 0.73953299121818705
68.331696769075421 79.307985298897165 0.7149297954726116
68.815084713525934 79.050712449439686 0.68464705989464758
69.296290986268787 78.786462598399595 0.6549318048445133
69.77562642999753 78.518167233744478 0.63387422517771197
70.252918192915899 78.249269256710306 0.63081432426857487
70.727342764901607 77.98347766435441 0.65539704009724598
71.19740395120516 77.724529327492249 0.71646045865729879
71.661026296161211 77.475961402692604 0.82101973143810492
72.115742542683066 77.240877551832739 0.97356536509754699
72.558900755604697 77.021783404516484 1.1759281097318446
72.987859210497149 76.82036226292216 1.4271317108789681
73.400192375088878 76.637361054674898 1.7239037236108135
73.793849991651683 76.472553541619746 2.0613473255192871
74.167303813952898 76.324809941732198 2.4336802139103466
74.51958413897178 76.192319994092998 2.8348712059828096
74.850309256356596 76.07278545650918 3.2591200687523392
75.159604203264749 75.963707964538528 3.7012924872559663
75.447922726942892 75.862695628790675 4.1572111839933674
75.715863456297811 75.767721742888327 4.623808167577752
75.964086218033287 75.677220562520674 5.0990723941399567
76.193353081740369 75.589988547380059 5.5818219474157003
76.404686496110045 75.504972253643544 6.0714547822703562
76.599558344355003 75.420905025512198 6.5675393685390215
76.779952466088844 75.336026058883547 7.0695001979785443
76.948162458092241 75.247981711223574 7.5764437829306335
77.106374515231963 75.153980617809424 8.0871827423570917
77.256134812554777 75.051023628383703 8.6003203863147135
77.397747800693338 74.936285205660596 9.1144246617017153
77.529893515326947 74.807457890803533 9.6281845726388369
77.649630657191139 74.662900777774041 10.140465692330928
77.752914646814176 74.501534759866161 10.650237569696214
77.835415015310247 74.322624147855521 11.15644010850133
77.893638550565626 74.125552501338873 11.657807538911518
77.926283870347049 73.909616658745833 12.152699969501654
77.935367312225821 73.673947797790362 12.63900043136305
77.926850160755961 73.417566727266106 13.114106533862854
77.910056909040463 73.139534148011919 13.575062215625536
77.896947143036499 72.839152705745136 14.018695497901772
77.900223749332852 72.516166812689292 14.441843991115443
77.931135333038711 72.170841376889967 14.841552521164525
77.997422797451605 71.803887287542636 15.215234693210629
78.10221037677816 71.416272384728956 15.560765919672907
78.243824223530552 71.009038794001256 15.876527080480251
78.415832081065588 70.583164480281098 16.161487534815588
78.608273553785253 70.139530658271994 16.41523253865024
78.809156376161795 69.679022816859259 16.637978374948236
79.00615528238221 69.202711833644202 16.830543308957029
79.187849998439077 68.711964857349841 16.994230243360114
79.34470654984149 68.208518627272696 17.13076735694343
79.469625693664128 67.694418971490222 17.242216168814135
79.557976309480395 67.17184534949466 17.330924735971056
79.607371361978977 66.642888896891634 17.399534985282035
79.617252867059875 66.109376576620178 17.451011569066953
79.588479021966137 65.572794914340193 17.488687478491144
79.523011238609342 65.03428921346584 17.516398401101469
79.423493171332055 64.494872923786019 17.538713318779624
79.292982907720543 63.955791102546975 17.561292703834884
79.134894062221477 63.41904635660746 17.591290134815804
78.95309707361983 62.887759993415941 17.637362309547317
78.75224023094583 62.366631663728533 17.709635099881961
78.538173333346563 61.862140332018001 17.819038644105781
78.318361576971384 61.382418696878482 17.976150538930018
78.102151156028626 60.936756445186234 18.189683517281935
77.900587159346884 60.534827073716613 18.465190595479307
77.725859608466635 60.185921278545742 18.804140392820038
77.590266119719473 59.898134071874566 19.203083937886767
77.504554487953854 59.677791706884754 19.653782810553633
77.476185609697836 59.529237031465016 20.143994177539188
77.507790736762786 59.454870249399207 20.658815619454465
77.59697996413793 59.455498629011096 21.182278402538952
77.73613832302027 59.530440402271111 21.69871942788749
77.913462930637891 59.677669772642091 22.194193419247195
78.114768326869893 59.893835061378915 22.657434064520309
78.325519267740006 60.174214840233823 23.080398273810257
78.532542218191821 60.512801389758735 23.458305768599931
78.72501546071102 60.902525337143082 23.789360761747655
78.89523741189933 61.33551847194768 24.074562815121659
79.038599116728832 61.803605943316875 24.317041141343431
79.153122343327411 62.298787324126877 24.521375881043589
79.238711768878147 62.813703848689812 24.692895152030587
79.296267792426846 63.341867160625064 24.837102719858468
79.327028926347225 63.877877260238762 24.959285491378012
79.331941883679875 64.417458252285357 25.064239115280195
79.311341482822854 64.957333879797247 25.156193694574075
79.264916338487609 65.495025263121278 25.238855363035729
79.191907891582815 66.028605875614403 25.315519370336315
79.091382050392525 66.556501439690507 25.389186126476012
78.962554127243664 67.077341377136307 25.462669705856076
78.805144028296965 67.589827768022843 25.538752092771976
78.619639258132196 68.092664029813804 25.620335342316213
78.407460435179047 68.584514474755721 25.710572905942179
78.170890954068881 69.063993608933373 25.812893651001186
77.9130622411285 69.529655652621514 25.931008518856597
77.637762109522001 69.979994594627684 26.068818264710998
77.349216807425833 70.413450525392463 26.230282276180059
77.05189457571467 70.828426834051641 26.419289142768669
76.750379103753019 71.223319958905009 26.63958908618001
76.449316191221513 71.596546936673292 26.894784789950556
76.153393702713345 71.946564707527187 27.188357567886278
75.867324901713673 72.271863416847012 27.523726401523945
75.595830635633874 72.570945692319114 27.904290623769121
75.343632138545885 72.842315289331111 28.333447900462811
75.11545063649605 73.084475890071559 28.814596001436577
