#fname degree numKnot L1 L2 L3 L4 MSE traceH AIC AIC0 GCV GCV2 cv_avr cv_stdev cv_error ts_avr ts_stdev ts_error sigma0 sigma_opt
00000876.nii_L_ICA_labeled_d5_cp120_lmd1d0.000_lmd2d0.000_lmd3d0.000_lmd4d0.000 5 120 0 0 0 0 2.70281407325707e-005 120 -305.480274477553 2148.03748088851 -0.013331728972658 0.00968708364200009 0.183677738581012 0.15635335425444 0.806910785103142 -0.0502977836226042 3.43618413205196 3.44232482798789 1 3.71488393653141e-005 
00000876.nii_L_ICA_labeled_d5_cp121_lmd1d0.000_lmd2d0.000_lmd3d0.000_lmd4d0.000 5 121 0 0 0 0 2.69646101244642e-005 121 -300.46170965431 2154.03746443408 -0.0129319345351317 0.00974580573661948 0.183908752316668 0.162792859679819 0.807956968604964 0.0644929802224807 3.89403896320344 3.89509581408211 1 3.68652912298763e-005 
00000876.nii_L_ICA_labeled_d5_cp120_lmd1d0.000_lmd2d0.000_lmd3d0.000_lmd4d0.000 5 120 0 0 0 0.0001 2.77431940361198e-005 112.402777556714 -346.078290382138 2102.4543314276 -0.0174431520509554 0.00930576866109501 0.173039018839616 0.104171431367057 0.808991416346298 -0.155486480820986 3.05278174522457 3.06855288779391 1 3.71488393653141e-005 
00000876.nii_L_ICA_labeled_d5_cp121_lmd1d0.000_lmd2d0.000_lmd3d0.000_lmd4d0.000 5 121 0 0 0 0.0001 2.7689979807463e-005 113.316785365049 -341.464855764629 2107.93836449512 -0.0168361319223439 0.0093551674967727 0.173170543256086 0.104290132236085 0.808876282854425 -0.0514560945590362 3.07683741141392 3.0837711886815 1 3.68652912298763e-005 
00000876.nii_L_ICA_labeled_d5_cp120_lmd1d0.000_lmd2d0.000_lmd3d0.000_lmd4d0.000 5 120 0 0 0 0.0002 2.84923138143402e-005 108.653841219088 -363.349079757691 2079.96090742386 -0.020646112832433 0.00919541399708025 0.171053146364545 0.103428092976626 0.810865646547866 -0.0922854819555271 3.35737657750635 3.36648748392393 1 3.71488393653141e-005 
00000876.nii_L_ICA_labeled_d5_cp121_lmd1d0.000_lmd2d0.000_lmd3d0.000_lmd4d0.000 5 121 0 0 0 0.0002 2.84332207830672e-005 109.520092033515 -359.023317884114 2085.15839700534 -0.0198541590019087 0.00923910645052492 0.171219693950144 0.103425773129962 0.810700163675533 -0.044878594757298 2.85402348748303 2.86102966671138 1 3.68652912298763e-005 
00000876.nii_L_ICA_labeled_d5_cp120_lmd1d0.000_lmd2d0.000_lmd3d0.000_lmd4d0.001 5 120 0 0 0 0.0005 3.06493186465833e-005 101.842653179254 -389.177669482551 2039.09433784911 -0.030817412323752 0.00912379435428927 0.168210219520336 0.102195499919268 0.813529675545608 0.00632197034841379 2.77901661880281 2.7830028589354 1 3.71488393653141e-005 
00000876.nii_L_ICA_labeled_d5_cp121_lmd1d0.000_lmd2d0.000_lmd3d0.000_lmd4d0.001 5 121 0 0 0 0.0005 3.05531979448765e-005 102.636359006669 -385.431649930678 2043.85654791834 -0.0292710723905722 0.00915571628362221 0.168426590744162 0.102093331039906 0.81330218725831 0.0374746036301862 2.51339644541694 2.51615309536633 1 3.68652912298763e-005 
00000876.nii_L_ICA_labeled_d5_cp120_lmd1d0.000_lmd2d0.000_lmd3d0.000_lmd4d0.001 5 120 0 0 0 0.001 3.33766049729235e-005 95.782595917724 -406.523498181539 2002.73470064709 -0.0527839237695287 0.00916757300614377 0.166113856220363 0.101349785832254 0.815503938950786 0.0122521955005771 2.18813727607981 2.19280309590216 1 3.71488393653141e-005 
00000876.nii_L_ICA_labeled_d5_cp121_lmd1d0.000_lmd2d0.000_lmd3d0.000_lmd4d0.001 5 121 0 0 0 0.001 3.32106982102749e-005 96.5219352669479 -403.447715457637 2007.17069377258 -0.0488318207391142 0.009186372031608 0.166352953223064 0.101236272293723 0.81525259248345 0.0529513335091564 2.79704893191962 2.79891804827923 1 3.68652912298763e-005 
00000876.nii_L_ICA_labeled_d5_cp120_lmd1d0.000_lmd2d0.000_lmd3d0.000_lmd4d0.002 5 120 0 0 0 0.002 3.71488393653141e-005 89.4368977254289 -418.297842593958 1964.66148850203 -0.169547103093204 0.0093098146628165 0.164046018558728 0.10071137991314 0.81747689007921 -0.0178396294092958 2.45140247904317 2.4575037784776 1 3.71488393653141e-005 
00000876.nii_L_ICA_labeled_d5_cp121_lmd1d0.000_lmd2d0.000_lmd3d0.000_lmd4d0.002 5 121 0 0 0 0.002 3.68652912298763e-005 90.1233248627 -416.163747486648 1968.77997788669 -0.138308574301592 0.00931191340572834 0.164294644326596 0.100615862688497 0.81721839331346 -0.034142248887348 2.41893899496884 2.42633985568308 1 3.68652912298763e-005 
00000876.nii_L_ICA_labeled_d5_cp120_lmd1d0.000_lmd2d0.000_lmd3d0.000_lmd4d0.005 5 120 0 0 0 0.005 4.41636673764589e-005 81.113584198399 -419.330665395038 1914.72342418031 0.109916133660223 0.00967585930048913 0.161393756513881 0.0998505357957747 0.820003743928715 -0.0842181855805975 1.8367025485535 1.85224414677233 1 3.71488393653141e-005 
00000876.nii_L_ICA_labeled_d5_cp121_lmd1d0.000_lmd2d0.000_lmd3d0.000_lmd4d0.005 5 121 0 0 0 0.005 4.36458856375779e-005 81.7304892206972 -418.883162583675 1918.42472020862 0.123915004767134 0.00965244583209419 0.161592633260713 0.0998757852593297 0.81980942318244 -0.0393734943539733 1.96760847566794 1.97720786629785 1 3.68652912298763e-005 
00000876.nii_L_ICA_labeled_d5_cp120_lmd1d0.000_lmd2d0.000_lmd3d0.000_lmd4d0.010 5 120 0 0 0 0.01 5.16348143153949e-005 75.0712635671472 -403.496096237836 1878.47143541985 0.0550847782890414 0.0101186246615525 0.159420381643704 0.0989696414368255 0.821855924780491 -0.113307335069443 2.4382873106652 2.45302947431 1 3.71488393653141e-005 
00000876.nii_L_ICA_labeled_d5_cp121_lmd1d0.000_lmd2d0.000_lmd3d0.000_lmd4d0.010 5 121 0 0 0 0.01 5.08671759323124e-005 75.6376001706412 -404.706754549689 1881.86925622248 0.0575687451719772 0.0100741472206418 0.159620787432338 0.0990305818354723 0.821664320320654 -0.10103150162928 2.26846099814317 2.28288889764085 1 3.68652912298763e-005 
00000876.nii_L_ICA_labeled_d5_cp120_lmd1d0.000_lmd2d0.000_lmd3d0.000_lmd4d0.020 5 120 0 0 0 0.02 6.19813130694423e-005 69.3393158730332 -365.752468807761 1844.08242899835 0.0399956570218596 0.0107510984191737 0.157428379381498 0.097807004622622 0.823694603277241 -0.021848426231463 1.61536324852416 1.62503930682171 1 3.71488393653141e-005 
00000876.nii_L_ICA_labeled_d5_cp121_lmd1d0.000_lmd2d0.000_lmd3d0.000_lmd4d0.020 5 121 0 0 0 0.02 6.0852697718933e-005 69.8585691906458 -369.226872566533 1847.19765659265 0.0408789019414856 0.0106820107844621 0.15763256334918 0.0978967056992565 0.823502522943687 -0.0249395939973448 1.6917964464558 1.70136233976072 1 3.68652912298763e-005 
00000876.nii_L_ICA_labeled_d5_cp120_lmd1d0.000_lmd2d0.000_lmd3d0.000_lmd4d0.050 5 120 0 0 0 0.05 8.24545657635896e-005 62.3045475631413 -265.222502216856 1801.87912171144 0.032625264279057 0.0119567403772421 0.154849358635178 0.0959920854818183 0.826042561592789 0.00545734752299885 1.31771309582126 1.32619666051308 1 3.71488393653141e-005 
00000876.nii_L_ICA_labeled_d5_cp121_lmd1d0.000_lmd2d0.000_lmd3d0.000_lmd4d0.050 5 121 0 0 0 0.05 8.06502184492964e-005 62.7670608644006 -272.686885163881 1804.65373419304 0.0328995826553934 0.0118530640021963 0.155036569077984 0.0961049541174009 0.825869746497026 -0.0132734170445013 1.40335501953017 1.41343425237754 1 3.68652912298763e-005 
00000876.nii_L_ICA_labeled_d5_cp120_lmd1d0.000_lmd2d0.000_lmd3d0.000_lmd4d0.100 5 120 0 0 0 0.1 0.000104939078544101 57.410131700183 -137.828008097327 1772.5184500225 0.0305774149844097 0.0131613272007192 0.153098760979911 0.0944543890528387 0.827604417214636 0.0688557150783712 1.11351352816781 1.11685795960061 1 3.71488393653141e-005 
00000876.nii_L_ICA_labeled_d5_cp121_lmd1d0.000_lmd2d0.000_lmd3d0.000_lmd4d0.100 5 121 0 0 0 0.1 0.000102485136033302 57.8335745105237 -148.88487425577 1775.05847131344 0.0306667508972618 0.0130339096445794 0.153259088678498 0.0945882797595279 0.827460431887924 0.0688650684145323 1.13097182669323 1.13426407054333 1 3.68652912298763e-005 
00000876.nii_L_ICA_labeled_d5_cp120_lmd1d0.000_lmd2d0.000_lmd3d0.000_lmd4d0.200 5 120 0 0 0 0.2 0.000136018095370948 52.8792384916255 51.6681089956244 1745.34114023652 0.0300973022863087 0.0146546810393705 0.151372482561749 0.0929772754570414 0.829152503742835 0.0655404006964806 1.0662515345462 1.07001650491158 1 3.71488393653141e-005 
00000876.nii_L_ICA_labeled_d5_cp121_lmd1d0.000_lmd2d0.000_lmd3d0.000_lmd4d0.200 5 121 0 0 0 0.2 0.000132652362163341 53.2669869322791 35.6578176564021 1747.66675915554 0.0300711330548565 0.0144995081844781 0.151532123859524 0.0931002846745855 0.829007674832533 0.0659886483361383 1.07244636580855 1.07615240287325 1 3.68652912298763e-005 
00000876.nii_L_ICA_labeled_d5_cp120_lmd1d0.000_lmd2d0.000_lmd3d0.000_lmd4d0.500 5 120 0 0 0 0.5 0.000198650430761705 47.423045168154 455.600711646421 1712.62020207055 0.0312722275666167 0.0172534582580303 0.148977838481956 0.0912897112122201 0.831345085416759 0.0604015980035287 1.07816630707798 1.08232790882708 1 3.71488393653141e-005 
00000876.nii_L_ICA_labeled_d5_cp121_lmd1d0.000_lmd2d0.000_lmd3d0.000_lmd4d0.500 5 121 0 0 0 0.5 0.000193349700815769 47.7686101679933 429.101478695009 1714.69221918053 0.0311286325809493 0.0170495554513175 0.149142763327935 0.0913834917509603 0.831191463394372 0.0590336050368565 1.1132370947829 1.11738500410482 1 3.68652912298763e-005 
00000876.nii_L_ICA_labeled_d5_cp120_lmd1d0.000_lmd2d0.000_lmd3d0.000_lmd4d1.000 5 120 0 0 0 1 0.000269759932233079 43.6743534911222 928.880736320927 1690.14646936924 0.0332396747738651 0.0197557138101774 0.147154770944364 0.0903504319988616 0.833054757825645 0.12584012938692 1.01429168010274 1.01471718772303 1 3.71488393653141e-005 
00000876.nii_L_ICA_labeled_d5_cp121_lmd1d0.000_lmd2d0.000_lmd3d0.000_lmd4d1.000 5 121 0 0 0 1 0.000262525091928865 43.9913217007537 892.434893189374 1692.04640480339 0.03303637839615 0.0195177245320493 0.147312330657243 0.0904143322517432 0.832905061847642 0.127008550823318 1.04387664237317 1.04425787287404 1 3.68652912298763e-005 
00000876.nii_L_ICA_labeled_d5_cp120_lmd1d0.000_lmd2d0.000_lmd3d0.000_lmd4d2.000 5 120 0 0 0 2 0.000364927876915987 40.2283709077025 1571.71137545221 1669.4952223664 0.0357712698227387 0.0226158171140041 0.145547592576205 0.0896289782745763 0.834574685333459 0.098102219645328 0.756261426659763 0.758415545716442 1 3.71488393653141e-005 
00000876.nii_L_ICA_labeled_d5_cp121_lmd1d0.000_lmd2d0.000_lmd3d0.000_lmd4d2.000 5 121 0 0 0 2 0.000355632460771176 40.5191870751567 1525.73522057879 1671.23771185834 0.0355369056171795 0.02235564262664 0.145676997695347 0.0896839517784097 0.834451935318924 0.102470408494448 0.79185960430419 0.793614817768705 1 3.68652912298763e-005 
00000876.nii_L_ICA_labeled_d5_cp120_lmd1d0.000_lmd2d0.000_lmd3d0.000_lmd4d5.000 5 120 0 0 0 5 0.000531506494356109 36.1008303667199 2708.32459393223 1644.77312298242 0.0396230569372417 0.0267883275889389 0.143810624233078 0.0886732815060673 0.836199743590553 0.0469020840969904 0.747869514347968 0.755673376625065 1 3.71488393653141e-005 
00000876.nii_L_ICA_labeled_d5_cp121_lmd1d0.000_lmd2d0.000_lmd3d0.000_lmd4d5.000 5 121 0 0 0 5 0.000518942918309834 36.3602457636218 2648.13202326654 1646.32636139763 0.0393551997698968 0.0265006694492211 0.143924606774731 0.0887330297817164 0.836092742690901 0.0469892968356273 0.757519025806001 0.765212146903572 1 3.68652912298763e-005 
00000876.nii_L_ICA_labeled_d5_cp120_lmd1d0.000_lmd2d0.000_lmd3d0.000_lmd4d10.000 5 120 0 0 0 10 0.000702460125724546 33.2750864316298 3883.25098799841 1627.8629363624 0.0431257292054987 0.0304110284305181 0.142398684177001 0.0879438848987316 0.837526832007699 0.0463362086218413 0.639659774127685 0.648861295585819 1 3.71488393653141e-005 
00000876.nii_L_ICA_labeled_d5_cp121_lmd1d0.000_lmd2d0.000_lmd3d0.000_lmd4d10.000 5 121 0 0 0 10 0.000685646743715358 33.5127810606502 3802.23805816746 1629.28474947058 0.0427982272607313 0.0300765517110501 0.142523540876281 0.0880090715813782 0.837409514050804 0.0463481475197344 0.64805941369139 0.657141353218566 1 3.68652912298763e-005 
00000876.nii_L_ICA_labeled_d5_cp120_lmd1d0.000_lmd2d0.000_lmd3d0.000_lmd4d20.000 5 120 0 0 0 20 0.00094165617416328 30.6826749797632 5535.3603710811 1612.37041942775 0.0476051986833955 0.034810244656843 0.140958955034858 0.0871918973978844 0.838880121831227 0.043746646370359 0.555302466254938 0.566381344926602 1 3.71488393653141e-005 
00000876.nii_L_ICA_labeled_d5_cp121_lmd1d0.000_lmd2d0.000_lmd3d0.000_lmd4d20.000 5 121 0 0 0 20 0.00091780963578687 30.9003108771776 5417.64187609256 1613.6700585588 0.0471830767086023 0.0343994403604429 0.141068590264171 0.0872589152230089 0.838778049775802 0.0440225162473109 0.561646021683128 0.5725485329994 1 3.68652912298763e-005 
00000876.nii_L_ICA_labeled_d5_cp120_lmd1d0.000_lmd2d0.000_lmd3d0.000_lmd4d50.000 5 120 0 0 0 50 0.00142605667308665 27.5817599635625 8893.97288737726 1593.89038905977 0.0554916195940015 0.0422639973340646 0.139749770372483 0.0862360645908799 0.839984099043882 0.0385063688874234 0.468040357205384 0.482373890661846 1 3.71488393653141e-005 
00000876.nii_L_ICA_labeled_d5_cp121_lmd1d0.000_lmd2d0.000_lmd3d0.000_lmd4d50.000 5 121 0 0 0 50 0.00138754910980364 27.7756060979101 8699.08522902436 1595.04349240696 0.0549184762012591 0.0417244188034095 0.139789856041218 0.0863009575899022 0.839950890160501 0.0387536842264895 0.473025489632379 0.48715319741554 1 3.68652912298763e-005 
00000876.nii_L_ICA_labeled_d5_cp120_lmd1d0.000_lmd2d0.000_lmd3d0.000_lmd4d100.000 5 120 0 0 0 100 0.00198090959661194 25.4602229121147 12749.6527364763 1581.30487365827 0.0631226675767214 0.0493595544372755 0.13952473003929 0.0856178507174762 0.840144724308551 0.0374174570214495 0.410925170442052 0.427478261797835 1 3.71488393653141e-005 
00000876.nii_L_ICA_labeled_d5_cp121_lmd1d0.000_lmd2d0.000_lmd3d0.000_lmd4d100.000 5 121 0 0 0 100 0.00192501613553867 25.6380367492253 12462.2766304139 1582.35728027452 0.0624080565624603 0.0486952815642789 0.139527692661168 0.0856691865775148 0.840147010239423 0.037312931562338 0.41520774086691 0.431625155644654 1 3.68652912298763e-005 
00000876.nii_L_ICA_labeled_d5_cp120_lmd1d0.000_lmd2d0.000_lmd3d0.000_lmd4d200.000 5 120 0 0 0 200 0.00278999882111802 23.5142636284058 18378.9098531678 1569.83867206517 0.0725920429125597 0.0580947874891816 0.139523856847129 0.0851989524428371 0.840103007075359 0.0382775696286035 0.37385620812173 0.391720206934662 1 3.71488393653141e-005 
00000876.nii_L_ICA_labeled_d5_cp121_lmd1d0.000_lmd2d0.000_lmd3d0.000_lmd4d200.000 5 121 0 0 0 200 0.00270667166081599 23.6774318027703 17942.0953073673 1570.79609937683 0.07168599440847 0.0572603466108621 0.139520810793105 0.0852373849068505 0.840109935904673 0.038404200817971 0.374489151455626 0.392286602958811 1 3.68652912298763e-005 
00000876.nii_L_ICA_labeled_d5_cp120_lmd1d0.000_lmd2d0.000_lmd3d0.000_lmd4d500.000 5 120 0 0 0 500 0.00449676234102003 21.1870081430336 30264.4231062615 1556.31719090459 0.0888665978714684 0.0730321615940897 0.139533118448203 0.0845395780661572 0.840027178237951 0.0300762462011245 0.38446243625961 0.404318066555229 1 3.71488393653141e-005 
00000876.nii_L_ICA_labeled_d5_cp121_lmd1d0.000_lmd2d0.000_lmd3d0.000_lmd4d500.000 5 121 0 0 0 500 0.00435515599702626 21.3326144575438 29509.582626903 1557.15415274855 0.0876520761578006 0.0719170779138519 0.139530212995342 0.0846047919698988 0.840036634491492 0.0303352403851176 0.386982424877053 0.406635430917474 1 3.68652912298763e-005 
00000876.nii_L_ICA_labeled_d5_cp120_lmd1d0.000_lmd2d0.000_lmd3d0.000_lmd4d1000.000 5 120 0 0 0 1000 0.00648021457901292 19.5951541935127 44083.4097893152 1547.2797813371 0.104135510273429 0.0870886424545781 0.139586695779785 0.0836490769839233 0.839884715324426 0.031314506140996 0.336714214989339 0.358789354984372 1 3.71488393653141e-005 
00000876.nii_L_ICA_labeled_d5_cp121_lmd1d0.000_lmd2d0.000_lmd3d0.000_lmd4d1000.000 5 121 0 0 0 1000 0.00627930161063258 19.7287147064373 43018.1954147461 1548.02910795584 0.102714045657079 0.0857758150572236 0.139579313178844 0.0837371822514837 0.839900840641394 0.0311789410428824 0.339518392288051 0.361468796875045 1 3.68652912298763e-005 
