#spline3d 5 120 5 120
123.18646347934374 89.635567381366357 2.2870183201974554
123.09820901896299 89.299482247805756 2.7336046823978468
123.03975771883184 88.95756183643195 3.1746071010906283
123.01266417847894 88.614207683358018 3.6137061246746489
123.02037057562123 88.273875789324947 4.0546050161386775
123.04923606614749 87.940752224175313 4.501018048390975
123.04551054789556 87.622604051899486 4.9597121041938719
122.9918737424088 87.334319152551487 5.4361295346550058
122.87719789442411 87.088390864077908 5.9250246119229679
122.68087278226778 86.869124495332642 6.3988743376706774
122.40499667146388 86.663885070852572 6.843098321091591
122.05934532138716 86.477132039170343 7.2441865895143591
121.63864348668439 86.323669311629217 7.5809121154718815
121.15863658570032 86.194535496015817 7.8415575343689303
120.64743928753226 86.064361787078894 8.0292583902229477
120.12377569210851 85.915649897646503 8.1552082495855611
119.61038566417221 85.718272449039489 8.2448487724760895
119.11789599617278 85.465845363929901 8.3231830769600528
118.63702576307507 85.188689621448106 8.3894612391225269
118.1425328155116 84.933906900207944 8.4085090752509739
117.62382859178324 84.724746887303553 8.39898233044417
117.09829570790168 84.533217490003167 8.4056434777726245
116.60781473837532 84.273950203492618 8.4031507945542572
116.14993850467256 83.955224691252653 8.3585158335668055
115.69851356641804 83.632115431690764 8.2859165017524372
115.2439358177067 83.314999203883247 8.2444826954097241
114.78502517869441 82.997631446818289 8.2506301768126047
114.31352335531432 82.696505230053347 8.2479812960062873
113.82646849034938 82.429061524810905 8.201213127210309
113.32825792438574 82.198341058459903 8.1013440613861576
112.83105662398299 81.970795849258735 7.9876100775157033
112.33683531770414 81.728964354952808 7.8966310899522103
111.84422143976795 81.473603220627794 7.8378696553613505
111.35759441557093 81.202763604896646 7.8028308747811304
110.87972637163898 80.915752396809566 7.7800289109845755
110.40909964065357 80.616316144308371 7.767884276932163
109.93989051199092 80.315208728481991 7.7744352967264208
109.46332181221577 80.027692070286619 7.8043488907724425
108.98331126445987 79.746403195353366 7.8582362002435238
108.51001405154919 79.461795011464716 7.9425977477105008
108.05721585761242 79.169705667814895 8.0819483729267301
107.61662294978787 78.876666720298459 8.2596534752047113
107.15941986288115 78.598333531405004 8.4187654908789469
106.70021833477328 78.325751738244193 8.5802131441056755
106.27016626801212 78.050162303694492 8.8034578921516715
105.8594762186236 77.797052554009952 9.0896183397101247
105.45883089003557 77.597878922342147 9.4261932924900567
105.07801967612689 77.456451579829562 9.8095524834380736
104.71148517782832 77.363071431224895 10.219846837664157
104.35707818873307 77.286834305737813 10.644074729767057
104.02424456462609 77.2106728328814 11.086185305133041
103.72332101908543 77.181526253106739 11.556013798159652
103.47966946571779 77.187331122680206 12.059489875498763
103.30157066009043 77.17405813733869 12.589131981011125
103.16389801095846 77.103898470824888 13.125770087111
103.05412684240794 77.006474210544667 13.665304690450769
102.9812981792532 76.945605878822931 14.21479029842699
102.96129926583117 76.91952827195324 14.771347087875519
102.95463009131808 76.88505936051294 15.328256558283883
102.94718711658226 76.834741328644171 15.883353045689152
102.9757582540831 76.783345724645997 16.437347505018892
103.0186360394591 76.702690933057553 16.986986967500879
103.03879957808934 76.583659189597 17.53185391083311
103.04280428426128 76.453081674604277 18.075525349212022
103.02504541289214 76.293097384506297 18.610816597073253
102.96254130839874 76.081380336720912 19.121851619281468
102.85078161409866 75.822912573265313 19.604288389674711
102.73363344973569 75.537373163931093 20.071372915157273
102.64149502417857 75.21088214227818 20.514347441651957
102.56374599409067 74.820531196123738 20.908289363974582
102.47089709286657 74.373631628134277 21.235802241499769
102.3631727734297 73.881651332142994 21.481181317525134
102.26314407196737 73.35454365130002 21.639346006596476
102.1745380206269 72.808289986291854 21.731601214804275
102.0909541682889 72.258060757080358 21.770911052184104
102.01189800776631 71.707767481823979 21.746475784771036
101.94455498102863 71.15253325350001 21.695676639079796
101.91774406979698 70.592696532470086 21.708497555235756
102.0079554112509 70.046882542060118 21.758895813126024
102.23032370319513 69.532357513482069 21.734290271672034
102.51986682137014 69.050054488744195 21.672046614655535
102.85736358656021 68.607136081707708 21.642784802475411
103.24245478940425 68.20483901692424 21.667783461262182
103.63079690135122 67.806539942138997 21.723495489469915
103.95165830416281 67.355981734857039 21.800721222122942
104.19850265544494 66.864739336825551 21.927285894217782
104.35521581559027 66.366759047018732 22.134256010563291
104.4014869980048 65.879585740035324 22.411088595870542
104.38633870739518 65.432348130299815 22.750211999319653
104.36059554235554 65.053217054350085 23.160137995379458
104.33816143218129 64.756434780573699 23.637245760046717
104.28194606170847 64.561542952935426 24.167202300942431
104.12452928338716 64.485738722848041 24.702240124881833
103.87008462854337 64.55843409745512 25.204163254867542
103.55275807923215 64.731055263606763 25.64316391627414
103.17742800279649 64.969815514287134 25.982184614447132
102.78132471301177 65.268084457841226 26.241108302413465
102.40538966778452 65.608282309463505 26.477161545731128
102.04932460153447 65.964773570471237 26.716317832859946
101.68229428114411 66.322076501420653 26.935765307568598
101.29625542708764 66.675872153209951 27.129971594110842
100.92029983273463 67.035561096890035 27.329770299741902
100.57378534678701 67.40261912553153 27.566289581634422
100.23807252355357 67.765312610987152 27.829063287526715
99.926157897554219 68.149436548206182 28.085949959834434
99.664943827919657 68.584370639077903 28.317221619087817
99.42988702183122 69.046474274924691 28.525610583083136
99.19655096687066 69.5116904301087 28.727057781448465
98.976590577986627 69.984709826075573 28.930261945248898
98.807103188452999 70.454145762624023 29.177722126406795
98.695003071847395 70.888976350666056 29.513621968080987
98.64381798949421 71.305786416036199 29.887469260900481
98.686475216214617 71.739325210455675 30.231607686801325
98.80318201343745 72.184631755845771 30.554586547734409
98.949727198292507 72.584095215059591 30.921353427727254
99.159127639725554 72.874028661543122 31.353712295746536
99.422602672939803 73.032239591512024 31.829148975750108
99.693715841335973 73.051810376266545 32.325992305321584
99.927355831878529 72.940293606384074 32.823866653506144
100.07801754519164 72.704085156306064 33.302174726805532
