#spline3d 5 120 5 120
63.782985137941431 79.651805010041826 2.4746371146301573
64.219306984831476 79.326594690399489 2.5188721548154285
64.648055209239487 78.984414158124153 2.5556130987547738
65.081101479988746 78.645665115503064 2.5905768925104802
65.530935728849556 78.331699403596062 2.6300315968476515
66.004238155197342 78.0548081510467 2.6744573675145635
66.488264775418145 77.7946131813422 2.6994647279456041
66.972891798789902 77.534293744852761 2.7082223886546428
67.461481835642687 77.281590468143733 2.7211143820560988
67.963831411660351 77.05778199824482 2.7358452368608419
68.479126129861569 76.863358604701531 2.7341128127898835
68.984266160939029 76.652500837684315 2.690513668268391
69.480579315682817 76.428896304037949 2.6104483014907647
69.987602417886222 76.226664377782342 2.5428204213431518
70.496250154396606 76.025915391306668 2.4838796651775161
70.998110340460372 75.818570183540885 2.3941303519322563
71.507006193366777 75.639245783968505 2.2827368375373203
72.042282066562478 75.530012502170521 2.2124660480953744
72.591541034410838 75.467148216248503 2.2056754476459184
73.13689481095463 75.401345640856889 2.2548399274533106
73.672440117417537 75.322947793581932 2.3509414577944741
74.196988007798922 75.240972204048376 2.4939061472541972
74.713247092998571 75.166150996079452 2.6726043917521998
75.222632082070419 75.120269209403986 2.8772336060018699
75.721116881513538 75.136760907519815 3.1087884824032823
76.196513927529082 75.189211197139983 3.3858228693541146
76.636959114512976 75.2073154226524 3.7175137705530954
77.028192406700839 75.169350630984241 4.1051095814743848
77.362205192058411 75.128861648280932 4.5416819901828474
77.646545760499791 75.1269255556454 5.0130170430452488
77.906286183417862 75.123654249550114 5.5000479394372466
78.11677316460586 75.097897666539254 6.0090354300690993
78.23973120946826 75.069643564231725 6.5454588706142793
78.285539140281529 75.034464102116289 7.0948408210728964
78.288134905443812 74.99200201977024 7.6441074895654033
78.278289024696264 74.975018530190397 8.1930705734595346
78.25565812275515 74.971523142341681 8.7427108873772763
78.211175109471313 74.930005460150085 9.2893022482456082
78.151549406012961 74.862764661061846 9.8322614293824238
78.081660961611036 74.810491200219687 10.375300619322465
77.992390459366163 74.783786803509244 10.918931631285488
77.863952891080658 74.734578095369002 11.452369515083062
77.705471879986177 74.611998008192685 11.963793822528562
77.558843387911935 74.429978132879285 12.463347953519202
77.427842610733165 74.22520922834606 12.959575871624946
77.279747781657164 73.978146881429723 13.427829547272143
77.094283674111125 73.672199155342213 13.846421351026862
76.889761000057533 73.328672995120556 14.22685442695848
76.678786546418792 72.981051273368976 14.597417354773217
76.460672172392137 72.623919121736677 14.954489935929786
76.241597776149604 72.235754330489769 15.27726946454335
76.025897970201967 71.812030368639185 15.553348572216992
75.818753363987966 71.358794903410697 15.789286169316984
75.633466827933105 70.883980703659518 16.000449918232249
75.481894208250537 70.384371726853402 16.171058154566833
75.367450778847086 69.860477359980507 16.293166340717814
75.276941717827015 69.328117605383582 16.4062481387109
75.188407442495091 68.794347890618724 16.509939887165213
75.064057196073719 68.262994388454217 16.566755061792922
74.898156079068983 67.73741437958148 16.576449653099651
74.724162781830145 67.215240918128643 16.58227958500564
74.564302645402265 66.688322154737918 16.592007227809265
74.446884408201669 66.149552474710788 16.593108871749024
74.403743561726131 65.600478673670182 16.574866657136749
74.436402397222565 65.049733307708749 16.549528785160074
74.515268569461668 64.50456119824625 16.562730335992285
74.619020909886558 63.968794400618187 16.645639160599803
74.747453218177 63.452157529261207 16.801059509705613
74.937625397784927 62.980606399159718 17.013904204471011
75.200586390160225 62.572199635270451 17.277045364811901
75.493499197329868 62.221098105404913 17.590650381814029
75.785673440041023 61.924812037556507 17.953487727035458
76.095555015524511 61.699957562647434 18.346869789999275
76.450220941849381 61.547004303787091 18.74344776884417
76.815966609914057 61.450106543600377 19.151380110505453
77.146922112827951 61.455767791289198 19.589710850802341
77.453976900731107 61.591785693022942 20.031045523761364
77.767532908887418 61.816479191358539 20.435893377777273
78.026867469057322 62.109269901877028 20.817257324388066
78.210028447397519 62.481515199332684 21.179550352485229
78.413070004846986 62.88718715476201 21.498287481533694
78.653453431518699 63.315293601095391 21.748326014535575
78.897929206555176 63.776214210890899 21.924533760172515
79.112932738352725 64.263429361043407 22.068082488213204
79.284234468453519 64.765028820998054 22.215858889562618
79.408329050032165 65.278543178723027 22.374804806542116
79.483431951791829 65.79979854119172 22.540794414985662
79.482961553405417 66.326294224013907 22.693541066607878
79.41580552404271 66.858917451118685 22.818500938439367
79.329567342011572 67.39223391120963 22.932301347348989
79.239262609213171 67.909437336058446 23.093506210874789
79.154908424944878 68.403248133552879 23.321301917918412
79.075152814382022 68.881714786911047 23.585127022196637
78.965922430533055 69.362151358983041 23.830142315724004
78.808640935345437 69.850799683490038 24.025325630053352
78.623344480985395 70.343103053160192 24.189829930722244
78.452825036770747 70.833495706369192 24.371530679031707
78.282479369250112 71.322897005042194 24.554814494067923
78.084894692093769 71.809812001884737 24.716594011484386
77.862701547933213 72.288781431383384 24.872636881440872
77.626008594310022 72.761083938440535 25.028136359967057
77.381104159806057 73.231884391074104 25.169904069555514
77.114600825952294 73.698361771042684 25.281479801911633
76.810341994382341 74.15236696208828 25.376113584655908
76.455818032127794 74.558986562101623 25.504671463228753
76.048562362232659 74.855502632738748 25.729968966317827
75.646329655938359 75.047521600585782 26.060208009442547
75.285393969888204 75.190656748054877 26.454816609435962
74.93376412413707 75.344521554905171 26.846713956449491
74.558987633125753 75.499570148418229 27.21750095357487
74.157763899516993 75.611673513277367 27.582131250655895
73.757920922374822 75.637082275695633 27.962018609503463
73.367890966257633 75.558974784854868 28.344843590917328
72.991831437926194 75.411333406673393 28.721438086359981
72.642200899850252 75.227389922519919 29.104515390603702
72.313701448048661 75.024974177722854 29.498016319806428
72.032313776884152 74.827187193411973 29.92583970486017
71.81008174083378 74.643889682917347 30.396372136864088
71.641891309902249 74.47972177012133 30.904681712377425
71.524641617658233 74.339857350719797 31.447381563622969
