#spline3d 5 120 5 120
129.43861837585459 101.52195899236136 4.4084666176637421
129.79488277663881 101.68144900383679 4.9707746041211367
130.14157562143555 101.70480758481709 5.5221818025707359
130.468929025476 101.61372821632155 6.0651971505308575
130.76717482741321 101.42990429053104 6.6023297126592535
131.02654862547178 101.17502892978465 7.1360865420413173
131.23735204493929 100.87075975600814 7.6689334976477337
131.39018855752053 100.53851232576784 8.2031332261619649
131.47646233512282 100.19889041294546 8.7403774652911412
131.48909869486971 99.87066992063113 9.2812278555249232
131.42333184460259 99.569433838432403 9.8244842739817333
131.27729779072587 99.306184604640919 10.366691536302758
131.0522572892898 99.086344673668009 10.901952993540055
130.75260977715865 98.909016537096576 11.421981632000413
130.38542881783241 98.767289391745138 11.916695917870092
129.95974547823494 98.64951734570451 12.375237157985048
129.48570693478993 98.541371409654516 12.787270085742906
128.97371464303058 98.428268490468781 13.144322098559375
128.43360119612174 98.297760872874193 13.440970956344204
127.87401001143176 98.141183313635864 13.675442451354042
127.30190933154513 97.95473658784077 13.849943098203683
126.72237776730226 97.739574757003311 13.970380857377704
126.13869416765696 97.500898682874492 14.045502151435654
125.5526748073819 97.246370184596245 14.085578964821181
124.96515126002312 96.98428646053398 14.100904462261754
124.37648097638228 96.721925895325441 14.100435464512161
123.78697409022534 96.464351008057676 14.09083389081824
123.19711975941414 96.214072680159248 14.076279812060987
122.60764394896518 95.971044368726652 14.058563249733723
122.01938230658399 95.733331631295755 14.037822045515789
121.43305883150502 95.497978215389082 14.013481984564255
120.8490720948067 95.261825191216104 13.985168136431772
120.26736844506515 95.02210205632035 13.953344030735472
119.68744046864356 94.77675585058914 13.919530903923897
119.108460519698 94.524542446258891 13.886145921619574
118.52953338166782 94.264904921765776 13.856184300939434
117.95006256162301 93.997717454180872 13.832993937956264
117.37020656766488 93.722869544333193 13.820236733445219
116.79132517975503 93.439855239168438 13.822047567074888
116.21630665192239 93.147511084053193 13.84319700241848
115.64961954896636 92.844078710180739 13.889105301273236
115.09700969777828 92.527675115596097 13.965667123888359
114.56484188091498 92.197026618856071 14.078918537404871
114.05928492569154 91.852267590461864 14.234619407651472
113.58538238084574 91.4956279248957 14.437726161201683
113.14625200919311 91.13170041757931 14.691818927348841
112.74262187611819 90.76719900606291 14.998574556477189
112.37285807410788 90.410216872350915 15.357421945092753
112.033555024752 90.069140363655848 15.765542227791288
111.72056952723096 89.751442355635163 16.218219486999065
111.43014041687303 89.462808595908115 16.709521858869891
111.15989797222555 89.206461229525601 17.232982330038947
110.90951631644867 88.983013945370331 17.782339337345441
110.68081392772882 88.79077598150927 18.352077683733185
110.47730229458681 88.626389119833263 18.937699569303451
110.30334773019446 88.485619062393397 19.53572301069897
110.16323331867959 88.364135543177412 20.143498470086687
110.06043457867978 88.258131711728268 20.758947673850834
109.99732857067552 88.164655896918163 21.380321158493757
109.97516423548181 88.081764922820213 22.00602516873866
109.99432286265922 88.008357060229159 22.634473873740259
110.05459687909618 87.943718983547313 23.26396674727291
110.15538419796168 87.88677672165727 23.892548501784272
110.29573352622322 87.835210773024457 24.517847510316397
110.47420314771441 87.78467779177015 25.136911714474191
110.68857212426542 87.728493352449846 25.746118338259635
110.93547251169639 87.657727829427586 26.341151884132991
111.21004466842867 87.561745715073386 26.917066758084236
111.50586159652751 87.429269069233712 27.468482116211312
111.81519806904191 87.249715582441539 27.989881035554856
112.12964049209334 87.01460670673238 28.476017255195561
112.44090150388932 86.718705310025285 28.922372771309856
112.74169661300564 86.360707344188455 29.325623352703374
113.02635178033823 85.943086418650338 29.683914198813419
113.29124432464998 85.471683104202512 29.997100925077437
113.53479689703512 84.954667265015345 30.266759627182786
113.75699839495425 84.401244626031939 30.496026202576356
113.95849434204924 83.820365022854702 30.689318183700522
114.13944351081297 83.219698831457123 30.852036501026667
114.29844488187696 82.605077764869634 30.990289816535437
114.43187508870592 81.980508809797982 31.110676985046528
114.5339426222634 81.348759145757384 31.220152223780214
114.59717701171549 80.712260712434457 31.326046878191104
114.61359590810859 80.074390866958126 31.436201521495828
114.5760530348153 79.440697698404847 31.55907809442845
114.47943983957211 78.819835989643366 31.703623297296613
114.32143173109178 78.223915576410064 31.87870557445483
114.1026784090984 77.668135621519099 32.092100935135782
113.82646997978951 77.169687754039771 32.349274747659194
113.49818714689012 76.746192470772158 32.652189656458788
113.12470377928963 76.413748511590711 32.9982721130757
112.71381772586544 76.184908139344117 33.380061026504592
112.2738914366706 76.067227114598523 33.785762108950927
111.81372444674895 76.062459349988728 34.20047906275996
111.34256366763474 76.166795940351051 34.608033231054726
110.87016450272836 76.371875156192615 34.992938092686479
110.4067784842934 76.666396515717594 35.341951535752536
109.9630917817199 77.037566197694787 35.645498917565895
109.5499435930161 77.472636141237032 35.898465965133454
109.17782741920112 77.95993353387118 36.100426832066738
108.856188950882 78.489345805985337 36.255326357277909
108.59267398355503 79.052273466470311 36.370689373434274
108.39252867736472 79.64126462360727 36.456514068234277
108.25848393497401 80.249525166009349 36.523938999057513
108.19108129925236 80.87051565822587 36.583987878237046
108.18923542882493 81.497652707368673 36.646401555547442
108.25096941075299 82.12411577629122 36.718870746147914
108.37390007030353 82.742760241549632 36.806913996733378
108.55541077767981 83.346113054468319 36.914309775369915
108.79257605735775 83.926436984484369 37.043808928235379
109.08196642921214 84.475844870971457 37.197815318888267
109.41950755227859 84.986431967450144 37.378814042872136
109.80041174280862 85.450387817565527 37.589539152624866
110.21922710974886 85.860069860054864 37.83296656834893
110.66998644197623 86.208013840115981 38.112231896329142
111.14639789742569 86.486887431495731 38.430555342514417
111.64202189761468 86.689423900610564 38.791187580103767
112.15038092761274 86.808375686858298 39.19738287443375
112.66499502746835 86.836496822326552 39.652395272490665
113.17938443292689 86.766541195805118 40.159478862612779
