#spline3d 5 120 5 120
73.633354966559992 107.55574538113216 2.615290230003116
73.327413740854638 107.6872235047362 3.2264937208256033
72.988419214617551 107.81905869464029 3.8527928865366903
72.623811617274782 107.93946169633281 4.4897918437288924
72.241029418644402 108.03664108275116 5.1330934266073447
71.847521079207382 108.0988167496631 5.7783075943854545
71.450816934009495 108.11430161128226 6.4211036964104116
71.058743317415505 108.07197834996215 7.0574020594631701
70.679537237669493 107.9619127321852 7.6835338640738415
70.322025349234735 107.77685466379477 8.2965783000481981
69.995545464731734 107.51303748878398 8.8944419695507637
69.709982289631938 107.17181058703568 9.4760731970114893
69.475652640607009 106.7594151896125 10.041232858299651
69.30321293247394 106.28716960563946 10.590141055450067
69.20330200757418 105.76983361757475 11.122734775356459
69.185758682053674 105.22413382206162 11.637644367517654
69.258603492049275 104.66679568814513 12.131446047076208
69.426567983126247 104.11284974333441 12.598025588229852
69.690304857358626 103.57460559959458 13.028829198598345
70.045756939958835 103.06087906946651 13.41351011232417
70.484660474388718 102.57702238961286 13.741220602575451
70.995282328960215 102.12502460809412 14.002187835901424
71.563628603423297 101.70396915661669 14.189261677602255
72.174675032438955 101.31049528726889 14.299200401381253
72.813588418320606 100.93934917472411 14.333332439959106
73.466847483599082 100.58409822615498 14.297325449897528
74.123250438752834 100.23789666049689 14.200478772056913
74.774467949518765 99.894308922986582 14.054359175457668
75.415521747189985 99.548048702980125 13.871608097065772
76.044440882892488 99.195301757213429 13.664783888306989
76.66204626643237 98.833949018831177 13.445587179814385
77.271041315202908 98.463268216689841 13.224647792457725
77.875419329523055 98.083802058960316 13.0114737879865
78.479549849382408 97.696879866550447 12.814793374366333
79.087357892832344 97.304314277388528 12.642646932272672
79.701679749450165 96.907959677653338 12.502578311305134
80.32339564281888 96.509348299159996 12.401531835524189
80.951375423218835 96.109528260710221 12.345909815464685
81.581984153773604 95.708943006169903 12.34139642441324
82.209741855046374 95.307696734079911 12.393035144112135
82.827544842763359 94.905911292811169 12.50494615932344
83.42768352039306 94.504159441602766 12.680354725788302
84.002721872319086 94.104102257450819 12.92115626736221
84.546251115478583 93.708586259214542 13.227972584817262
85.053801238004709 93.321848873857959 13.599651426175251
85.522820312044857 92.948963571466606 14.033432932561258
85.952924029797472 92.595340664753323 14.524678164632792
86.345196905419769 92.266069618075264 15.067347031348868
86.70174958871587 91.965332282657755 15.654225181638243
87.024981708576505 91.696303237581859 16.277583141361042
87.3171485331453 91.461183320736922 16.929737715296262
87.580217968189459 91.261698385029206 17.603578292352619
87.81603771531087 91.099607156482691 18.293101048775608
88.026733311344969 90.977077541172974 18.993639702030869
88.21525694935481 90.896658865189934 19.702118719905439
88.385816172781958 90.860656548907727 20.416915010778968
88.544282836463111 90.869843054916998 21.137586429172785
88.698271905230925 90.9218423870621 21.86424600032387
88.856974267891829 91.009350728129021 22.596685991553496
89.030630910591796 91.11891437841885 23.333301877913485
89.229666563940199 91.230856356533224 24.069989036558521
89.46350925424845 91.320296341382175 24.799057657452298
89.739247104454989 91.359796686318347 25.508798845711883
90.059905244186893 91.322785513409499 26.183305103122692
90.42336898209129 91.187187592818603 26.80351044691788
90.820959337586899 90.939402570795366 27.348549243672991
91.237803701013718 90.575831836138121 27.797892440059371
91.652955979009889 90.104716727932868 28.133762776095473
92.041565647914283 89.544089624107315 28.342858751566482
92.377047976287471 88.920233262283219 28.418660310432866
92.634014810178385 88.263241088637017 28.36153011543081
92.791631595765821 87.603000185706321 28.180083374896832
92.835262930996137 86.965303005741148 27.889646281245902
92.759188988580661 86.367350655006916 27.512247382746853
92.565686324526723 85.816936802955226 27.074104704776669
92.265925469194229 85.310094297529417 26.604225636368085
91.87732787966722 84.834090374053815 26.132032311512081
91.423120281277832 84.368730764742878 25.685335837687884
90.929700444973463 83.891262707363595 25.289239284252027
90.42563717140311 83.38079055081198 24.964270229007376
89.939995609754561 82.821867020589323 24.726551059081743
89.50115063265504 82.209391729785935 24.586349496030401
89.135834225637126 81.548767646296511 24.548937532405308
88.86727667833209 80.8582650307265 24.613737510022837
88.714213383322885 80.165781732397591 24.775641974080568
88.688120904492891 79.507060909744851 25.025044813695075
88.792723735058587 78.92053813028835 25.349360082828401
89.021956556079516 78.442145059939065 25.733836803302719
89.36130961153718 78.10080026677204 26.163094308975293
89.788234997863924 77.91319102634769 26.62272133756176
90.275159279010026 77.883105334898545 27.100666498237814
90.791797235519482 78.000115390159593 27.589001287590207
91.308014904444718 78.243066306025895 28.084279300444702
91.796298502299237 78.583093795194046 28.587737645835226
92.233205649690717 78.988511798183637 29.103812143814526
92.600619031656308 79.429103404433874 29.638280620733312
92.885694574427831 79.879451457510385 30.195967726161022
93.080651221025278 80.321269299500429 30.778695377276595
93.181815480164857 80.743794758035051 31.384179329486781
93.188705883299917 81.143158630816728 32.005693261144692
93.103141863479635 81.520671777244374 32.632698252058496
92.928606103802977 81.880770237480988 33.252058772379833
92.669892531096181 82.229148544771704 33.849501357274441
92.332824409397062 82.571149214412927 34.411207139252774
91.924103334211992 82.910517402986954 34.925366601267562
91.451034668616927 83.248675020709257 35.383314315150592
90.921336131370708 83.584038338815873 35.780816602120659
90.342980038584344 83.912118107915887 36.118395419060398
89.72428607022394 84.225497340890627 36.402133694400931
89.074053656215256 84.514680568056946 36.642961650322235
88.401816321880759 84.768675361319652 36.85651681517087
87.717845323772721 84.97596706565291 37.061527200129937
87.033238260176148 85.125216022050424 37.278922146825821
86.35968984722922 85.205682595786584 37.530479946729706
85.70939006039238 85.207450442203097 37.838220233041646
85.09475290385511 85.121153267223548 38.224041672132053
84.528293744197342 84.937772993615724 38.709672893206147
84.022539117340273 84.648372849800054 39.316776505491383
83.590016254127562 84.244025850049013 40.06700631472615
83.243252235148688 83.715803256817864 40.982017631704686
