#spline3d 5 120 5 120
125.06716457043908 116.8860387943008 4.0424793449510492
125.32410275886737 117.00707001043077 4.5540497126233062
125.60308578506701 117.10300112101051 5.0703323837871634
125.89934598806238 117.16983127045208 5.5894467991321104
126.20811624149918 117.20355932793356 6.1095121496730078
126.52462363222912 117.20018757919821 6.6286503210944066
126.84402405797546 117.15577849234893 7.1450157515063317
127.16122236531187 117.06665256138064 7.656875308757316
127.47059310456135 116.92977872652436 8.1627227285656083
127.76569597735661 116.74331357636571 8.6613676857599096
128.03910098137621 116.50715225376544 9.1519243279555891
128.28241424748586 116.22327052591305 9.6336499521049515
128.48651675971104 115.89575294161133 10.105639209777488
128.64205754328017 115.53043939369037 10.566432001396935
128.74017405507919 115.13433596497413 11.013659521975857
128.77335710163601 114.71495403422331 11.443871107210292
128.73630138117139 114.27971732412277 11.852626030766974
128.62658023552962 113.83550400849425 12.234840912160491
128.44498020417097 113.38836147068064 12.58531798671954
128.19544978821261 112.94339636875611 12.899336398711728
127.88460820901794 112.50483397092383 13.173162920474265
127.520925081154 112.07617383540594 13.404360557369131
127.11372329321027 111.66034888991554 13.591819777223785
126.67221188787563 111.2597907932571 13.735539709509364
126.2047376745648 110.87635956371383 13.83631737847886
125.71834931243919 110.51116779480616 13.89553537764635
125.2186807475065 110.16437588027233 13.915170480423551
124.71004557843494 109.83506212016083 13.898005572278933
124.19563879820402 109.52123607126545 13.847906593665323
123.67779872097066 109.21997269525332 13.769975226938755
123.15829157667218 108.92758862035325 13.670471044508442
122.63859399061788 108.63986412204342 13.556449933035827
122.12011324970111 108.35231324892037 13.435180732841092
121.60430143909728 108.06051110512699 13.313475250512241
121.09264455337527 107.76045193337526 13.197099568155545
120.58654957791407 107.44887710177494 13.090394808827405
120.08717406739355 107.12351004549343 12.996188360004005
119.59524056082736 106.78318344391496 12.915988021593359
119.1108796462359 106.42786967184486 12.850383451960802
118.63355703345654 106.05862662628421 12.799514993609616
118.16213876737626 105.677453162186 12.763497273667406
117.69511347448281 105.28705982033802 12.742762121542597
117.23094870715555 104.89057383784171 12.738353509527556
116.76851035451659 104.49122009815287 12.752195677872423
116.30746674987988 104.0920316433909 12.787319337268851
115.84856287035902 103.69564863596887 12.847917052013434
115.39368581839662 103.30424331518464 12.939123166569166
114.94572171959221 102.91953776622661 13.066476677546115
114.50827886418077 102.54282775311404 13.235123247864831
114.08538797041075 102.17493638397062 13.448931160185991
113.68126491151311 101.81609145419216 13.70974474440786
113.30017039862248 101.46578521231531 14.016976286338002
112.94634447583228 101.12269801683387 14.367609407941783
112.62393660601798 100.78476892932984 14.756583706955247
112.33685626760806 100.44944408086771 15.177443763139699
112.08851535208994 100.11406755112549 15.623122648876294
111.88145914025722 99.776320015040625 16.08671023598091
111.71692200792678 99.434581131232164 16.562072505155889
111.59439363464979 99.088117864940529 17.044244726571456
111.5113116857774 98.737066087799235 17.529596246123898
111.46299076089672 98.382224340913041 18.01580072087005
111.44285887209087 98.024707666441188 18.501656225951933
111.44301730119241 97.665521809617928 18.986790828703235
111.45505401239519 97.3051285106542 19.471287263498787
111.47097649867413 96.943063426997938 19.955247097148742
111.48411309035713 96.57766867414675 20.43832260406128
111.48985361042936 96.206018277705823 20.919269972680944
111.48614435114446 95.824107171689207 21.395592222772009
111.47368990585437 95.427323988509045 21.863328154738994
111.45583713500608 95.011157373747466 22.317018979940531
111.43813215682324 94.572007374004002 22.749850432257357
111.4275875232822 94.107903918353145 23.153932604682332
111.43177504363511 93.618927681205207 23.520686830133918
111.45790155133407 93.107229898228582 23.841355237610841
111.51197540915156 92.576655560758553 24.10769541726015
111.59809334198121 92.032061589205213 24.312910827748926
111.71785762570771 91.478466264207441 24.452753984654002
111.8699376304436 90.920170460227382 24.526605280785457
112.04983926364406 90.360006897453772 24.538222814266515
112.24992309427095 89.798859829083213 24.495935055320288
112.45973833038677 89.235610555910469 24.412111092023224
112.66663557960338 88.667555144076488 24.302037371336887
112.85667621255976 88.091310363705688 24.182379839255614
113.01569419206471 87.504043826432053 24.069623806346875
113.13039175100114 86.904849226761215 23.978711532914762
113.18927196836134 86.296013239002278 23.922052814732435
113.18323618757813 85.683864125714507 23.908988297711041
113.10591288531747 85.079122697603268 23.945538063062383
112.95381032638178 84.496557525230983 24.034389815661928
112.72651942991541 83.953989593452178 24.175020665322865
112.42701429997656 83.470704763923834 24.364000242953974
112.06192750939917 83.065523218124724 24.595517414311249
111.64162598364754 82.754750886183928 24.862164418240013
111.17993362431109 82.55035337630666 25.155921458998286
110.69345996062391 82.458542669782858 25.469253345532163
110.20057725338461 82.479040096530454 25.79611980279568
109.72017359379019 82.605022312030286 26.132727264433175
109.27031445491437 82.823913063939827 26.477810785143468
108.86694077197701 83.118732952940519 26.832453290896787
108.52276083462995 83.469949040465451 27.19941515752642
108.24643397098765 83.85742950225351 27.582224312224508
108.04223529028084 84.262276278309898 27.984255081329323
107.91012684535481 84.668293961763268 28.407997963108802
107.84626926426276 85.062950837621131 28.854594365422493
107.84384600136721 85.437754218392826 29.3236578605663
107.89412622529895 85.788002407926626 29.813369063658062
107.98768136340352 86.111998420069796 30.320773911913822
108.11563339243072 86.409902124542242 30.842173668676182
108.27077506647278 86.682481810564582 31.373485475595501
108.44832054863569 86.929998121412481 31.910513848383463
108.64610656500234 87.151403345310356 32.449128256639703
108.86426764819888 87.343904051260836 32.985378820411654
109.1045703025225 87.502879161283602 33.515564861129157
109.36969897360798 87.622089119133506 34.036251534745091
109.66270030307629 87.694089396787717 34.544230141812058
109.98667329333898 87.710709904420213 35.036441020483892
110.34467398970281 87.663448081036279 35.509895382764071
110.73972980450533 87.543704951066331 35.961624572204222
111.17486447936523 87.342873759640511 36.388661546081359
111.65310212887447 87.052348453839159 36.788039121038466
