#spline3d 5 120 5 120
128.57232426645183 102.53906324074312 5.1027250204806842
128.84199058703788 102.29256029401843 5.6572983312415452
129.055740909581 102.02207617244196 6.219578119053649
129.24450913927774 101.73752347861044 6.7837580341414734
129.44367091928751 101.44013652752771 7.3384007535315599
129.65738581145723 101.17809545705944 7.9049345093419907
129.8276824083122 100.93606356970307 8.4942888211523506
129.94864204214289 100.64977943734245 9.0785367421688967
130.03430545668806 100.33477270037608 9.6517502871943481
130.08355820491627 99.934133910776936 10.179183950759402
130.08140988095974 99.453191963973978 10.633338845477676
129.98289454712787 98.925992461482849 11.031124668200745
129.72612331540051 98.442866517290682 11.408580357122238
129.35923354268965 98.034177828031034 11.777383334272924
129.05704872896973 97.627306352443611 12.203040628035307
128.70298300644851 97.227412214840754 12.585671041163495
128.26366431738285 96.84943729860754 12.910394615599484
127.83617255388664 96.470983950147257 13.242763167165183
127.35104331545632 96.087063350787773 13.472315642453456
126.86447425818599 95.707121486826964 13.706754043415067
126.4056604675996 95.327884462076057 13.993673981724628
125.92978459655562 94.904354388354321 14.172119095888439
125.4423031867878 94.487669693208531 14.329076971360061
124.92805668167389 94.105193558728942 14.482198752323399
124.43506375107997 93.69665502339781 14.64308750859144
123.93041121271266 93.293318732571294 14.780351754950859
123.41780404389394 92.877517856558356 14.821912686003982
122.88772800003731 92.487777022831878 14.862419743625766
122.33761021954315 92.128662536612921 14.921733314576775
121.79750925385441 91.752696688578496 14.978574936899413
121.26761165197821 91.375961460947977 15.091505028596874
120.75983347111118 90.983861252413476 15.250347358568069
120.24920110654098 90.567774114050891 15.30318719235907
119.76583431224473 90.13375453173407 15.415982752824071
119.28910634936092 89.705259376951261 15.577080624735247
118.79107432829164 89.295618485221141 15.713059377680283
118.31103603436404 88.858956571839215 15.83890994890537
117.78667841942317 88.473774340165519 15.945860552095983
117.24591783308379 88.123369779323355 16.090965986290275
116.7082596316074 87.781731059758769 16.263295410459108
116.16318885718896 87.458819608115348 16.441844791400371
115.63340645994897 87.114225276394933 16.637861027840387
115.09406319806209 86.806189361726624 16.861116300537894
114.58390715540611 86.547752040992677 17.195360992069457
114.11494500872864 86.267908441811997 17.567072476125144
113.69305900658655 85.9677078765109 17.975926072686374
113.26754497831774 85.702357357802242 18.406006323006189
112.87043112441481 85.48251883112556 18.886902710806389
112.52391968266595 85.30153863728772 19.418514531894644
112.1619255108088 85.166050542934229 19.956892235246592
111.88475334993588 85.025411489405485 20.537048671192277
111.65786517305405 84.941351872097798 21.155545215845322
111.46783467520761 84.824590750756812 21.773970988319494
111.34820333547125 84.694508623229552 22.410874246311078
111.1945529972344 84.667023863700862 23.053143110170723
111.0482042489263 84.596426599584746 23.694179619284572
110.99589461637753 84.47648654971411 24.346531356039247
111.09148698964962 84.330886316224564 24.984732940418418
111.18200095604871 84.15059832193171 25.611096491206556
111.21309194358612 83.925862193673993 26.23649476221215
111.28223607957993 83.628300119542587 26.822087398820962
111.43631265064954 83.200727205348628 27.312961788695624
111.64413785166346 82.90157142995821 27.862587726120086
111.91090502862109 82.626986260745085 28.402462602938392
112.210181541324 82.272204824864019 28.876745566255213
112.51056168943182 81.856013967796585 29.291747092410951
112.80152801942074 81.392280658367611 29.655645811608082
113.13080969517091 80.940760068926352 30.029309299158172
113.45710132508289 80.406395954469474 30.223827027640787
113.76794147804178 79.812370398578111 30.266575634895514
114.104751901665 79.249335796139135 30.299654413862161
114.46901663742221 78.699691311435672 30.281075480990186
114.88340474114861 78.185592123415134 30.25831821097939
115.28857469219709 77.66388070835923 30.240471329144469
115.65219333969677 77.12153282626457 30.147171442624316
115.97029328115329 76.558123589701651 29.994683006529062
116.20556362301097 75.965893822598986 29.817771599727234
116.30080275759029 75.327177460924517 29.659198257756916
116.339682036708 74.670561954381725 29.58582852828836
116.31863332593852 74.009715507240088 29.620958676877493
116.23454768798459 73.361666690334445 29.750026702490263
116.07051389990841 72.757364435795608 29.983316747014694
115.76432727665393 72.258214943131577 30.295906031589112
115.38755124039741 71.827284268078131 30.63966071385666
114.96086157617785 71.486914832924271 31.00956064287967
114.4617662456218 71.30825237584601 31.41799826761649
113.96708597598105 71.209664868882243 31.848235545283657
113.45385029561913 71.250940396889348 32.261966712066986
112.96070327056273 71.321347308217071 32.697611531725869
112.49885927883804 71.445944958681096 33.154722884435422
112.05350697150828 71.708784747023017 33.567911142808398
111.60055374699633 71.98944227063528 33.963472997531767
111.1183217122454 72.316977623624595 34.276699934887233
110.72165837641599 72.784468416791952 34.528227531569478
110.33616443985224 73.252411566224737 34.791321071429401
109.96267299189536 73.720628810829368 35.067941471939221
109.67984659989671 74.217740997625725 35.400473702451322
109.44529948850452 74.697821599695928 35.794659614870902
109.2863210044994 75.228165651560374 36.153861397939146
109.22421316570725 75.810219459912588 36.461548158197672
109.15896055891295 76.396337679309426 36.773448828488249
109.25099269103414 76.921475932469335 37.167089634707239
109.46471649325944 77.37962894095385 37.606542184335609
109.75744570129454 77.834075054392542 37.983953492528791
110.13645126523755 78.278106658371485 38.295868164342515
110.53748604827922 78.707395073184202 38.595472310493257
110.95751203262247 79.118081091086438 38.899055641476458
111.4502774700983 79.502642119670639 39.12014533789813
111.99290517448782 79.809834892938326 39.339661479413635
112.55397099641252 80.019411798554472 39.623453183360873
113.15766704262937 80.167582067286006 39.861617826542592
113.74937743567466 80.167298331524137 40.159015695898482
114.34418406631414 80.085187236129201 40.439326424740763
114.9910678576767 80.029968023006049 40.575853953549618
115.61358123272613 79.89188531378845 40.745178518696093
116.20605755915801 79.669715916266739 40.946424793809584
116.74381992121464 79.37468135078494 41.194957137263692
117.20364189016246 79.041205599885558 41.53736173598805
117.60608004220902 78.705051846745704 41.948082601017461
117.96764340394111 78.402847944286123 42.410277003100987
