#spline3d 5 121 5 121
61.542654985468765 87.739306212609208 1.8158410069114577
61.908023105705794 87.175218053818142 1.881488859277092
62.310376123352079 86.714034723466156 2.0349233024470199
62.756932508958755 86.345181314038427 2.2371414671160932
63.2650898042859 86.07509470939884 2.4534990832450854
63.770491006504862 85.773902139771138 2.6150079787011848
64.194674282587343 85.328989949712494 2.6968913180034964
64.646596212611868 84.919571468021445 2.7553305644363859
65.129489058594331 84.544053146815585 2.7807525271460682
65.613571530019897 84.173812794784268 2.8189968289454064
66.140234960887881 83.863829321425513 2.8788957311776264
66.651310445127834 83.526923879251143 2.9060196860473946
67.137652636927541 83.154128596094239 2.9196132104632273
67.63850421298072 82.802300844106739 2.9301813017713099
68.131297624742459 82.439106361602953 2.9398571422685316
68.62581737187287 82.07756213187443 2.9551251782452264
69.114880110302238 81.710353961507437 2.9253208992333048
69.59901335448339 81.336514609363391 2.8859172772662167
70.112181653464944 81.001690485016212 2.9071407710111425
70.642537328469245 80.694846422163494 2.9426684778190912
71.177997060722362 80.397788584683113 2.9430873424229134
71.706093830884299 80.091298689065425 2.8970329399929051
72.240814009482008 79.792956538527378 2.8837398850610696
72.778551164368139 79.492111992729662 2.9374082232257548
73.255139035799715 79.129460693714307 3.0622222283660068
73.664607310344465 78.710797623200335 3.2526117603353635
74.105651329513378 78.341366967045303 3.464292871067149
74.571863301644342 78.021377808234448 3.7021685925167502
75.029712781501829 77.721339299691195 3.9767373634389753
75.484567520728618 77.435149059862567 4.2728368630009204
75.922890149952778 77.166072754116684 4.607112441756481
76.336576731959582 76.944923128422005 5.0014608068140012
76.74517062660523 76.739970186099001 5.4102040745908049
77.146679520115484 76.494827264536141 5.8034988847625515
77.502617243263117 76.262312333093007 6.2434396121519464
77.824181905082426 76.053981964347017 6.7235413034872664
78.122800262268171 75.864269417663664 7.2245768597081437
78.393800820846508 75.724304241102729 7.7566202706953025
78.604216979180705 75.623050655986376 8.325541704065186
78.742471195804399 75.486377812747406 8.9092517513227616
78.817639249401296 75.273136408404426 9.4799470917062099
78.835571045244436 75.060952906350465 10.054965627383739
78.834451776603132 74.877909520319932 10.63955878713241
78.85570267334424 74.661906203829318 11.211820565240235
78.887477777154942 74.442843319942071 11.784443218326917
78.866635291850898 74.225404354815069 12.355749489791346
78.790343970612426 73.990794654846738 12.917300032841538
78.71397874440261 73.77510629762881 13.486099825526511
78.633591916400675 73.597329910802173 14.066676452564479
78.541661350907731 73.456872851359023 14.655915158327307
78.431856130983945 73.306039170958215 15.239086612732745
78.286462694751108 73.137887784685958 15.812288074715781
78.119364523361895 73.024468403192969 16.389958497780885
77.95355907762206 73.007380851206335 16.98057464065349
77.781380706447379 72.96966564739823 17.568239036153095
77.603470865491232 72.875440045570755 18.14642005686148
77.422401835331115 72.740558833015498 18.716684870743194
77.263481511855133 72.566209227505169 19.284754133265171
77.163975188889538 72.314189142015096 19.836732724677002
77.163198834008 72.019350888169114 20.374653778104943
77.225784956572781 71.707336161917894 20.902957514062237
77.334167519210382 71.321961774273561 21.374238139085648
77.398554518481134 70.822614517271788 21.724177598902944
77.444547194474168 70.274726711182836 22.005948919559774
77.541690102784884 69.722056391709216 22.253366084219618
77.568028100846817 69.14328981993728 22.450448190073615
77.505855155151423 68.567296922250875 22.656771720103041
77.509837903489213 67.975247974150804 22.802087857743167
77.529192710835545 67.358165798773413 22.888177976318538
77.400987716802121 66.765020355459768 22.978837162023183
77.115135966643606 66.218380082353832 23.021098113995631
76.886338778919765 65.653870222494859 22.945984586004784
76.696376639307303 65.079894450280818 22.830766323546634
76.485031747769639 64.524841997607027 22.68459125948543
76.258548455083769 63.989458126816956 22.492231209994554
76.032362805110481 63.441441145044763 22.337259963570947
75.831950012661508 62.867838213444976 22.230618964869379
75.712897653363669 62.271927488216491 22.166787953119645
75.633274029216182 61.661583463637221 22.17576500942792
75.540918129682666 61.055262914356483 22.18854467713437
75.550957551665221 60.449921938101404 22.268599144966647
75.648219751972121 59.851213878238084 22.434817147924537
75.8828691613638 59.344783486821527 22.70921201565826
76.267830788488695 58.985134587551357 23.043864967196118
76.727801957249739 58.752126487095218 23.385325037138408
77.220467791762189 58.608158133534992 23.717856797756809
77.728739227774156 58.538921499095721 24.054134704849709
78.240424943327142 58.528474698376741 24.398302465512124
78.737891126770919 58.623750904796943 24.743911176053821
79.205353737534722 58.819740257153548 25.093631093904001
79.69767363768544 59.047484908200907 25.382509380727765
80.162083447786713 59.317576757739239 25.673629433725786
80.545968222593842 59.660172449214038 26.011173023641732
80.931146200852069 60.019881619017504 26.325744622273913
81.348348967977415 60.356886116381425 26.618571769870119
81.764349329151898 60.679239681600059 26.934472728043911
82.153039361594267 61.029128028588794 27.258643934353447
82.507138704269281 61.468139919968237 27.499689094686673
82.799673847463325 61.954887030790381 27.734968775051335
83.030638633283417 62.438428211056831 28.034956884220215
83.221876876426407 62.92974036422833 28.350530669334017
83.375257870961349 63.395247224111152 28.716416980722897
83.501448053110366 63.826526693888098 29.137344703344425
83.578527147938459 64.293469082345084 29.527584823714768
83.564464526494746 64.806528164615486 29.866570868072959
83.49082016668379 65.332584089417807 30.175069645548909
83.376777227590253 65.869079514725627 30.453194021528734
83.156849332501324 66.390692422001763 30.685813647613294
82.843659782057713 66.883969986499068 30.891814526074
82.463515777753244 67.323479774990545 31.085084723270498
82.011119010295005 67.707311232466154 31.246676536730252
81.522932379686097 68.045735915397316 31.401749903771549
80.989804389428443 68.322573337254852 31.536737550406791
80.463183855070355 68.553037748356203 31.7447691431884
79.960635237153596 68.761233801222161 32.031899543178405
79.411894803526579 68.917316701437258 32.253439768719467
78.839271299058424 69.037522019918853 32.443944530884579
78.261463334697709 69.113780148655167 32.630864960674998
77.674230236916799 69.145953422214163 32.801976554055244
77.079265007997563 69.162350927789049 32.955462773591158
76.477499388514275 69.188007403853021 33.088223608736087
