#spline3d 5 120 5 120
75.364107592545793 81.947195795692025 2.8232125171649387
75.521931037913745 81.83970117870274 3.342246491176962
75.698255172817539 81.754888269453673 3.861295940491277
75.871673824210575 81.677446125189121 4.383354690327578
76.018712259671787 81.591457417084186 4.9119544809137032
76.133091590141689 81.483774113347195 5.445464708064212
76.231984641865779 81.322045213099415 5.9675433137946543
76.303319935828839 81.136260380159882 6.4866423121069241
76.3308378380638 80.989881800110595 7.0220346580099884
76.371553662047489 80.887834586386205 7.5670208497289089
76.453556660227136 80.822054330111285 8.1129347167982839
76.551626235358029 80.790075853547151 8.6586092146716958
76.640019521451592 80.770098315739958 9.2064864448404382
76.704987846616689 80.749515941474073 9.757780551925844
76.749845358600723 80.744433403811939 10.311296221422591
76.783530888804563 80.761192130071976 10.865220519922522
76.830069992205878 80.765226132304448 11.41876213556014
76.913121575627528 80.759095746847947 11.968801366584255
77.037463256382892 80.809615964623561 12.507576686827031
77.215303167075305 80.884197857083677 13.029254346556964
77.413471749716933 80.936380264167838 13.54560029813943
77.603879381193238 80.975887104694905 14.065829925310634
77.802475458502926 81.0164883562841 14.582947871963277
78.019929385199106 81.085334068239433 15.088813662362341
78.235118311998562 81.172613191838394 15.59369459660619
78.413123525997491 81.218893518693179 16.119896036319901
78.608792846302094 81.186251214434634 16.638087026909417
78.862790105861578 81.060701671831922 17.121287522201637
79.127207666091948 80.862453896782213 17.569586881570498
79.404304042863615 80.609995909221212 17.978908520540323
79.697519805313476 80.342107346984236 18.370051510625402
79.971535077846482 80.036571126281757 18.745616945921697
80.178146910493993 79.643176089358789 19.083865511300171
80.343115061001754 79.191553986225699 19.366629661002285
80.493076260193661 78.708176247126488 19.593743186608155
80.655089809054687 78.215881704072004 19.801364485448659
80.826008212358616 77.708740559183298 19.952352121286292
80.988556806594659 77.176865529010684 19.980050632574571
81.106343487073119 76.631464546649397 19.910997558541975
81.129132290481635 76.083897576683285 19.793415686167702
81.087017290337499 75.563353653006203 19.604000009141426
81.03153655799089 75.094596587027638 19.30682386439031
80.930259782059437 74.64908687638885 18.98884521430643
80.766761650511341 74.225238893642555 18.666872052528227
80.565767051786949 73.836640398809223 18.321424994590462
80.308037084990616 73.502825984268682 17.960171729425024
79.987917151746103 73.209122742611797 17.611766289012664
79.636908959161204 72.937785603680041 17.276951083870522
79.243966596458606 72.712620496861518 16.947843543698188
78.852403853663233 72.572595941690153 16.577715129941524
78.502304405991467 72.521163780789792 16.145494079756862
78.144400204994866 72.423838536089889 15.74155990707318
77.729853855872349 72.221345883557902 15.419275220475589
77.304890218796729 72.002769602653203 15.12360608958026
76.906385888922514 71.694304614932761 14.906018639879433
76.496917509023788 71.350823336637404 14.745090873417327
76.06431934635232 71.033611591443105 14.596617888317761
75.64595774157614 70.695752562611531 14.46304309428672
75.25438300015432 70.322808807134749 14.333500244107139
74.884656451518154 69.931832896484082 14.189717581078012
74.505397669207625 69.540812008560295 14.094596098380311
74.101016929336723 69.153794352519768 14.086837056874105
73.720707684115141 68.753681457933581 14.164159983144391
73.387060165146778 68.341658277644825 14.341200052223799
73.111553439730145 67.924360456564116 14.5858361376798
72.890941813075401 67.508045958798604 14.882622883010592
72.717201651801119 67.097983584722186 15.222658323059482
72.635616174566835 66.702818226175225 15.606603273314164
72.653715574326412 66.368831138908902 16.053103467838845
72.707346718228052 66.096037185322743 16.538636007435908
72.814364094837217 65.885484317583334 17.043386072697615
73.015172251318404 65.712764018889203 17.532901861638251
73.303407393150252 65.587178022675175 17.994780088735588
73.630043979420691 65.525102773171838 18.443196962645995
74.012313896549301 65.509490942840898 18.848448762924548
74.429381751367274 65.55577399159499 19.210353427189915
74.862210327090452 65.675796486789935 19.539761034305972
75.28064457194543 65.833720834721078 19.876988041256439
75.652091545666082 66.070492134827063 20.213713819465926
76.019236103263239 66.394518249132801 20.476803159016519
76.427091153222335 66.722436559667614 20.672506274732747
76.808971495389841 67.07321350462928 20.867967145906757
77.168541871923068 67.447158702072912 21.067236344441703
77.515270705620679 67.824332115936272 21.282757869408027
77.831591440973398 68.207401469003926 21.53142418672833
78.13193805283754 68.605465871406878 21.77549636841837
78.444408756954019 69.021680926166212 21.969070926519404
78.744209763783729 69.435894717671502 22.184234908036174
79.034509276838193 69.83730995136807 22.436847882335996
79.348549704369631 70.220185596546301 22.689159000885923
79.689466261105608 70.578194687125702 22.941628189831476
80.039316765705635 70.921962134629254 23.201925043889165
80.379563938674295 71.268059436373335 23.471736260015845
80.724387185961049 71.597613763985748 23.756171051238226
81.052828781449776 71.921118013221317 24.065496539344306
81.355276343944709 72.245014372201112 24.401451572337479
81.642407501389684 72.581658189822676 24.736937872518482
81.903305914515883 72.955992440713146 25.053493136002022
82.136484431332889 73.347104634259566 25.371752148286824
82.344287153289528 73.738622733099376 25.706209211214425
82.55177667875644 74.135480732736951 26.03657139991294
82.784539022797006 74.545707142363398 26.329518446737374
83.051825749141727 74.972328907374603 26.56592257506583
83.290910269070054 75.405891208142705 26.817199139089912
83.476812831209926 75.851806048132246 27.092479694037252
83.61947675404808 76.329661305713955 27.339848760783447
83.721453747148445 76.822239642724483 27.578983712114173
83.752914750615318 77.296155431475825 27.866554486379361
83.7380521545671 77.767693294346216 28.162025151884052
83.714813923618394 78.256136520410436 28.424319746247402
83.680661355106608 78.760740729999938 28.656782353063129
83.615091437986166 79.280004515050067 28.846220003914386
83.490664355444977 79.801088576565206 28.991593602411758
83.322208141422351 80.317104436714615 29.112970308690336
83.175261170296935 80.840189897735556 29.228560957489638
83.00673805535483 81.36194745100488 29.31207861257522
82.791112576748503 81.870706118855409 29.376039778738324
82.53996352460976 82.362373101173134 29.446868011780197
82.272203789517647 82.837978745723063 29.543002664517548
82.006323446078 83.298082440075405 29.68394894863809
