#spline3d 5 120 5 120
68.182093870739493 104.79347728299196 6.5616439163346616
67.970486971807361 104.57898747681958 6.9649884609627195
67.737579895775525 104.33039486444962 7.3694825391757881
67.532976289512987 104.045597347884 7.771518888321765
67.408323461378743 103.72156223964065 8.1675366403664977
67.390957503359687 103.36358891527624 8.554285983341325
67.384039972062737 102.99507313414431 8.9359041506187289
67.395126912303013 102.63226846330758 9.3174497449210634
67.508944537446297 102.28727194990394 9.6957523916143806
67.695235704612543 101.9551619188573 10.065886241113432
67.905248945170925 101.63135218477909 10.429062415115547
68.175107406503713 101.31646557329341 10.751563505062126
68.517015548445372 101.00783271092453 11.009933236626212
68.878336910099961 100.70649882247808 11.251012107134676
69.227958325099806 100.3916876626414 11.488847353981333
69.558721912624307 100.02889490099687 11.678277990253052
69.908726654606838 99.652949285817826 11.802390102036929
70.304366965162401 99.318704827806911 11.903037305238113
70.711265598601699 98.998556688868732 11.99938541401969
71.10852043310669 98.666995156998169 12.094243586447639
71.51187255919443 98.341229640057207 12.185279871933075
71.922821677236186 98.017613757668244 12.25452301203841
72.342278805882373 97.701242030255955 12.288663035858086
72.796129744561924 97.435252091091314 12.303222199779654
73.252553833619217 97.172315280356997 12.315426966700876
73.689202667819458 96.878137103553897 12.331304046477854
74.136950752823651 96.601524403248476 12.341433753633815
74.591130220034088 96.334889452803282 12.342235578939581
75.038827130124218 96.057831409863482 12.346620447604627
75.482009936257285 95.773856745428276 12.365316573814136
75.934120261430991 95.504596357422884 12.375956607896766
76.39357024876567 95.24731732329461 12.374159769517322
76.853741446571021 94.990428658714023 12.370693798460117
77.304827457326866 94.718950782441667 12.389439208949165
77.738694329338003 94.426269989022941 12.449545153248348
78.160850493388494 94.121078491690668 12.530596574874041
78.579713841858663 93.814223632302685 12.620324769473388
79.002155471613477 93.524657054028793 12.741051842019264
79.437439042819477 93.266154742581591 12.887626566931365
79.881148841840783 93.025097213700349 13.040263168955148
80.308109807110185 92.774434972407704 13.219434686426561
80.70078974010913 92.495510878027403 13.433316137055904
81.0915646914804 92.224691980312187 13.659117561634705
81.509343788917107 91.990004657562395 13.880362800379967
81.910371447923978 91.761819283086183 14.133684409570415
82.262795318819997 91.529279557556038 14.45038980565943
82.592577091663742 91.294920687314018 14.790368647074253
82.921758901436377 91.016379309494994 15.092859535636801
83.262478973627708 90.727466013616095 15.371608492505148
83.626275762477704 90.51943432705562 15.688034588414924
83.983183618815602 90.352472035213509 16.042895204847131
84.284148384960545 90.185443562563179 16.442627170927388
84.534790333359496 90.049250299179462 16.886956591526072
84.73921720335737 89.945583279302483 17.363619248281889
84.861911627060337 89.840644599502042 17.864063009216242
84.930757360901666 89.727241264257998 18.374603430783043
84.965252032090135 89.596108437129331 18.884073355931157
84.98649790957532 89.439388240721769 19.389207468481302
85.030510271707058 89.222137960364009 19.8657535052165
85.085140186743232 88.927132453404113 20.299622522875776
85.113150710311615 88.61934749779067 20.728005320015122
85.107683582112799 88.314121208160131 21.156497066393719
85.068451572884101 87.986058622106825 21.56714001861371
85.037920074098778 87.670780728462987 21.987243766277306
85.0202779045743 87.401774824496641 22.440830992706417
85.004775738965876 87.152160291318665 22.908646730416866
85.023283537480282 86.836565828700117 23.325839013109512
85.069771982539976 86.457287510254133 23.692372445538584
85.073323080041007 86.085410564923265 24.066118710175601
85.038967784601581 85.708074998371643 24.43264032913676
85.043857929106082 85.306121694936053 24.771988688289763
85.09422703167408 84.874750807517898 25.071964416119343
85.116189375239998 84.408815261287643 25.322207995089187
85.144554110555674 83.917772859856996 25.506079699223001
85.212669550768751 83.405663635766857 25.615125503952296
85.28824109417701 82.891734915543509 25.7114097535848
85.387332967103248 82.383500416449237 25.799186145762103
85.51556158641371 81.880828875470868 25.885671680922535
85.636870408252491 81.37667914409414 25.98876293703626
85.813024043048699 80.888975172646354 26.080271696138908
86.078802490716868 80.441382173262198 26.169869996985518
86.368623128937102 80.025671039839906 26.314877598283697
86.65790868298258 79.628507634423457 26.509004546004849
86.988736746863225 79.261842810079543 26.698820845427122
87.327822600373395 78.961032522310347 26.960207712512691
87.667970931459365 78.711313099987365 27.281041558623262
88.025147845498353 78.500186088318785 27.612706457523707
88.38873946890773 78.376790811275583 27.97085645785528
88.751915316714474 78.377335888626959 28.358295131364049
89.120123542697442 78.474466510266652 28.734355810789197
89.447323713296342 78.66218526153439 29.103584758610168
89.654076571643984 78.925359854691223 29.512293066885064
89.781598512605598 79.205119349325074 29.950198952143062
89.836079766137161 79.474897517237977 30.399563982708987
89.781878757514917 79.740527097207249 30.851990019090117
89.679951393300527 80.048350606541874 31.269813575544692
89.558433175562101 80.395273216266446 31.647661717257705
89.410047444303274 80.729798780589164 32.026096180640202
89.23381019229133 81.053243460416255 32.402817568369315
89.028272504548127 81.38018601777209 32.761666975563649
88.798502577213114 81.689746516442028 33.118800034633615
88.538839231525756 81.985605635169208 33.470734748810052
88.247946875221629 82.287791872940232 33.795525528032265
87.894324884757367 82.569938756326039 34.062007965574786
87.47993031604679 82.786716197778787 34.304302182814062
87.071660266973495 82.967492070365708 34.594450374216123
86.668223967185796 83.081797107918348 34.919183491130489
86.251982160576162 83.043158615538815 35.242898643290381
85.847641371388235 82.900442719074888 35.559163734729751
85.457270026725823 82.736903403260698 35.873607686482671
85.068918686810079 82.549735119568808 36.170399836064881
84.678464075352267 82.330552523286713 36.449984220247551
84.287801585161716 82.112946991207963 36.731846767101025
83.900614666098093 81.838860651402797 36.956305288008828
83.523374681182318 81.509899157377532 37.128385186808956
83.1663967078577 81.150980057103197 37.281026275811037
82.81725250827067 80.821506325785762 37.488783914151448
82.463656652781367 80.550708044533579 37.774859081602713
82.099889064989156 80.331632851991884 38.115960912671639
81.719313648916682 80.161913191040753 38.494590910256363
