#spline3d 5 121 5 121
72.007030160704019 99.61573841171888 2.9879244416229409
71.368184638707035 99.775381678091478 3.3678911259083968
70.761288786978525 99.67912117371624 3.7379596744634207
70.160562051334665 99.493679315596381 4.0957030432612926
69.542305241274633 99.458636746494506 4.463184260407254
68.888673770615284 99.4347061441633 4.764838441457
68.223258072679556 99.340741910281508 5.019201514947218
67.653685400738354 99.264651447508939 5.4853694439907654
67.218485363349018 99.08748857441195 6.0219922974523064
66.878845923362135 98.84151582219161 6.6161699126560665
66.574781137798297 98.563875382971389 7.2035995272796143
66.446723885980674 98.136145919629101 7.7879997214628132
66.438236877536411 97.671605185689984 8.3311850935027714
66.54582683635995 97.181319758705399 8.8601453652477407
66.766960179677113 96.792591395609961 9.4189417662358874
66.960280126405337 96.349270628591199 9.9580203087931611
67.27087683661226 95.941023545581089 10.459096435000102
67.655763502602312 95.541313069855661 10.922339305401108
68.053706010105159 95.05673354764113 11.283143359418444
68.270524775916712 94.485972241973954 11.68014495577517
68.617579715813847 94.008340383254705 12.102282103499171
69.272291049863682 93.6895925100428 12.30822446158359
69.854797957855283 93.328700256765742 12.495500265229653
70.279325825143246 92.767700229334196 12.704690950404641
70.755054891119372 92.227485237772314 12.754402024991977
71.311334770905688 91.778391021222717 12.866251917633871
71.95692920490697 91.455286289837929 12.912472365578324
72.611836228387943 91.157696423340198 12.931532057084235
73.277851909992577 90.909735561559074 12.794990466726089
73.951258562487212 90.715413427262234 12.634576312175817
74.624983135071972 90.46716226791969 12.581694648646526
75.291264909829877 90.220135425423649 12.480450776406617
75.967634411247928 90.0077678323252 12.351603696595873
76.642706003931167 89.850717170745028 12.165861897619596
77.297844955604148 89.612357638583887 11.982195268996904
77.938796798614021 89.375731030603021 11.76392875672037
78.533518507652971 89.054670839377778 11.516098712414358
79.209100675183549 88.81637461018461 11.383867559420542
79.91011639273097 88.683433887552681 11.307012471501073
80.625220632466522 88.602665274071654 11.312428496830856
81.328616322419762 88.402875475814923 11.277285150449011
82.022185787337463 88.44539422208203 11.543599044650584
82.657041247717316 88.218146409634429 11.806180171994825
83.204307274310324 87.895125277687967 12.156921386997112
83.649139626141235 87.509128047615874 12.572207271244078
84.06253115765432 87.150591032262284 13.032644951529633
84.460024969724358 86.800723346115859 13.534779904840422
85.035479286421577 86.593333367888846 13.918136580847641
85.603617311240171 86.455058633512564 14.354909746073039
85.999578900170846 86.255176379676229 14.92355919745917
86.317805550712706 86.078348300721174 15.546447874711255
86.605896487981965 85.926905908969715 16.186470935258509
86.768208407289819 85.783981542681857 16.876662033126401
86.870790259938104 85.63054856237305 17.569997544993839
86.995327093312497 85.459887029805685 18.256483712163323
87.103430560300112 85.294545710680183 18.94726505463553
87.195291695180487 85.163717352524628 19.64791559827724
87.248601487921803 85.127962587836919 20.369007402165757
87.157477313769888 85.024467544322491 21.074472985706958
87.155986804528553 84.990108840450503 21.800300518347658
86.988067856220354 84.917604390162012 22.491057167603287
86.942038053777978 84.887871053315124 23.221173330593345
86.864010735334801 84.967205478943683 23.929032996675055
86.399501505210708 85.175144338437192 24.508583088543606
86.382214559016745 85.327920481672749 25.229935526747379
86.160514851845747 85.411593947058847 25.917763714295798
86.06129214676038 85.335886388500654 26.625511324599721
86.204819906166193 85.319339988398653 27.358830399245747
86.270289741989885 85.101187442870767 28.032329125056329
86.250684505617315 84.702043554335773 28.657737297692584
86.482157812370176 84.334505839426456 29.237486369151739
86.834187854718252 83.814463781608723 29.63413766307935
86.942571788715298 83.237957931193193 30.050023589987639
87.162260003233854 82.590697576483194 30.303688181926837
87.379758657035026 81.930624064907292 30.475118792214634
87.63674183686004 81.274789309238159 30.619941474142671
88.046527589405642 80.67674880066383 30.762766851066576
87.97493057303393 79.952389859021622 30.975175957023016
88.130156479074898 79.271073753896388 31.137285786252164
88.215426416160611 78.550257774356737 31.098082778430211
88.341564506075642 77.842160683754486 31.098633170718337
88.425539157854772 77.144138683470672 30.931546310206546
88.561774961131405 76.452304361795953 30.782705472721034
88.778729159870096 75.759222971358895 30.812387595381356
88.954697037988197 75.069005843505892 30.950578821206012
89.290831340714419 74.481979765918794 31.206398637531226
89.629176783255872 73.950292324001623 31.566626973245423
89.937960090765301 73.516248070517946 32.048805697737293
90.28909479868571 73.150130654229983 32.552375835261607
90.67211241730881 72.885811721905171 33.164618958035788
90.647235012598514 73.06360971482664 33.913867642985906
90.710220201154115 73.012286261054712 34.622488112383294
90.612896415563611 73.064148736139771 35.339900787107076
90.455214241687599 73.301063167356659 36.014601183357257
90.310832418473694 73.635546787758074 36.627045493258287
90.266874775966841 73.957583767485616 37.279620736388331
90.040912735488931 74.235020062252246 37.901870109043386
89.744150378949257 74.514997019997935 38.499736130064733
89.476652334318729 74.913921966701125 39.040789949934705
89.34995625968196 75.403035281675344 39.55518174360288
89.038908269856805 75.89812030563408 39.999000394891475
88.639375577858615 76.218490447994441 40.5027408248462
88.218136627800959 76.510070520975205 41.007383730479724
87.839049580793557 76.905502714849732 41.479545666122611
87.352871075770778 77.301354469155115 41.837657009636672
86.880462641655043 77.733942561781575 42.155258551060349
86.43816223699568 78.201352297598447 42.49244042273434
85.906232507230953 78.647311720623378 42.684143472491186
85.338869816886501 79.10110529664648 42.724157518341499
84.743043587860782 79.497013309775795 42.707135229357696
84.077870454008519 79.787213533433587 42.715344507866526
83.394783701016209 79.999950013749825 42.691414483677306
82.718976156535973 80.25042491405442 42.694197235179637
82.045100499763976 80.494814248861985 42.735467912226561
81.324764972017903 80.576378325811433 42.722520887737168
80.621549958546609 80.742089302911026 42.816150336826837
79.956438926086449 80.693953668696267 43.112196995867507
79.273668893313129 80.694826687890554 43.346613281119495
78.665749914666407 80.556360002510473 43.704770208208018
78.143784802005626 80.305858062677913 44.186872054485036
77.720135403624226 79.947004532609753 44.809398973111911
