#spline3d 5 120 5 120
60.18093977695824 88.175024732121855 1.7637531594600588
60.599241166096178 87.816775565875673 2.1246919509832574
61.026091118257639 87.440940214486986 2.4452869874457539
61.461785667322573 87.051102907199223 2.7265471829222547
61.906620804143131 86.650847868430517 2.9694813607969746
62.360892772484149 86.24375912246883 3.1750996649701717
62.824895698871543 85.833412162561913 3.3444366875855365
63.298906005872539 85.423336923632647 3.478627369073668
63.783145955325935 85.016935067633312 3.5790571438489369
64.277726037207927 84.617345561754604 3.6475675055377161
64.782572113534641 84.227247447647173 3.6866675287397643
65.297372801650567 83.848673841845823 3.6996514489923968
65.821535261279394 83.482808126069258 3.6907029379972909
66.354179148388681 83.129845667706391 3.6649153613282115
66.89417694745562 82.788975555338141 3.6281904312641799
67.440231572402851 82.458495399798636 3.5869885027520843
67.990985841652261 82.136073111769662 3.547940579995025
68.545142017748006 81.819125083003428 3.5173933257934649
69.1015382287259 81.505212493272893 3.5010419488152968
69.659155171607026 81.192364340323238 3.5037439408831217
70.217053721395857 80.87934767404839 3.5295231648634546
70.774251452796719 80.565848010054196 3.5818088068401575
71.329575624675385 80.252585921158072 3.6637385854079403
71.88149582014988 79.941324219032268 3.7784142305380053
72.427948247141856 79.634740850564782 3.929039103114897
72.966183016574732 79.33616650045316 4.1188940852357954
73.492708248287045 79.049240719602366 4.3511571734758334
74.003270989275705 78.77756412073488 4.6285731497797622
74.493011766962226 78.524363063170284 4.9530349845697286
74.956722223494566 78.292249976816493 5.3251972115124708
75.389167444838264 78.083080197236356 5.7442340494217952
75.785416804016307 77.89791157618663 6.2078115228032615
76.141188316431155 77.737043904354593 6.7122371116706345
76.453123432718357 77.600174940801239 7.2527865603454327
76.719154661997251 77.486578393430435 7.8239818940176811
76.938800027911142 77.39540238338158 8.4199674354051126
77.113362184213756 77.325959698958684 9.0348661808432773
77.245992684452048 77.277914074157493 9.6630969346355489
77.341615428948415 77.251308179745195 10.299613207762212
77.406703450850117 77.246443222556778 10.940075400493809
77.448836085629878 77.263671273664343 11.580931220628459
77.476179984407139 77.303166205189726 12.219507136490076
77.49683223496551 77.36467176080906 12.854076946571487
77.518165086513605 77.447255434821869 13.483894967350093
77.546291900438135 77.549073729514973 14.109191805553788
77.585741926246513 77.667158336095795 14.731098804453215
77.639405563915787 77.797189980071707 15.351472389991164
77.708801018180822 77.933298978024411 15.972575707900313
77.794515916422981 78.067916484271464 16.59664705750561
77.896721519473488 78.191669741859982 17.225314421896531
78.015689420974468 78.293554192223851 17.858892183343773
78.152100868809882 78.361363486421524 18.495669917740425
78.30705737593324 78.382404468690964 19.131295767233741
78.481736872230755 78.344487280188943 19.758405075156485
78.67675123618875 78.237127118972509 20.366603786876535
78.891481482386254 78.052575278029906 20.942945708288999
79.12335873058241 77.786942407802556 21.472544793597642
79.367448018418287 77.440829488262438 21.939736394831826
79.616444604143652 77.019475716098398 22.329425657729239
79.861162720089681 76.532381843002625 22.628537812553621
80.091454515499152 75.992466432903655 22.827336652543185
80.29738404010692 75.41491602805749 22.920609512726717
80.470191362001088 74.815824118811662 22.90804554864259
80.603082434045433 74.210872986974593 22.794680136622496
80.691482666359988 73.613945028708159 22.590410140702332
80.732777320759212 73.035985693688119 22.309032384425777
80.725698727514839 72.484205818237115 21.966944247254428
80.6696428538243 71.96173492176473 21.581809701637081
80.564203729329932 71.467650473022317 21.171366727603779
80.409083852983912 70.997634311154428 20.752592367822849
80.204380610322474 70.544593066841003 20.341101508836847
79.951202418358974 70.099750402552644 19.95090681415774
79.652421690327785 69.653854020839177 19.594548249984719
79.313303033731529 69.198437867994429 19.283535403020846
78.941824079213873 68.727030686159011 19.02891741098022
78.548632369615717 68.236325798509384 18.841710578804623
78.146606231992777 67.726936672398836 18.732889836642403
77.750367459180936 67.203998579123038 18.712839491028962
77.37562500078505 66.67728384771992 18.790183463245114
77.03838679505121 66.160661931388219 18.97020595242493
76.754043669473077 65.671027899376952 19.253209745486693
76.536350153883291 65.226789786921557 19.633323178445568
76.396299086463301 64.846099780134224 20.097998155146239
76.341242827082638 64.545212547443043 20.628775127650748
76.374052663308788 64.337035197055926 21.202551354585495
76.49257767027116 64.229943177697777 21.793692557600767
76.689708101150742 64.227212490243204 22.37669093897853
76.953955430278228 64.327036157679686 22.928891464133372
77.270566548570002 64.523197387961801 23.432739568933961
77.622872379342837 64.806082190051441 23.877483187944783
77.99373458500871 65.164070066746675 24.259576828286907
78.366753911792443 65.58482714713486 24.582421796075238
78.727260454912482 66.056540739961008 24.855319243377366
79.06282530794735 66.568857269607719 25.091481693476652
79.363293695540463 67.113341274101657 25.305785994820301
79.620381715659875 67.683357114653518 25.512592017355576
79.827043214029345 68.273386871082437 25.723999442499771
79.976858206522564 68.877901449592684 25.948791362356243
80.063695565150297 69.490104961180094 26.19205081621396
80.081747589660793 70.100619498567141 26.455130383763127
80.025977908906469 70.696553592803753 26.736263710255756
79.892868166991775 71.261284381962298 27.031486845992976
79.68129888083952 71.775117755807386 27.335682490238629
79.393320014799286 72.216956011571696 27.643565480828311
79.034676341903193 72.566820305230351 27.950475505945896
78.614703376910484 72.808371344581317 28.252873927589853
78.146063171811335 72.931505634628351 28.548785976104256
77.643638679736455 72.934008854114424 28.8380478527198
77.123057078124646 72.821873445062536 29.122356493023123
76.599049597069779 72.608413751092726 29.405041043060429
76.084051947476894 72.312468867917659 29.690514767457906
75.587358206984419 71.95636519785802 29.983568354745255
75.11498245635137 71.564160481732813 30.288764313113173
74.669865951663795 71.160439588771851 30.610033820785613
74.252696185567572 70.769606593934625 30.950606804116216
73.862819942587222 70.41572955217265 31.313202684893415
73.499005893072408 70.122653294272496 31.700295146883441
73.159874564715153 69.914150769301642 32.114292245010553
72.844037120361534 69.813989396990507 32.557597817176983
72.550105456587914 69.845937088052324 33.032616035477055
