#spline3d 5 120 5 120
71.165117939966521 119.20075801469875 3.0499092155524297
70.82294568462936 118.83211503812676 3.5388848753723483
70.464790221874495 118.54141188738954 4.0819630891806922
70.09572832612335 118.26821920229015 4.6377118669524604
69.71186401093766 117.92946049540839 5.1221668045871072
69.378797748387598 117.55801282161606 5.6672988559398698
69.222093068788496 116.99384498687655 6.0759737763574533
68.967061966930885 116.36887464802955 6.3531504299525263
68.786919031809617 115.74028595396091 6.6128392721313221
68.742704371603153 115.05688507734162 6.8579989229527563
68.61555157538919 114.41678775456246 7.135946345316861
68.541903640096848 113.80383113935231 7.5096749979747655
68.581477687904453 113.22956327716005 7.9481562355519459
68.834648212097846 112.77060594234929 8.4484849278097069
69.114664057492064 112.32699587688424 8.9317146684175466
69.474230215009584 111.89655149215706 9.3728506963048321
69.833477383802702 111.4119828676796 9.7696011555055442
70.30668760435816 110.96678103399049 10.067424496709917
70.842742726729895 110.53480086269116 10.278643821467558
71.433143905602691 110.15460874815192 10.450718451566217
72.085361712183598 109.84671552302473 10.316232944234752
72.693412704579302 109.4873409177968 10.25144209036127
73.315232496240981 109.13398318754807 10.253368745996241
73.916767242466534 108.7387403885533 10.24216617241852
74.518187751422232 108.38830685837436 10.074788925099055
75.119120994309498 108.06899755005769 9.849688945626724
75.758205052874942 107.81857168069152 9.6512688657858892
76.378845825280195 107.53946045097226 9.4312688751608462
76.942494712038268 107.18712327487981 9.1628513310694686
77.554287069132172 106.87153429698363 8.969842665610841
78.165349812914343 106.56547622331732 8.7620222925534161
78.740266252825023 106.20147471581559 8.5387039596806744
79.359280708318622 105.90316591027339 8.344643970123343
79.973703198811279 105.56307954001262 8.2026527857680929
80.537398241051292 105.16673748462601 8.0114691252881958
81.091821442314782 104.77057278767683 7.7966829411317944
81.661358991119016 104.38341267172062 7.6079101851829503
82.245684421852118 103.98307251328167 7.4916253326142606
82.8207849814941 103.55449318058839 7.4890632642229145
83.341272613045035 103.06475226615063 7.5159364451816426
83.83435192773409 102.55413508901526 7.6036236760753217
84.364119773004077 102.08778454584582 7.7153421654454268
84.86570045857043 101.59085784501886 7.8307957414160638
85.348544495050831 101.09081253312793 7.9917321772497321
85.850476301270362 100.63117400786545 8.2221615811480948
86.30809520127697 100.17480655505909 8.5278534087088236
86.737212777323208 99.769286386142781 8.9350894656597184
87.194431351658025 99.410972119039954 9.3524087489426435
87.63853695761685 99.127363054327773 9.8350424964636343
88.077480362321793 98.883070331972348 10.356980515605914
88.292094676113663 98.458212730832457 10.905248948397199
88.488903467246672 98.189743995274668 11.545902785766584
88.542887043788099 97.808619875452138 12.147906513380972
88.601737732961027 97.497378747473277 12.7924035229219
88.57877633148783 97.175836570978603 13.42824801700006
88.598105909422372 96.94873414723547 14.112554654010832
88.480246543363862 96.693377255597056 14.768000244004329
88.346944648563152 96.438969502479935 15.423659754054725
88.346483162358652 96.192783124601021 16.099490433508098
88.215959941397131 95.976199766904386 16.76809611254448
88.157081831544176 95.771897617043422 17.452486069202237
88.054655735029129 95.632191098643233 18.146459215131134
87.896018401745195 95.609131646091484 18.847456010922414
87.732062837049199 95.610690259485153 19.542635734101232
87.582011961930661 95.418048419215197 20.222474055463376
87.531184171007524 95.26731487544329 20.919839308817188
87.475890005794966 94.993030878881981 21.580935731924583
87.494814579383331 94.643816738524364 22.21002212169811
87.57588212570883 94.139563191617896 22.730687266802651
87.708151575301898 93.549010035462743 23.105559028129864
87.954038054544512 92.913027113192783 23.376440443845748
88.18684225835085 92.240220917957629 23.416759708414162
88.404291533881775 91.559041389788618 23.449299780520608
88.742107159767414 90.929922040848453 23.680219904168649
88.711667322229403 90.20598755554262 23.420277197183232
88.917053974918417 89.521066920867298 23.391675596805651
88.983992830375342 88.811393986796801 23.322746343510691
89.102665337168474 88.112444488599905 23.229377188627307
89.180134499676484 87.413220195922804 23.102585703342974
89.251751476274876 86.732205656482421 22.894836080461907
89.396560949532201 86.062135327958202 22.68308735387609
89.652545588086255 85.422555737708294 22.485764816919179
89.951416116583786 84.824054369437988 22.231453158054389
90.251540499195769 84.226312091489149 21.984329114547023
90.630416215528314 83.625819976063255 21.849629468965301
90.886480541421307 82.94834190433393 21.829800139135433
91.325617040538887 82.381232381062929 21.897674758316253
91.873417776965567 81.908052313848543 21.922641846874317
92.464243725852086 81.538041570313155 22.091667259855665
93.088810175815823 81.257706114181261 22.330839940234831
93.614296704733306 81.051588650260555 22.790013846076601
94.074389379143042 80.947409365586864 23.332063885076042
94.419709308926073 80.938531512774233 23.960896866302413
94.6366159750024 80.908744119437557 24.650033526698369
94.767180017616809 81.015785429261584 25.3445872143994
94.75212278040361 81.054245925584723 26.073410772479097
94.691448587078796 81.324465983762451 26.732928588560274
94.655503342941529 81.493318118050937 27.430427732098902
94.571547044801292 81.564388633771088 28.137020079987757
94.433520190600248 81.693881718781469 28.83157995644558
94.179983666646265 81.989519173523107 29.443613794661065
93.928150564827348 82.35847905017323 29.998830994864708
93.728332046132152 82.7766965078455 30.544844590521347
93.495169350239678 83.083805632047145 31.153559754479065
93.168614661434418 83.308238876801198 31.748997715441202
92.789912448905469 83.49167691794807 32.329375161889558
92.395774902504485 83.678528748671837 32.89225519381575
91.917764171120453 83.864217167926583 33.397316022396573
91.4260226370412 83.903959998337569 33.924464204208661
90.818158365330802 84.038092096794315 34.285913291727908
90.260562175071996 84.259788664897641 34.679461821325823
89.761740251243609 84.438080157474843 35.161584573847939
89.18636549467395 84.588509006363793 35.559298483718877
88.669007463531472 84.77721633963823 36.017251581583331
88.102792154034844 84.922527034267233 36.430014145428068
87.455205806083697 84.984265286368654 36.742767218013306
86.806060254280752 85.010463796229416 37.030825123743519
86.153107770451669 85.05883851141698 37.3213449603588
85.506659562075754 85.104275831399548 37.619726772768686
84.872415899472799 85.136079114857239 37.933217205906885
