#spline3d 5 120 5 120
51.294184874442585 94.311826606215021 3.7060544445259569
51.332538325540114 93.711416489225641 4.225898517957372
51.433665191096161 93.145234888889291 4.7651309969269153
51.607715918971323 92.632093901983325 5.3278588671130054
51.879555576684609 92.20342830401448 5.9215522390212083
52.158783396148507 91.7901757826546 6.5208947837481421
52.455994142889423 91.323405271445566 7.0726082150144771
52.808085050464896 90.894227402006578 7.6140917302175577
53.104290050284988 90.4309027491352 8.1814366742941189
53.527858529906453 89.926519800114875 8.6020096309002483
54.078949610790673 89.412428699075178 8.8416708242749031
54.619317755987005 88.928444177333063 9.1302386126007633
55.27421785050587 88.519613640468364 9.2642550593463717
55.9207944885164 88.075661725175067 9.2655325308285317
56.604283526156678 87.705545789602425 9.3141742913970518
57.304313564934638 87.359242794521165 9.2847332462046044
58.031197959806569 87.078098631345355 9.2715610710114422
58.776091583983295 86.847419595667276 9.2868127319766991
59.513757954346637 86.588951988403224 9.2743411082285867
60.178502636981911 86.180375515336863 9.1856942000279318
60.868824623078922 85.836310736769533 9.0860295553519315
61.555221714296806 85.49363750831121 8.936879784264514
62.2638942774893 85.182812903792907 8.8501336454206463
62.996075708101266 84.920926883536069 8.7803230706028703
63.695240069341537 84.627998316080124 8.5866797490959765
64.386293693057667 84.303761996878706 8.4365643083893129
65.083991616185102 83.989888553455955 8.2717350096525255
65.784557030239299 83.648348898923089 8.2396256723844701
66.464190175006991 83.260311704893809 8.227750188076044
67.091803028113389 82.79904506007361 8.2090135995398246
67.685419633657091 82.291817578060233 8.245033611147818
68.334171333524424 81.862355083977221 8.3229526742697342
68.925106369529729 81.385096226682222 8.5024296990493919
69.453228536503104 80.821967358059183 8.6530031778659389
70.012936492254028 80.346592521642535 8.9037953900446407
70.574769866441585 79.921457064123913 9.2484453968359137
71.083956470334144 79.424721392142303 9.5668813727838824
71.59576466038456 78.992923599520807 9.9684615858314842
72.041404931539176 78.506541436599548 10.386402740348124
72.486058931384051 78.066196851957187 10.853546327176318
72.821428687173196 77.601254895656666 11.383082005699181
73.171775351283301 77.152223808468733 11.919540298123628
73.525239353799194 76.819416593279186 12.529624096836381
73.831357244462055 76.504407658780679 13.176965569719933
74.068040321690262 76.232037777478709 13.867647934422134
74.331729665819154 76.022037342407387 14.573377889480664
74.547490551484046 75.872189890621357 15.306567054415309
74.753181085608063 75.772352126194619 16.054092464469832
74.916384045987243 75.728021661038596 16.814068065169202
75.10078107825133 75.707176025437306 17.571253464702902
75.306329018679548 75.763103780799284 18.324721131544806
75.475689275959098 75.947051519111923 19.065720260109337
75.568568671358321 76.125862315657514 19.8193615649888
75.554535169558093 76.274867245550013 20.587745685707723
75.556794579616977 76.580025260660108 21.307431869613833
75.566600449495184 76.865638906339342 22.034718262144608
75.654882496660989 77.155043045984598 22.751298618127837
75.78088804191448 77.392846387540118 23.485158559801345
75.815031396718496 77.681448700619143 24.215526641333707
75.984667551584735 78.16283470542902 24.817580542131321
76.013471315065772 78.501218907861343 25.528228552841959
76.175814289541663 78.713268991829594 26.269551948580311
76.466688567034524 78.761333427752135 26.999300287449813
76.782808224934044 78.725152157159286 27.711725314000045
77.100521778133796 78.508639262592638 28.411872771644042
77.490100455729419 78.081213311557931 28.940271872610271
77.853450776306261 77.566671651046249 29.418980109101494
78.248295230393481 76.957867125297525 29.72498782047953
78.606324370514258 76.250912219778257 29.761633926983976
78.886727512293263 75.515544810748125 29.764317422028665
79.114050575769497 74.789061266471009 29.574880577262675
79.336553437637846 74.172765860445821 29.126624561013831
79.573085141403823 73.574791836694132 28.68336127840902
79.571121773670995 72.996509768599097 28.144109178511385
79.565346834946851 72.534302111381521 27.51544281202429
79.572664251127264 72.085049184214384 26.873193158341401
79.491174591606239 71.754485553469564 26.171856960433598
79.348783783468846 71.521623528343184 25.433696550109872
79.14311698452525 71.372974198061797 24.696499810670399
78.857420175770983 71.331004945097277 23.970622239291931
78.553143006560163 71.289105847565509 23.241525875774119
77.964211043856594 71.171959804125223 22.71074076211902
77.228423196851082 71.083945214747615 22.407365644719171
76.512369270216908 70.833884403284358 22.233045253283141
75.912784499584717 70.332612873427678 22.064543665183187
75.224096348569617 69.961495875903026 22.083661911280828
74.573092080695147 69.541092448081457 22.135191677938401
73.981769232256795 69.00270257345349 22.208023612846226
73.516662629339265 68.511826225665502 22.623648098491199
73.150020981655814 68.048827659911311 23.134404331012853
72.789495823350634 67.515622575290706 23.5829398140013
72.602340945597106 67.085398012286717 24.223606610261545
72.611334296150559 66.625562229161787 24.863433290906794
72.785085713864703 66.125278045608965 25.438562810410168
72.966638414933698 65.715789033640931 26.077569007532961
73.227531907257173 65.432562675467167 26.770632474407492
73.619567802222079 65.343760779837424 27.446151509399868
74.158091687439764 65.321078190993617 28.029799387338521
74.696879276569973 65.500741537691084 28.563568228264472
75.152570616385319 65.878265267455873 29.097518320042443
75.555443070588524 66.372285649724887 29.541154210765345
75.952199489711774 66.906143573322396 29.951629486883135
76.2961689422944 67.448654130461122 30.391755316299346
76.620321579622399 68.035128301986589 30.794888788829979
76.914648444155148 68.690063970621395 31.105153659141386
77.120106744895097 69.391139884413107 31.380122556636969
77.301415288246687 70.09548206500682 31.658840656302871
77.460785960520184 70.796409021319107 31.968653299662268
77.449006147253343 71.521555134507537 32.266831362757138
77.394422841663626 72.209739445696442 32.630074961437543
77.291417866227647 72.857623683054953 33.055396394608536
77.07642810523032 73.541442418279289 33.377238003753028
76.795708812652762 74.264084332624449 33.53135722929116
76.305622790575342 74.824159683653136 33.79697046034385
75.770178920010054 75.311392670126651 34.106107807490787
75.127854414431894 75.631005781608124 34.419614330429951
74.475503777154159 75.821371538311496 34.8175450905389
73.868174263057085 75.944087036096306 35.288712165932061
73.276870880188596 76.019107839067402 35.793041537911677
72.686713340933238 76.083245928823089 36.288817154763365
