#spline3d 5 121 5 121
120.68979446666096 86.232437414079897 0.96891415333196396
120.23541871532812 85.790574680833558 1.0275818310088973
119.7690157110042 85.377814415220215 1.1370916658312844
119.29964695383596 84.972320652000036 1.2611450882001431
118.8389705325134 84.548107782477658 1.3651460197049461
118.37917969943476 84.110890742104303 1.406980228211522
117.86351628626186 83.743968188011465 1.351064818789022
117.33820542676774 83.392356432312553 1.3123477840286377
116.84261699663776 83.001330852997768 1.2607782171216968
116.34106577330456 82.622760201821279 1.1804408196589824
115.84939043932501 82.236275640928326 1.0767942355698656
115.34293428140026 81.861465485664866 1.0191211241983547
114.83342024514602 81.485777877509463 0.9881694471747734
114.34334837976404 81.086565124001339 0.94599636058487724
113.83515297698509 80.708761440143078 0.94212755591752961
113.31149476677002 80.352211131555009 0.93613540746526103
112.78122629115886 80.008646325693022 0.8874322542222095
112.23524497673149 79.692710891494031 0.83265065566245267
111.70153626997761 79.355934866345592 0.78247337172959419
111.1773329648139 78.994656641828968 0.78421440880174587
110.61385155842291 78.711387130215599 0.830217495906731
110.02656930104098 78.472250475556848 0.87385515238755729
109.47347245285367 78.173518156336698 0.95419195462555073
108.93349882477253 77.891858394830152 1.1438271464041216
108.41888509719681 77.62838833369959 1.3995098242596751
107.93884865816487 77.319574661908575 1.6844634811563204
107.46833379963012 77.067205220194609 2.0205255565429421
107.01207319816073 76.897442774915035 2.4318518035331387
106.58008208430498 76.66446706406353 2.8342273030378915
106.20348960266607 76.456499156130036 3.298386494920817
105.83818778049537 76.26459066629819 3.7799704185177063
105.46295044730643 76.060328850757088 4.2478511817124254
105.14622424635085 75.847335964642738 4.7536486366350488
104.86219937303026 75.623960434874263 5.2743835631961185
104.59682533493827 75.411755207172632 5.8099154646729536
104.32398415238161 75.291595580614015 6.371009385736917
104.0926387628265 75.217207502055643 6.9571455026269371
103.90303216028579 75.161551735754827 7.5587380841510194
103.66191908931404 75.121056464964198 8.1431487488793195
103.45547985889179 75.074936991527466 8.7401919081977493
103.30551854704382 75.030630766619083 9.3555251406948212
103.21648774664617 75.011760906201403 9.9823002968337047
103.1514148968767 74.997640905743353 10.612047519805342
103.10863674501491 74.984245448638433 11.244806849177694
103.00025847917833 74.974318959647491 11.868710124161757
102.83348343431761 74.977657206659529 12.480912291427599
102.66592730007321 75.000943052065139 13.091681985310453
102.55905979980683 75.01224475331432 13.715570125826277
102.46404885240885 74.999595040685278 14.342112311805408
102.33755746423977 74.989537790459295 14.96254791412723
102.21414754908031 75.028638191287754 15.582677628693327
102.0760439808823 75.059398162659647 16.19998221577897
101.93175662163682 75.077058575126941 16.816499839431433
101.82068417712806 75.056587127642871 17.439630305441192
101.75956588657233 75.032187213757354 18.072889234968081
101.74689337511792 74.956817419979274 18.698814273815906
101.75769969195956 74.808153721960423 19.318980926774248
101.70627679758438 74.655641620763305 19.937067151305893
101.53445921673148 74.374975587604567 20.477037697500364
101.36869780347338 74.051515717347129 21.009792577895134
101.12545005327837 73.674283669008531 21.453446952251078
100.79710116642083 73.192710283113399 21.738113424415936
100.48221211358249 72.687880275709261 21.9598515580122
100.11543476362542 72.176901876242852 22.039433827357623
99.825524654826296 71.611410491211629 22.10440406122969
99.563453600974256 71.037465206823626 22.084683404753612
99.292283772634306 70.472978727976425 21.965025200637385
99.046587466211761 69.902500825641113 21.855454507777921
98.864491977131692 69.318011638982426 21.663271803117848
98.785898209472975 68.739943132580208 21.40984685042778
98.894910121187024 68.169879136829408 21.139249977268129
98.995338640323638 67.589366603336671 20.907147382551525
99.143980349838571 67.080986514905078 20.550501341222184
99.397357463908946 66.557921094693484 20.287806466605897
99.752519944949725 66.036220852760678 20.16809167341269
100.08106771288378 65.498671597822906 20.11512909365338
100.43229973276951 64.973983599239986 20.082940317988886
100.8489810996237 64.494060347401259 20.037658170248008
101.29387038820182 64.042619630102493 20.051773495731286
101.75598820296058 63.616961932002184 20.143806411081489
102.16547488647149 63.158226454189681 20.306259833374639
102.57584822658455 62.722116700914889 20.514500747525602
102.98690135760521 62.34773113375018 20.821430676576696
103.38978762797223 62.014440070474379 21.19365822907239
103.72195413116614 61.80922661704836 21.69653587896314
103.97048572847733 61.70727407557839 22.280674350849178
104.16587650710622 61.621584395400362 22.875172084427494
104.23750954099958 61.586757724759714 23.510030236128916
104.22924298567227 61.675989908209722 24.143248770510613
104.1946107507144 61.885790848687968 24.745417546145543
104.08000069601398 62.168352989598297 25.304576585015862
103.83657215831258 62.335747729278069 25.870233689956258
103.53009729937951 62.491236766710827 26.403919743797324
103.19626102951938 62.730683106376816 26.887814819318645
102.86577594480377 62.999809981436165 27.358629286489833
102.52153635199525 63.370731078157938 27.74780086335673
102.16472821762804 63.816172071677883 28.037727945336204
101.79105084819957 64.310112363552861 28.184078762067877
101.46281718585156 64.815981403892238 28.371628111277499
101.17984973551518 65.337491111309433 28.601060951810521
100.88462560173897 65.877549395282188 28.753366162944261
100.58548717468456 66.431174822107948 28.829026373495005
100.28120109184958 66.984950851345005 28.90991829002688
100.06567781050992 67.553820436841121 29.085215490741113
99.923581251258568 68.134743954459694 29.309070884827996
99.847438260887458 68.733780383301209 29.495229953293229
99.791571558629713 69.333915881111338 29.690670811528012
99.692524344565825 69.935020122762538 29.867188156213807
99.550873759770397 70.55483086749831 29.958522675227776
99.63353184956577 71.170868004479019 30.079117733100844
99.743821555825278 71.78472764721225 30.217418732037324
99.815667506067982 72.393930382212403 30.362166415591389
99.978781425214834 72.987013570401658 30.520807806935267
100.05530076985893 73.607994214027656 30.626392292378892
100.18408180342779 74.223140683842217 30.712533710190613
100.38242249465222 74.816106453860485 30.817791705409796
100.58167873473164 75.402251432170345 30.957350792782005
100.79528395566787 75.965450116881698 31.15162853287859
101.08108421615779 76.497141549416483 31.347839174956739
101.39917627943407 77.039866570761916 31.461650993309888
101.72351476206723 77.628752679231638 31.413701276996221
