#spline3d 5 120 5 120
61.152740847682523 83.215415286538004 1.3337872633562085
61.728348751872247 83.05668286441967 1.4257794677080562
62.245694776362832 82.799838647027386 1.5314675609721748
62.734404038572599 82.491845535191018 1.6348142893618474
63.225254201853794 82.181000946547456 1.7179880173480078
63.738056080054776 81.90240002044348 1.7786744358586761
64.264511086955281 81.652429729718861 1.847220153281373
64.770589461587903 81.368093900144942 1.9264982978906027
65.246995289330187 81.024396595588144 1.9882305876936577
65.721711095204043 80.681827210141478 1.9531762299090585
66.201248452835443 80.366733804114602 1.8187515355690569
66.678653552636234 80.047833400283665 1.7000386109996193
67.153745478071684 79.713287247319002 1.6195581036315849
67.644146293178011 79.400378092560956 1.5402789207412253
68.152155025158194 79.110726895919043 1.4942916578812435
68.657063154872873 78.811628387430716 1.4912333568088414
69.151838542628681 78.496243170153974 1.4872910350163624
69.645994862776931 78.181176061383255 1.4635272453329342
70.154822038698526 77.891086033582539 1.4413905031927821
70.669543513335171 77.609834094377717 1.4180161337136576
71.175538199354349 77.312800928550374 1.4114362453479499
71.684644027400438 77.025857477689044 1.4642801824945455
72.200773578988688 76.761388618074619 1.5568193189731754
72.720319074286678 76.503550872109685 1.6397195152317112
73.243222947175695 76.237202220998128 1.6846593702888271
73.768393467481516 75.989536864636364 1.7677485703533253
74.291514961692471 75.795717791763124 1.9519294684405357
74.808512949854602 75.639055920811884 2.1920353392574818
75.307801258997955 75.501676569131718 2.4686850508325913
75.77302205109865 75.395983342542678 2.8086786932115166
76.208181986578339 75.303976765090027 3.1928240532965151
76.634038118852345 75.196280933202772 3.5835660672603753
77.031940137409549 75.087373029583333 4.0022271715099231
77.373145830107433 75.029843346031427 4.4757674998227275
77.680126863718741 75.021663592189455 4.9778435009954931
77.973681240015395 74.979159248363686 5.4833432890143641
78.239182990350912 74.910964460438805 6.0030118584757854
78.46474927969895 74.870376369177663 6.5439237877285379
78.637644248277454 74.82778416523108 7.1019381248302977
78.787214451458439 74.769433725058306 7.6671198403303151
78.934545368337197 74.735992670004066 8.2360135733075328
78.991473877927064 74.703804176644553 8.8167213998118008
78.960659186638779 74.677667768557868 9.4048661090278571
78.913437214532649 74.656273191083343 9.9896701319420718
78.87859434196217 74.59285138135651 10.571346696386485
78.876256316502264 74.514454697108746 11.153393001348615
78.935638532298 74.458985428717995 11.735157318560061
79.000122577408035 74.413947564478434 12.317008515527892
78.984115264104034 74.348858205758788 12.898728804946762
78.91871296860846 74.262322732261168 13.480430906421065
78.917370488159406 74.151017406296532 14.055922128282905
79.025936149412402 74.00010177836171 14.612382575500327
79.159217961936633 73.824986964158782 15.158002462790567
79.297357950183951 73.639011395385339 15.69951662511091
79.483767126326683 73.410380998079575 16.207867619337467
79.683035802377859 73.0746974607586 16.645183163311877
79.855915688147491 72.674033227535034 17.043935044592907
80.004827326223008 72.237904106686784 17.416210246855957
80.165001541183798 71.735372396418015 17.674812961096713
80.316590952788758 71.170399536692969 17.780115097872084
80.405231406123704 70.583540187728119 17.783709695112091
80.432529503803678 69.999801100017777 17.716330911837407
80.379199216952728 69.432512025426959 17.574277744341597
80.26326021012656 68.881038496596517 17.402688228761971
80.116125557963102 68.336368653010268 17.238090523730783
79.919891115550783 67.800676870157247 17.104073685013603
79.663638056378133 67.28229132639629 16.994809358051892
79.391093912401416 66.764183080256316 16.941777179439693
79.114243257237334 66.246003687011296 16.971980694475445
78.809214718438056 65.752855886474819 17.066281083132306
78.475037046918843 65.282343951851701 17.170246930753159
78.167247655784379 64.790126118905235 17.248271288650646
77.897115477606761 64.277681314568525 17.351036441868345
77.637728556525246 63.786444012549559 17.546301929138792
77.408527319826234 63.322733208723925 17.829853277884474
77.218378738889541 62.886362896308249 18.176993077412678
77.070030143969802 62.48557262487288 18.580758262340836
76.989164158386629 62.114167337868039 19.029188938071542
76.99300480732299 61.770598731010359 19.509107902266646
77.100380152381476 61.471446866736855 20.014726188827201
77.318113640234941 61.274979229532327 20.522130578773041
77.636614491287133 61.213157490494375 21.017347094207267
77.976087669240883 61.228670391417154 21.505455447437512
78.336188085225871 61.327954001102064 21.955131621155857
78.742976889689842 61.540502344482242 22.323952947399714
79.180882971766778 61.797003559564935 22.622852436893023
79.622815827356135 62.055981604943995 22.909707000437788
80.054612048459404 62.334682332292545 23.193478607587139
80.46659734946715 62.688625497964594 23.415599119387938
80.838641087924103 63.09960304243198 23.610768475806776
81.183220003241701 63.524118533840301 23.832718110186271
81.470717667086845 63.963961912664423 24.099789410413816
81.635859941346126 64.459219845992493 24.36938994913972
81.720741162419273 65.006319852268845 24.574797324384619
81.787619226662557 65.56254531540921 24.755037126092734
81.831349966521145 66.102507965069393 24.974031133571398
81.874225542872836 66.622280377288575 25.244103479659913
81.970331626988838 67.126682916666837 25.537442449679826
82.004432604478652 67.602685496918809 25.871441172232117
81.90366815502189 68.05483716974301 26.237666423559645
81.789475525452488 68.483315424988973 26.624342208897517
81.685572446412067 68.898220341845914 27.024909041422319
81.546095345859698 69.341641623019626 27.383156404689544
81.325766797802402 69.795909746292509 27.683346875658042
81.048482838680826 70.225965897687217 27.97584483942661
80.735466059939881 70.626313729008871 28.269388112964297
80.381199049597285 71.034083829746933 28.493686871081636
80.006969169333914 71.434658819525538 28.708885184247869
79.631599085862632 71.787451713411571 28.997457802125982
79.255488486301658 72.045992193619881 29.365658272350103
78.868828822615086 72.235529343935013 29.768165061758609
78.460360921882454 72.425812799556851 30.143824721294674
78.042414825577467 72.644926173506462 30.490234576526767
77.60166796577353 72.875004997410272 30.805211500442532
77.138546132038741 73.06441974507014 31.11907664937527
76.716418378371486 73.158796301824879 31.511536929077792
76.322413047131334 73.152572031198844 31.954067456171074
75.891386659501833 73.083974200198384 32.351361710014004
75.3769046836331 72.996297299522709 32.633820028686145
74.73052806887415 72.932913483480377 32.729073233957081
