#spline3d 5 121 5 121
73.124392300919297 114.0229314946165 2.917261578298378
72.858190968983365 113.86499195134809 3.4383804521476411
72.609891858293707 113.69040838210081 3.9668866372211737
72.390352704086467 113.49662682712372 4.5023908734832956
72.210650268804287 113.28093309373959 5.044741737187727
72.077003568723953 113.04353618632337 5.5913247222775668
71.999004890357952 112.77878416650552 6.135985173056179
71.970065187304215 112.49343988104756 6.6746193359967272
71.964402207023454 112.20745520460157 7.2130406841046115
71.933809394187676 111.92307875869216 7.7515026705308401
71.89589080978493 111.62727400698088 8.2844307669937436
71.895440224241355 111.29235415842207 8.7942790086352165
71.953516076339881 110.91124770685569 9.271057350393253
72.07616518584878 110.50955956030609 9.7175292465570919
72.24476480424569 110.05740364501533 10.088382192741658
72.431040761916037 109.56817050305523 10.405737523683076
72.61382202828058 109.07746541176857 10.71764198072424
72.788083862667236 108.5781123812567 11.019422173093766
72.974995527618333 108.07987374395117 11.320392009008147
73.199385416612401 107.57238534423544 11.576484437020039
73.484193464745374 107.06821296779898 11.770117480741487
73.830447317389186 106.59595800516801 11.944142801755541
74.176335103665082 106.11758333277548 12.107365774995236
74.497916237510054 105.60842709409312 12.192153271879969
74.821065753763335 105.08754097477245 12.16567947627053
75.179487775028193 104.59993268434557 12.075789777043701
75.562992693006152 104.14680833563762 11.929598129529902
75.952969391086697 103.71988427273314 11.733698743845057
76.332063405307466 103.31823481774656 11.475293870436621
76.72008644537793 102.94484602655076 11.186208357589802
77.145236668287083 102.61625063154786 10.894388332541576
77.623834523991221 102.35251462532185 10.62142058971615
78.144652055253928 102.1245829258017 10.397372478674054
78.682662591454559 101.90099034482967 10.214840084659537
79.224893169123874 101.69303255168857 10.031775273673745
79.778223320244479 101.51036627274831 9.8522661132208587
80.347236355567034 101.35764054091796 9.6809276462164231
80.928640228112613 101.2172011710218 9.569525505130251
81.524155152915299 101.0888515501408 9.5759732375933204
82.128374748360528 100.99614634601687 9.6293377926103503
82.720836590565668 100.89443876815729 9.7511183685163321
83.274903447274653 100.78487691330348 9.9889899747724709
83.762732813423824 100.67377952089092 10.342754496658186
84.209146127177107 100.57418889572808 10.751495722280353
84.610781047544847 100.48975298360676 11.203612766766094
84.93094451370736 100.34990057883478 11.702751691431148
85.188284456915838 100.17422888134624 12.230857401710347
85.400365043611345 100.02837773375792 12.784435488266867
85.567299186664187 99.910138828128765 13.359525659898004
85.678831873484214 99.772808365698339 13.944645424941326
85.762483103232995 99.576254658564707 14.517680871815536
85.812747186693585 99.330063008405958 15.073596554365931
85.808356755465397 99.106038099775432 15.640538539848329
85.806244434624816 98.894589077928742 16.214247025170035
85.812221527671426 98.592636736624527 16.746138914390777
85.741055149112029 98.226847933245992 17.231210655060675
85.579187961545031 97.864172291444618 17.696842520682242
85.399041715060392 97.525372003274384 18.171091555581484
85.232610530927957 97.170514992662532 18.638366200058304
85.093944061537002 96.77371430448936 19.082623981077237
85.024085079935318 96.376420391966761 19.53867278410468
85.009804843187823 95.999968150950522 20.0192690518133
84.993407223806898 95.637226790555403 20.509853471375138
84.985312573936412 95.286130402032157 21.009619784286155
85.023042671797114 94.90717481252463 21.485763340532188
85.118675786262585 94.46897588066318 21.904562728047672
85.278710990460056 94.034638439970863 22.305611003451332
85.528003660213088 93.658761806118264 22.716925458450721
85.82533144356394 93.290488018211363 23.104702660822674
86.13334391222881 92.877924124394198 23.432420995551418
86.453231681113124 92.441328564026691 23.714859536233888
86.792211700435729 91.996273600414199 23.959634515032437
87.158368461227212 91.546074676917812 24.158217621343571
87.52685796457898 91.074855522259426 24.271948442791604
87.874195553741544 90.571578013147985 24.293540302480203
88.187323207725711 90.045001944768146 24.304191997685084
88.426846610582189 89.482202435606212 24.278793686560807
88.581298442075223 88.898760956400523 24.161162350578167
88.637769308608796 88.320235947544788 23.965796773610261
88.59942000803666 87.743718245742983 23.766738183635031
88.527294073956909 87.163423755311427 23.590997317309661
88.437448799920446 86.584355315206665 23.420439351338199
88.292694209298432 86.028335628222891 23.214078048020458
88.152754687005839 85.481525831433487 22.983682032517454
88.099886962304041 84.912212611258127 22.770343946885934
87.994714648296338 84.34968614440406 22.563083823782048
87.806420061510664 83.795428899791162 22.386503041471531
87.64818460153765 83.224992852916728 22.241401716949166
87.529895126191533 82.639864252139901 22.110784395734633
87.412541908518961 82.04365606796415 22.032770047079481
87.26880309242739 81.448433655401601 22.083599519867896
87.117986042380466 80.877376723511929 22.271641938927822
87.016432238950472 80.363557668500775 22.577334369665493
86.967650602382164 79.897042307526377 22.975521739967846
86.996630714887289 79.457915250125623 23.414185262194692
87.180815913333234 79.10007230162374 23.878261856821091
87.534957941238787 78.872739478616765 24.331293710457675
87.953166972011175 78.748930646899495 24.776996479828036
88.339048279238838 78.763390523596257 25.249633035877658
88.648439155748306 78.929370727611854 25.760145643367981
88.903088990090964 79.191617433238889 26.255464667151049
89.125111327824243 79.5741853946774 26.675533565111206
89.287506137489075 80.007754593084016 27.077249352380161
89.370502769275376 80.448289952868734 27.493680677011742
89.414349901292994 80.920477609372071 27.878798692728108
89.420347397312 81.440531986200767 28.200883000224081
89.343753274820713 81.957697719077174 28.515835437062762
89.237315771838013 82.443135416436519 28.869935157986966
89.159756957168469 82.914323195882048 29.248898061094508
89.081490365366406 83.392265884171266 29.621618818198016
88.965320201519546 83.860643535223673 29.996125656475009
88.765595815686794 84.313003358263785 30.35133845340982
88.515140176978775 84.770690235063995 30.672774571232267
88.226282816437021 85.212399205748056 30.985610380148678
87.840571706484752 85.55854040188548 31.314177335444334
87.407453662527047 85.773574599379543 31.700897856610592
87.038950461656938 85.887025625668443 32.175691067228172
86.724735680524631 85.949599643316517 32.697546561846742
86.376961126389105 86.009768646293608 33.193690074164664
85.924852629212481 86.104419358056902 33.609171136024379
85.295782338204958 86.271831855389792 33.887088515185354
