#spline3d 5 121 5 121
70.568632070955957 104.18830856183064 5.7589189908702396
70.144268527205156 104.21981344832935 6.2390364537361807
69.780236064104457 104.11046361257608 6.6856188557909597
69.467909269250327 103.89205297019882 7.1070095568071503
69.199117932791765 103.59473518262173 7.510976926727583
68.959088773088951 103.26715299523288 7.9109854798171257
68.749406068146541 102.9281698653666 8.3144887492731279
68.575785389030088 102.56173514027468 8.7161042186466382
68.462931869346235 102.16862993096825 9.1176947658617724
68.479485823537431 101.75308333194623 9.5063748365005249
68.602113213158844 101.32419905085976 9.8647777227486024
68.754323324321234 100.89644851375789 10.209411440820244
68.926205608188837 100.48292849759517 10.55780091142322
69.118683834328166 100.0854337578272 10.913095312136532
69.327937952377255 99.687310740596772 11.262395776057776
69.564448601047886 99.283230036993658 11.596942981366059
69.896353727155457 98.919107560724896 11.876626823709826
70.34636043700128 98.622516060837967 12.074460557600762
70.818414154703134 98.333652235567712 12.217685042076109
71.291112383412894 98.033414884621848 12.310875877359152
71.776260004084605 97.7407928126363 12.363531641082629
72.285567852699543 97.48514520106113 12.368517506028144
72.815634635353078 97.277666219225921 12.338690858597865
73.353240416950584 97.105929113019343 12.268742078573526
73.880624153407794 96.92869286690744 12.147794666109819
74.415580821307586 96.777892336307119 12.03333492017952
74.972068349329135 96.679239834898738 11.961609165069582
75.517275436963146 96.533165638550244 11.896676296216883
76.047388393746431 96.346667822903143 11.807747791231737
76.579013657245923 96.174815956215753 11.700139366942754
77.118036684158156 96.006530201420034 11.633855814304031
77.665405223021196 95.853260249149628 11.610066865142182
78.219613354093397 95.734137743458675 11.571051603894517
78.76190103077225 95.589584376340639 11.482968483456167
79.291315076563222 95.402211549836039 11.390395002124995
79.82334801170272 95.213650052387251 11.320094164296112
80.363388730977064 95.039095645318639 11.268389384082836
80.916269570133352 94.909955261874813 11.261044839310568
81.47791887495822 94.816103856744164 11.300110797908191
82.02041647531351 94.658164657852296 11.359336504450487
82.541400589486557 94.449035630889028 11.454305155003153
83.056514126956642 94.244538284365774 11.584614288861852
83.56988053626813 94.052247669357712 11.737204540676673
84.065256124017139 93.86245407689816 11.941542430596279
84.540443090809049 93.699236521878532 12.214674495086854
84.980597937498487 93.527561175297123 12.533188422841876
85.350877235935286 93.256951182911649 12.869689547220212
85.681838477681808 92.952442766514693 13.223928982837689
85.977789482088085 92.673483072684704 13.620536249550169
86.232829756839934 92.423359094390648 14.064089708371897
86.449860507639997 92.195945404768594 14.539772980772561
86.607866499675339 91.97616911941644 15.040909839259118
86.700517587136474 91.779655016607151 15.566663344519124
86.747739302731929 91.608439691240449 16.108434565067046
86.761181263202147 91.446097033103698 16.652536838268073
86.751641761061407 91.320689133428473 17.206624871227927
86.738979618628122 91.196386678202373 17.763352530440599
86.753741886174751 91.006361340973868 18.29891053967695
86.79159163457463 90.754009047979153 18.808889963986545
86.798943645311766 90.539564883726911 19.334722738839353
86.802802865023523 90.392328882244939 19.884841486158329
86.876788815033805 90.279911918529521 20.437420559471931
86.982159932716513 90.185987187245161 20.989957867456379
87.041469754840335 90.129961476349294 21.553410350562434
87.093984872869513 90.132651480525269 22.119089578361105
87.232220101798447 90.159704507859885 22.67017102703041
87.407404550418576 90.151588763337088 23.213682284404886
87.619547081883326 90.128204536842119 23.740258925041296
87.887595394313422 90.098847186410552 24.241813381612097
88.146699734136291 90.018878986581541 24.741044145874522
88.387485525593945 89.885393238718791 25.240605807270896
88.69540033068985 89.750724575105608 25.700529143134194
89.064645471829451 89.58896779042594 26.104464475280768
89.423515405619014 89.326851052535474 26.458537031883829
89.779921956020146 89.00661461625279 26.776450341337554
90.107107007042345 88.626726606521544 27.054887699681316
90.336491756774365 88.152905060211978 27.265982532254274
90.503472615208906 87.633651016868086 27.442461059405272
90.662873559696706 87.129259129737463 27.653845487967196
90.760431913993955 86.614890071534106 27.870095195515365
90.786106224073706 86.071791087208908 28.04384839829919
90.784190382055414 85.513039599001218 28.162252572321396
90.752084585710392 84.953153701377161 28.249828493612185
90.689257600492923 84.392322517810115 28.318352947787265
90.620861991890692 83.829058606459981 28.369620775704664
90.514925305761182 83.27129180571059 28.393023951636451
90.364175660619836 82.722563607060096 28.383290228662744
90.206359341083797 82.177231419926258 28.348377741839002
90.041099499963579 81.635490632297874 28.293823103142607
89.842047283307252 81.104823927348974 28.246646856592381
89.608340091122741 80.586130513053888 28.245930488538427
89.403197112578894 80.058317811562745 28.292604014388889
89.235461775420916 79.517977075065247 28.364121401358251
89.056733470765337 78.986564901233606 28.473228141801989
88.853296111014359 78.492980558860921 28.66342723754995
88.671743292036297 78.053907756905261 28.996790712793342
88.530851989226321 77.705014030947297 29.454086928349437
88.482783301868736 77.592124211642073 30.010663943433592
88.537146930919803 77.661508338969711 30.588756585834869
88.596352557751317 77.768139199834764 31.148472370331337
88.592003086768983 77.903807608434619 31.697784924889604
88.506937427974989 78.106502535207213 32.224711480578634
88.373177027002271 78.36893603484738 32.715283668956339
88.23172793978766 78.670419617657132 33.176452397640958
88.061350542855962 78.972031374429292 33.62647520171592
87.839405200839167 79.273135067235728 34.055343187536415
87.649765064361873 79.615244152690607 34.469441467139447
87.480158130875168 79.96559004965502 34.883226893450434
87.203835587713911 80.259694157660846 35.280621228923088
86.869274874967644 80.517092447913441 35.67226809453291
86.524194964890555 80.718317331471042 36.076203272228291
86.132881787112467 80.818352969312315 36.476548582808917
85.69999891127155 80.842563216963896 36.851859705912752
85.26061387245889 80.814855724096759 37.213720503193215
84.79180884627101 80.749543586915621 37.525656618187362
84.298307330238529 80.68821087531397 37.8051751926089
83.827594200642167 80.674776092415271 38.12598741290234
83.408040818531916 80.69648849786546 38.510991353156889
83.033022254043658 80.727633448784417 38.941168815031759
82.675326774623699 80.744075906139315 39.378116270429373
82.309983501997408 80.721412326480163 39.785526744359231
