#spline3d 5 121 5 121
76.380991102855702 109.59102241503471 2.762920327337635
76.246884385589865 109.63532907990663 3.4274182638810098
76.011844235469397 109.62370024206689 4.0408603168221369
75.70900883763332 109.58752117851827 4.6195764152783649
75.374850793678419 109.5607941018679 5.1817491189236895
75.025024949936892 109.56059956266233 5.7342505865143041
74.664840550694635 109.54803290063964 6.2797446360990845
74.336523373603256 109.51424241083919 6.8454292668037962
73.990288537358893 109.48954877109874 7.3992249365855862
73.58722321645115 109.49241181069824 7.9152367488045199
73.189075750804122 109.4932261231389 8.4350541702012158
72.845438426943602 109.50455668488493 8.9909677135469011
72.537681146891032 109.52159366807777 9.569353720294405
72.263394223469945 109.51285268808613 10.164106084172928
72.039942799331612 109.45127885606399 10.775759082345781
71.851080468987547 109.34427120229449 11.395720819261713
71.669185757703815 109.17279195842711 12.000955229825292
71.530117326413006 108.90835783863236 12.586227739296177
71.455840929859363 108.59942311742439 13.159448955297213
71.40217464227716 108.2154233824083 13.689372762368743
71.400395976038695 107.79152033183617 14.191630011563799
71.564482047596556 107.37575507987557 14.673061960723082
71.789696986025874 106.93067799085853 15.100009009817732
71.987340441021985 106.47512269080269 15.521892872106676
72.222918517265654 106.03055761403949 15.94940221241677
72.583104577989189 105.63028553228197 16.32253342313798
73.088578915488853 105.28660888615237 16.589628534463923
73.591056923715172 104.90038488849638 16.751078741854869
74.04617983136437 104.42980160972323 16.789411959017645
74.528235657790361 103.98793965584727 16.836438644805831
75.047563984250871 103.59464769591591 16.911989623861142
75.609123472172413 103.26073114907649 16.965198041132201
76.195906870264224 102.97139812353836 16.930913459451745
76.784634832385009 102.69131193667253 16.863442679658714
77.352563521327838 102.3824536119787 16.768704436859533
77.919730191525318 102.08097799211936 16.645473374157245
78.516541184443184 101.84027814545117 16.523739708957542
79.106881915527779 101.59176672163994 16.388511133139797
79.653228535265697 101.28308005937943 16.204136774242368
80.19181110914279 100.97541457732497 15.990724543452725
80.714715880990084 100.65471458724986 15.7668452744515
81.207207695656649 100.30541798189591 15.518516051828502
81.732496269554602 99.995202618547154 15.284825074346088
82.231232023608896 99.670914052180052 15.013683507845903
82.699096155704751 99.310859713258438 14.72928181052634
83.180629040139934 98.947618430661123 14.478102010748946
83.675266385406232 98.587787617699036 14.24343510565836
84.134440965716379 98.185136379030567 14.00836156561234
84.549124256615855 97.717344555888857 13.810753660268727
84.959447198125048 97.220708281861789 13.683480408023634
85.400147282775535 96.740054811979761 13.63256505897113
85.857173710710256 96.272020321633889 13.632656003645426
86.291054448819224 95.781428683502128 13.628975093784222
86.711813403576713 95.277767203484885 13.647625442690931
87.15376574122287 94.816956271572423 13.793959945989846
87.574125941355305 94.37139957320133 14.038128762632343
87.919381592705051 93.909463509465368 14.347312620772565
88.234632924480394 93.471203363258283 14.716652223536395
88.568454014488452 93.039192479265267 15.079761733423457
88.874317397408277 92.557360095198845 15.399459224504824
89.114673211982208 92.02509687345453 15.700790871754537
89.406853099804067 91.579174212543407 16.075245182925283
89.711478240365651 91.166964256302677 16.490567801526293
89.957259475500578 90.771435397550974 16.950193509613865
90.14455226484921 90.450093694383611 17.489344475856651
90.306549537452028 90.162283415255246 18.056213923973981
90.459863139895859 89.864868886822435 18.616023679411576
90.625347485663838 89.566099709271015 19.175934587487788
90.735697528856278 89.275328858267343 19.752292973869629
90.762939318218585 88.930615835635564 20.307426990491209
90.814217308247791 88.579258333603633 20.856306725120017
90.863921775488492 88.255243462171038 21.42267840630084
90.836651891559541 87.901774011946742 21.974176144236559
90.753693283588376 87.546906293130121 22.517802202292884
90.653203577910517 87.235438369236078 23.083448903535139
90.547247221881989 86.891887291811486 23.631457044419914
90.41894378458349 86.482101348843244 24.127715308895002
90.220893174087664 86.026874028537392 24.557789544298206
90.000702553433911 85.542345967430506 24.939972512952906
89.820075479411415 85.001954384441859 25.263590648424284
89.673850062618286 84.424266653350728 25.53807977988842
89.5127987543638 83.82309894024975 25.743480996920798
89.352391820331263 83.201196453223417 25.875731369236306
89.270185658983095 82.559440433174501 25.968987751599837
89.217373714736638 81.918476468386245 26.101702573625957
89.220119918639057 81.282933967292266 26.26758322277977
89.355380338111857 80.671651762013056 26.463345087183551
89.547495151392809 80.100088373544693 26.723683915273035
89.725878532717886 79.5418934694233 27.011368584040444
89.902605149272063 78.987345120060837 27.317280507252271
90.171444095053999 78.474037564079651 27.62095662012727
90.540434698978359 78.025074146775552 27.925345995153155
90.934827975961198 77.613756976523817 28.252296348143503
91.33597303019161 77.234967826077352 28.608544318575142
91.721521358654201 76.984567199807344 29.078219037583029
92.058324440534122 76.862164022065713 29.637833291820947
92.358153553694407 76.903987781806137 30.227904094067181
92.657601874194697 77.120742689122125 30.772455114194276
92.937618225762364 77.440099087714557 31.274954014995068
93.177574082523591 77.802333960096959 31.767698028801462
93.349806547993509 78.259534861642848 32.206545116676118
93.417494385758303 78.795477387389198 32.587071312863564
93.395092419254937 79.353014128864118 32.932301528108951
93.315071750991692 79.925255374716144 33.238113572907174
93.222590547399562 80.522359773464515 33.491919960113677
93.080505472180519 81.127951679612821 33.706495491854412
92.808348250999018 81.675224317703737 33.946846577397885
92.442632854580253 82.172488696886603 34.176782793168464
92.01770480629547 82.64200994803052 34.341288537626994
91.559577810712256 83.089660477104232 34.474801438454584
91.080723517104218 83.535101600964353 34.543414347985497
90.568345365367634 83.930676673783097 34.637673542858138
90.005070113009253 84.191965816924579 34.860341524437182
89.429089028160632 84.38503340206816 35.125375849767764
88.896917342017531 84.525246997008011 35.470301161040219
88.390239872352169 84.602887225915026 35.881562182763609
87.879950092087242 84.69339263652634 36.283305217151863
87.398984532252797 84.722296951360846 36.724524895738767
86.980487829109677 84.685242247104256 37.230800472569342
86.644947094716741 84.617373748585266 37.803432844996991
86.414418070915076 84.547840517045188 38.447098849692111
