s,curvature,torsion
0,0.180489249759055,0.142629931645484
0.0642095620437924,0.178530574600268,0.146437793015621
0.12837395951551,0.176548537935062,0.150332270569504
0.192499448053515,0.174546640738961,0.154315066465399
0.256591985972564,0.17252834002113,0.158387787237557
0.320657238404098,0.170497043416374,0.16255191651359
0.384700581715581,0.168456104574872,0.166808784681089
0.448727108190228,0.166408819322904,0.171159535303046
0.512741630949396,0.164358422561938,0.175605088109175
0.576748689098952,0.162308085867728,0.180146098399376
0.640752553082301,0.16026091574433,0.184782912694912
0.704757230222001,0.158219978351853,0.1895037942232
0.768766470411313,0.156188372919517,0.194295296648983
0.832783771914517,0.154169147172031,0.199154524631282
0.89681238731125,0.152165269680561,0.204077982875703
0.960855329593319,0.150179629300378,0.209061520781342
1.02491537839787,0.148215034927525,0.214100276247299
1.08899508636081,0.146274215509426,0.219188619418534
1.15309678557452,0.144359820243378,0.224320097200691
1.21722259413484,0.142474418896969,0.229487379612444
1.28137442276335,0.140620502185853,0.234682209170767
1.34555398148961,0.138800537482493,0.239862277659627
1.40976278634296,0.137017123208393,0.244980684191391
1.47400216599866,0.135272800763204,0.25002072447195
1.53827326845769,0.133569993314178,0.254964613110759
1.6025770677898,0.131911002609169,0.259793539506016
1.66691437092422,0.130298005641186,0.26448774617494
1.73128582447262,0.128733051153425,0.269026631051775
1.79569192156855,0.127218055993223,0.273388874844755
1.86013300870884,0.125754801330704,0.277552593956265
1.92460929258293,0.124344928773897,0.281495518806179
1.98912084687558,0.122989990378641,0.285152305331838
2.05366761899734,0.12169159003449,0.288453624168275
2.11824943669451,0.120451187613843,0.291371558163792
2.18286601460408,0.119270034841845,0.293879157510207
2.24751696077663,0.118149169755314,0.295950821887679
2.31220178315128,0.11708941195923,0.297562682986184
2.37691989596539,0.116091358829298,0.298692977035312
2.44167062608347,0.115155382805395,0.299322396428611
2.50645321922952,0.114281629910295,0.299434409398256
2.57126684610835,0.113470019611461,0.299015537173398
2.63611060840157,0.112720276301234,0.298035043136397
2.70098354462554,0.112032014806361,0.296463870129788
2.76588463584695,0.111404640323961,0.294296396946526
2.83081281125741,0.110837321991567,0.29153091863739
2.89576695359613,0.110329000417486,0.2881696261946
2.96074590440794,0.109878397018556,0.284218503501067
3.02574846912318,0.109484025077116,0.279687144711162
3.09077342194831,0.109144202400728,0.274588498158807
3.15581951055566,0.108857065429495,0.268938545433869
3.22088546056244,0.108620584619254,0.262755926369674
3.2859699797912,0.108432589474164,0.256110769855918
3.35107176235191,0.108290825857836,0.249074755699172
3.41618949261739,0.108192971636026,0.241671137841349
3.48132184901568,0.108136646511577,0.233923598495991
3.54646750759082,0.108119426600462,0.225855896258997
3.6116251453294,0.108138858790167,0.217491537129001
3.67679344325318,0.10819247477382,0.208853473929939
3.74197108927811,0.108277804675711,0.199963838243656
3.80715678084159,0.108392390200089,0.190843707541227
3.87234922729869,0.108533797253443,0.18151290895173
3.9375471520954,0.108699627057011,0.172011271819779
4.0027492948211,0.108887527177338,0.162376889434302
4.06795441330477,0.10909520867696,0.152624661202895
4.13316128559951,0.109320456227456,0.14276775491361
4.19836871176049,0.109561136003636,0.132817608575982
4.26357551541974,0.109815203055733,0.122783955934707
4.32878054516418,0.110080708213543,0.112674872528094
4.3939826757258,0.11035580458248,0.102496839269583
4.45918080899165,0.110638753689988,0.0922548208181528
4.52437387484295,0.110927931345506,0.0819523562845486
4.58956083183978,0.111221834671695,0.0717162962572952
4.65474066792729,0.111519098993604,0.0616707176877489
4.71991240144048,0.111818506260279,0.0518132644804889
4.78507508215686,0.11211897944278,0.0421407642949344
4.85022779224516,0.112419576039644,0.0326494014108157
4.91536964711747,0.112719481736536,0.0233348716801477
4.98049979619757,0.113018004244824,0.0141925207066027
5.04561742361858,0.113314567335835,0.00521746648238869
5.1107217488617,0.113608705079336,-0.00359529225505909
5.17581202734788,0.113900056290744,-0.01225078068471
5.24088755099837,0.114188312386483,-0.0206677141353112
5.30594764890807,0.11447306652951,-0.0287656623983429
5.37099168833738,0.114753936886433,-0.0365508007166875
5.43601907579882,0.115030601449667,-0.044029135897863
5.50102925810451,0.115302787622322,-0.0512064719559633
5.56602172337676,0.115570262353018,-0.0580883886341479
5.63099600202472,0.115832822802584,-0.0646802307940932
5.69595166769214,0.116090287526592,-0.0709871068810059
5.76088833817728,0.116342488157721,-0.0770138948552837
5.82580567632786,0.116589261573957,-0.0827652541723754
5.89070339091464,0.116830392592054,-0.0881957911433084
5.95558123757763,0.117065449491354,-0.0932608502223325
6.02043901997985,0.117293912989274,-0.0979659971193115
6.08527659098813,0.117515216579668,-0.102316750998468
6.15009385377549,0.117728739538588,-0.106318603562276
6.21489076283462,0.117933800708782,-0.109977036442394
6.27966732489493,0.118129653049065,-0.113297535903603
6.34442359973519,0.118315478936039,-0.116285604045201
6.40915970088365,0.118490386202934,-0.118946765874999
6.47387579619555,0.118653404902151,-0.121286571706414
6.53857210829662,0.118803520607208,-0.123324893879297
6.6032489148247,0.118939783473582,-0.125081002116475
6.6679065483771,0.119061205429881,-0.126559548818992
6.73254539626508,0.119166724422584,-0.127765164231321
6.79716590012877,0.119255204164979,-0.128702444511108
6.86176855540557,0.119325434398265,-0.129375934863327
6.92635391064247,0.119376131645525,-0.129790107779625
6.99092256664297,0.119405940440193,-0.129949336406287
7.05547517543988,0.119413435007845,-0.129857863080899
7.12001243908441,0.119397121378988,-0.129519763058445
7.18453510824283,0.119355509142482,-0.128986477960838
7.24904398056824,0.119287330638683,-0.128308318172177
7.31353989882292,0.119191351021863,-0.127487390378352
7.37802374882052,0.119066303535056,-0.126525620260617
7.4424964572174,0.118910891938789,-0.125424728050037
7.50695898915128,0.118723793046395,-0.124186201657341
7.571412345725,0.118503659352333,-0.122811267183965
7.63585756133356,0.118249121738085,-0.121300856544699
7.700295700832,0.117958792241453,-0.119655571910302
7.76472785654506,0.117631266873664,-0.11787564656789
7.82915514511754,0.117265220376959,-0.116001107979748
7.8935787042151,0.116859690712604,-0.114070877911431
7.95799968911772,0.116413815751574,-0.112083047181318
8.02241926924198,0.11592674403263,-0.110035442549839
8.08683862459947,0.115397635807512,-0.107925596880456
8.15125894219635,0.114825664020863,-0.10575071560229
8.21568141237776,0.114210015220238,-0.103507638889225
8.28010722512373,0.113549890393287,-0.101192798924984
8.34453756630043,0.112844505728567,-0.0988021714556824
8.40897361387433,0.112093093299085,-0.0963312207197241
8.47341653409147,0.111295081405369,-0.0938299722874453
8.53786747755214,0.110450641244347,-0.0913475787198373
8.60232757511528,0.109560158946878,-0.0888776880693218
8.66679793384967,0.108624055197071,-0.0864138006676806
8.7312796331385,0.107642782716476,-0.0839492252899783
8.79577372094682,0.106616823762879,-0.0814770313640027
8.86028121025749,0.105546687653369,-0.0789899964810261
8.92480307568143,0.104432908320142,-0.0764805483907462
8.98934025024616,0.103276041909926,-0.0739407005313521
9.05389362236819,0.102076664437856,-0.0713619799503075
9.11846403301002,0.10083547494412,-0.0687712936010491
9.18305227296391,0.0995536126767464,-0.0661960873850917
9.24765908019203,0.0982323433728465,-0.0636281136837019
9.3122851373719,0.0968729511847092,-0.0610588460738995
9.37693106972276,0.0954767353768609,-0.0584794105180154
9.44159744311499,0.0940450072125239,-0.0558805098833947
9.506284762462,0.0925790870391102,-0.0532523405403637
9.57099347039294,0.0910803015811129,-0.0505844995861075
9.6357239462037,0.0895499814498123,-0.0478658809934048
9.70047650508424,0.0879894588785304,-0.0450845586670908
9.7652513976149,0.0864001357447041,-0.0422449886264589
9.83004880945816,0.0847836930998673,-0.03935167484251
9.89486886114083,0.0831418812044626,-0.0363914110060783
9.95971160806343,0.0814764478622197,-0.0333499991804508
10.024577040807,0.0797891367848396,-0.0302120947615161
10.0894650857327,0.0780816862659142,-0.026961031513194
10.1543756058642,0.0763558281697738,-0.0235786233013525
10.2193084020465,0.0746132872422258,-0.0200449385606046
10.2842632143689,0.072855780750294,-0.0163380428971384
10.349239723844,0.0710850184609717,-0.012433704315294
10.4142375543247,0.0693027049560372,-0.00831834688755125
10.4792562744774,0.0675105480249913,-0.00397720077821482
10.5442953995227,0.06571025661103,0.000620032707574681
10.609354393013,0.0639035402602454,0.00550716309914848
10.6744326688078,0.0620921105094502,0.0107220355903327
10.7395295932434,0.0602776827164943,0.0163071388597453
10.8046444874852,0.0584619783704183,0.0223103101845108
10.8697766300513,0.0566467279267509,0.0287855544426626
10.9349252594962,0.0548336742244891,0.0357939963512019
11.0000895772432,0.0530245765550848,0.0434049881845726
11.0652687505516,0.0512211823737272,0.051714227788185
11.1304619155827,0.0494251345046434,0.0608323255365696
11.1956681805037,0.0476380788541655,0.0708688631890047
11.2608866286563,0.0458617062679282,0.0819499531738541
11.3261163218034,0.0440977626531185,0.0942210194369162
11.3913563034447,0.0423480609411794,0.107850042485796
11.4566056021941,0.0406144952618237,0.123031323189097
11.5218632352056,0.0388990577814879,0.13998980793772
11.5871282116417,0.0372038587583493,0.158985989619601
11.6523995361733,0.0355311504800446,0.180321343226684
11.7176762124961,0.0338833076207202,0.204294576325756
11.7829572467239,0.0322627143434481,0.231249219260567
11.8482416504297,0.030671944627455,0.26163325031213
11.913528443536,0.0291138559240549,0.295958840428139
11.9788166571759,0.0275916438335913,0.33480525654852
12.0441053365249,0.0261089067915915,0.378816810579736
12.1093935435967,0.024669721605731,0.428691816206221
12.1746803599964,0.0232787298318486,0.485156286927334
12.2399648896244,0.0219412332499144,0.548913089366489
12.3052462613257,0.0206632935518421,0.620553638729013
12.3705236314724,0.019451717744766,0.700412092243743
12.4357961863563,0.0183138057628579,0.788430886482195
12.5010631441862,0.0172577051321749,0.883885895793524
12.5663237568709,0.0162924623053919,0.9850132030512
12.6315773117011,0.0154278222517511,1.08864146762462
12.6968231329346,0.0146738216306574,1.18991999728869
12.7620605832817,0.0140401248637766,1.28233795504282
12.8272890652887,0.013535100571181,1.35825988102949
12.8925080226191,0.0131647267912847,1.41009429755049
12.9577169412287,0.0129315264673819,1.43191796576241
13.0229153504319,0.0128337625071339,1.42135779619996
13.0881028237765,0.0128651675333625,1.3800817912666
13.1532789795988,0.0130156741396133,1.31293963100028
13.2184434813824,0.0132724458619507,1.22692803424194
13.283596038001,0.0136210727830913,1.12958537382054
13.3487364038502,0.014046718381368,1.02768933721801
13.4138643788696,0.0145350263784774,0.926540329487395
13.4789798084569,0.015072717435856,0.82979328491339
13.5440825832752,0.0156478990951975,0.739641017444261
13.6091726389554,0.0162501581731668,0.657146315970354
13.6742499556933,0.0168705699496283,0.582808346334591
13.7393145576962,0.0175017700623945,0.516558702737314
13.8043665124068,0.0181376540444623,0.457806859421704
13.8694059295894,0.0187731419538383,0.405848514937854
13.9344329603268,0.0194040093905304,0.359955229987493
13.9994477959364,0.0200267401266498,0.319425953711129
14.0644506668063,0.020638401115028,0.283613661894991
14.1294418411565,0.0212365383161192,0.251936565649546
14.1944216237283,0.0218190908126885,0.223880247238194
14.2593903544034,0.0223843204545872,0.198994805477025
14.3243484067573,0.0229308583661081,0.176962040940417
14.3892961865367,0.0234579737490128,0.157497180046255
14.4542341300502,0.0239652288862837,0.140286156419881
14.519162702507,0.0244523421018603,0.125062184838628
14.584082396322,0.0249191600096894,0.11159850848559
14.6489937293923,0.0253656349570386,0.0997022092031049
14.7138972433481,0.0257918066254496,0.0892089719912362
14.7787935017822,0.0261977869749182,0.079978680860014
14.843683088461,0.0265837478898459,0.0718917255385034
14.9085666055207,0.0269499110217781,0.0648459088097636
14.9734446716511,0.0272965359531694,0.0587289767861533
15.0383179202966,0.0276239025767997,0.0534429245540514
15.103186997914,0.0279323154558461,0.0489259075946844
15.1680525622504,0.0282221028163865,0.0451249765639214
15.2329152806195,0.0284936129529312,0.0419948541343555
15.2977758281767,0.0287472113142245,0.0394969027984139
15.3626348861956,0.0289832781761863,0.0375982514403467
15.427493140346,0.0292022068291912,0.0362710539702902
15.4923512789791,0.0294044022213006,0.0354918578711726
15.5572099914163,0.029590280012551,0.0352410642180562
15.6220699662473,0.0297603021598812,0.0355423240741617
15.6869318896241,0.0299150855540281,0.0364204874707834
15.7517964435344,0.030055294362726,0.0378625282526235
15.8166643040835,0.0301816044863521,0.0398579683192537
15.8815361397963,0.030294704477828,0.0423984819003338
15.9464126099457,0.0303952968612917,0.0454775324110762
16.0112943629039,0.0304840998426873,0.0490900327408014
16.0761820345232,0.0305618494080874,0.0532320207251126
16.1410762465428,0.0306293018077158,0.0579003422474752
16.2059776050254,0.0306872364222361,0.0630923349682702
16.2708866988262,0.030736422324624,0.0688282580900024
16.3358040981008,0.0307775125510165,0.0751294059671708
16.4007303528697,0.0308111595877332,0.0819948126326949
16.4656659916171,0.0308380570575252,0.0894232018329239
16.5306115199171,0.0308589449939377,0.0974126247382136
16.5955674190899,0.0308746155319134,0.105960056942833
16.6605341448855,0.0308859189953425,0.115060948527264
16.7255121262014,0.0308937703532708,0.124708721524789
16.7905017638332,0.030899156005543,0.134894210182072
16.8555034292608,0.0309031408447571,0.145605040941999
16.9205174634739,0.0309068361664313,0.156828017418846
16.9855441758414,0.0309112892828361,0.168548717363112
17.0505838430323,0.0309176096897216,0.180746602595061
17.1156367079787,0.0309270161766286,0.193395805671667
17.1807029788779,0.0309408443719963,0.206464292602429
17.2457828282365,0.0309605539796919,0.219912996233018
17.3108763919619,0.0309877355152564,0.233694946089426
17.3759837685024,0.0310241163165376,0.247754429628296
17.4411050180427,0.0310715655745781,0.26202622985327
17.5062401617567,0.031132098103113,0.276434994661913
17.571389181125,0.0312078281269145,0.290821887413685
17.6365520173206,0.0313008166509003,0.305026476623043
17.7017285706655,0.0314132006158259,0.31895720469591
17.7669187001565,0.0315472337537027,0.332515221055953
17.8321222230626,0.0317052786639092,0.345595470529755
17.8973389145992,0.0318897965945462,0.358088195808974
17.9625685076854,0.0321033349013473,0.36988086113511
18.0278106927893,0.0323485122437566,0.38086047749735
18.093065117869,0.0326280016777102,0.390916277972635
18.1583313884142,0.0329445119133431,0.399942657600058
18.2236090676007,0.0333006793032382,0.407661712164669
18.2888976766749,0.0336987535357678,0.413836929565477
18.3541966957417,0.0341407879581746,0.418445451529206
18.4195055647733,0.034628700693055,0.421485277039778
18.4848236847295,0.0351642583343366,0.422975754814828
18.5501504187882,0.0357490630682615,0.422957234753759
18.6154850936908,0.0363845435016097,0.421489900551983
18.6808270012052,0.037071949315591,0.418651864150468
18.746175399711,0.0378123496970125,0.414536651773673
18.8115295159102,0.0386066353416673,0.409250246632387
18.8768885466629,0.0394554753504015,0.402867698151574
18.9422516608525,0.0403591743999568,0.39548247987982
19.0076180011183,0.0413178192763902,0.387236227147813
19.07298668561,0.0423313407774415,0.378268745968985
19.1383568098622,0.0433995299791297,0.368715142725907
19.2037274487959,0.0445220549735898,0.358703487020017
19.2690976588474,0.0456984775364696,0.348353029693657
19.3344664802261,0.0469282692728024,0.337772961279666
19.3998329393021,0.0482108268849469,0.327061668001371
19.465196051126,0.0495454863002577,0.316306423837027
19.5305548220839,0.0509313782177986,0.305481916834817
19.5959082528085,0.0523669483889818,0.294581093051879
19.6612553415075,0.0538504093791283,0.283698682691872
19.7265950874858,0.0553799091852834,0.272914652260865
19.7919264947249,0.0569535456568787,0.262295282585402
19.8572485755079,0.058569378764789,0.25189440362689
19.9225603540793,0.0602254408413853,0.241754704081777
19.9878608703309,0.0619197449525228,0.231909051342387
20.0531491835031,0.0636502915853406,0.222381773953274
20.1184243758909,0.0654150738443052,0.213189873027441
20.1836855565464,0.0672120205156601,0.204311364557775
20.2489318649906,0.0690388108969828,0.1957263248457
20.3141624749581,0.0708930506063226,0.187445812536506
20.3793765980965,0.0727723341255005,0.1794760033968
20.4445734875746,0.0746742471354186,0.171819031630291
20.50975244158,0.0765963681496519,0.16447372943358
20.5749128066899,0.0785362695901948,0.157436269880406
20.6400539810988,0.0804915184354225,0.15070072013403
20.7051754176841,0.0824596765569367,0.144259513049037
20.7702766268938,0.084438300847944,0.138103845632417
20.8353571794386,0.0864249270375715,0.13221183897594
20.9004167088186,0.0884170189036612,0.126562744631509
20.9654549137367,0.090412013320214,0.121148225480395
21.0304715602985,0.0924073365040382,0.115959433325313
21.0954664839348,0.0944004047353146,0.110987187608675
21.1604395910216,0.0963886252305505,0.106222121523696
21.2253908601822,0.0983693972135813,0.101654800247162
21.2903203432515,0.100340113224101,0.0972758154283239
21.3552281658833,0.10229816069758,0.0930758596435535
21.4201145277842,0.104240923844293,0.0890457839330996
21.4849797025602,0.106165879481417,0.0851821537885987
21.5498240372797,0.108070879687751,0.0814801479889268
21.6146479519542,0.109953871956144,0.0779291822023089
21.6794519387765,0.11181280757572,0.0745193012993146
21.7442365609976,0.113645644117727,0.0712411363346421
21.8090024514256,0.115450348249121,0.0680858633339068
21.8737503105395,0.117224898866818,0.06504516393596
21.9384809042073,0.118967290543479,0.0621111879289407
22.0031950610007,0.120675537274144,0.0592765176408141
22.0678936690992,0.122347676510295,0.0565341341268648
22.1325776727849,0.123981929869167,0.0538923632876253
22.1972480687235,0.125577175256068,0.0513578884018133
22.2619059023967,0.127132478582866,0.0489220650575442
22.3265522644518,0.128646939839011,0.0465769319920334
22.3911882867936,0.130119695997144,0.0443151408210202
22.4558151384139,0.131549924026213,0.0421298933997468
22.5204340209618,0.132936843989931,0.0400148858879494
22.5850461640612,0.134279722210609,0.0379642586728374
22.6496528203779,0.135577874478714,0.0359725514311008
22.7142552604437,0.136830669289079,0.0340346627200865
22.7788547672432,0.138037612402736,0.0321571507734554
22.8434526306082,0.139198593928417,0.0303460859553983
22.9080501415143,0.140313646880125,0.0285961996325615
22.9726485862775,0.141382867893935,0.0269026132798173
23.0372492406381,0.142406419151968,0.0252608003861028
23.1018533637408,0.14338453021778,0.0236665524107738
23.1664621920205,0.144317499776935,0.0221159483204257
23.2310769330056,0.145205697275652,0.0206053272819819
23.2956987590487,0.146049564455034,0.0191312641709875
23.3603288009954,0.146849616778693,0.0176905475682489
23.4249681418234,0.147606610239267,0.0163013679530411
23.4896178107876,0.148322028880613,0.0149812339897299
23.5542787789843,0.148997570178463,0.013726342997881
23.6189519556113,0.149634974840225,0.0125332416191784
23.6836381844355,0.150236024374026,0.0113987936245791
23.7483382404569,0.150802538580942,0.0103201511811326
23.8130528267789,0.151336372978927,0.00929472913473794
23.8777825716901,0.151839416166504,0.00832018193854953
23.942528025968,0.152313587136651,0.00739438289016884
24.0072896604074,0.152760832546947,0.00651540539458917
24.0720678635939,0.153183153507273,0.00569177450455014
24.1368629401968,0.153582685380624,0.00493198627041989
24.2016751102334,0.153961595282316,0.00423435375821853
24.2665045088923,0.154322047298755,0.00359736597563012
24.3313511866494,0.154666198756334,0.00301966995310846
24.3962151096687,0.154996196527502,0.00250005409146669
24.4610961604874,0.155314173377667,0.00203743265144765
24.5259941389858,0.155622244356324,0.00163083122138297
24.590908763642,0.155922503234368,0.0012793730754232
24.6558396730699,0.156217018990555,0.000982266313852778
24.7207864278497,0.156507790005959,0.000742743308512222
24.7857485128742,0.156796608142352,0.000564047641727005
24.8507253405557,0.157085172895231,0.000445497783828395
24.9157162544961,0.157375129277506,0.000386454126848516
24.9807205333822,0.157668064851955,0.000386309795195492
25.0457373950905,0.157965506874197,0.000444482077915551
25.110766000999,0.158268919545765,0.00056040450359745
25.1758054604978,0.158579701375441,0.000733519534773806
25.2408548356956,0.158899182649301,0.000963271883441751
25.3059131463148,0.159228623007981,0.00124910245953653
25.3709793747713,0.159569138945242,0.00158181643251255
25.4360524714393,0.159921490891466,0.00195233217040762
25.5011313600788,0.160286291803235,0.00236024917349652
25.5662149433567,0.160664076153062,0.0028051600411401
25.6313021084346,0.161055298927292,0.0032866505207252
25.6963917326147,0.161460334737322,0.00380429987395302
25.7614826890383,0.161879477042461,0.0043576815632027
25.8265738524275,0.162312937482626,0.00494636422949783
25.8916641048648,0.162760845321337,0.00556991293896496
25.9567523416024,0.163223246997252,0.00622789068050179
26.0218374768841,0.163700041175235,0.00690793295577339
26.0869184495458,0.164190790527624,0.00759790011148559
26.1519942279958,0.16469492601337,0.00829770721361428
26.2170638148826,0.165211813675202,0.00900729103941191
26.2821262516584,0.165740755487389,0.00972661157985482
26.3471806230401,0.166280990283978,0.0104556534909988
26.4122260613603,0.166831694767746,0.0111944274768952
26.4772617508006,0.167391984602819,0.0119429716139921
26.5422869315016,0.167960915592317,0.0127013526086036
26.6073009035392,0.168537484944147,0.0134696670037735
26.672303030756,0.169120594984626,0.0142356749479162
26.7372927442574,0.169708945976159,0.0149874107598882
26.8022695452626,0.170301158296378,0.0157254298085009
26.86723300756,0.170895813158265,0.0164503189532457
26.9321827797345,0.171491454724993,0.0171626951262928
26.9971185871658,0.17208659232279,0.0178632039943907
27.0620402337911,0.172679702757471,0.0185525187178801
27.1269476036261,0.173269232734733,0.0192313388178478
27.1918406620368,0.173853601389706,0.0199003891735129
27.2567194567575,0.174431202925441,0.020560419156693
27.3215841186367,0.175000449116278,0.0212064403576112
27.3864348618644,0.1755598973836,0.0218334864001235
27.451271983302,0.176108144597733,0.0224423602725267
27.5160958613305,0.176643791169543,0.0230338678139317
27.5809069544646,0.177165443448083,0.0236088170002554
27.6457057997418,0.177671716192352,0.0241680173870898
27.7104930108818,0.178161235113891,0.0247122796993679
27.7752692762177,0.178632639483539,0.0252424155674328
27.8400353563949,0.179084584796652,0.0257592374019933
27.9047920818386,0.179515745489129,0.02626355840422
27.9695403499809,0.17992488408817,0.0267686578383727
28.0342811220835,0.180311057976718,0.0272875395289844
28.0990154194185,0.180673430961001,0.0278206157785576
28.1637443191302,0.181011209898038,0.0283683149892876
28.2284689499583,0.181323646440257,0.0289310825046084
28.2931904878353,0.181610038744512,0.0295093814834743
28.357910151361,0.181869733141144,0.0301036938156387
28.4226291971597,0.182102125751302,0.030714521070432
28.4873489151234,0.182306664046744,0.0313423854893709
28.5520706235477,0.182482848345318,0.031987831007016
28.616795664163,0.182630293658977,0.032671361740813
28.6815253970402,0.18274891423625,0.0334132394601286
28.7462611953633,0.182838746524664,0.0342137003123345
28.8110044401646,0.182899889610771,0.0350730312942538
28.875756515072,0.182932505484264,0.0359915690483833
28.9405188010755,0.182936819220505,0.0369696986240154
29.0052926713205,0.182913119081006,0.03800785216249
29.0700794859368,0.182861756535009,0.0391065074941115
29.1348805869088,0.182783146203775,0.0402661866226357
29.1996972929951,0.182677765731765,0.0414874540650038
29.2645308947111,0.182546227786245,0.0427759977924139
29.3293826495049,0.182389493532724,0.0441372676387569
29.3942537773709,0.182208650196077,0.04557151159945
29.4591454567624,0.182004836687604,0.0470789855336415
29.5240588207011,0.181779242062176,0.0486599462332773
29.5889949530828,0.181533103960916,0.0503146441060879
29.6539548851859,0.1812677070462,0.0520433154211358
29.7189395923869,0.180984381436935,0.0538461740911814
29.7839499910892,0.180684501152408,0.0557234029352186
29.8489869358681,0.180369482568581,0.0576751443942681
29.9140512168402,0.180040720349098,0.0597126742634765
29.9791435573128,0.179699398657735,0.0618475871041813
30.0442646117701,0.179346678585435,0.0640804551833743
30.1094149640682,0.178983760710844,0.0664118264465438
30.1745951257782,0.178611885158629,0.0688422135899926
30.2398055346796,0.178232331718492,0.0713720820669025
30.3050465534087,0.177846420029557,0.0740018369569837
30.3703184682668,0.177455509827506,0.0767318086285629
30.4356214881937,0.177061001255494,0.0795622371269389
30.5009557439115,0.176664335235207,0.0824932552158824
30.5663212872527,0.17626696087421,0.0855168636113389
30.6317180909243,0.175870229282458,0.0886251561625248
30.6971460490856,0.175475479952067,0.0918182292455864
30.7626049783278,0.175084072609285,0.0950960538246815
30.8280946188045,0.174697388000222,0.0984584590607642
30.8936146355087,0.174316828720105,0.101905114819083
30.9591646196992,0.173943820076018,0.105435513109819
31.0247440904803,0.173579810974406,0.109048948457159
31.0903524965395,0.173226274821234,0.112744497253893
31.1559892180476,0.172884710423304,0.116520996148047
31.2216535687351,0.172556531611122,0.120357608747704
31.2873447983447,0.172242724729829,0.124234442156771
31.35306209573,0.171944166945261,0.128151486758776
31.418804592199,0.171661736888426,0.132108633380733
31.4845713648867,0.171396316503777,0.136105662131976
31.550361440151,0.171148792911894,0.140142230607635
31.6161737969963,0.170920060281067,0.144217861467266
31.682007370527,0.170711021697155,0.148331929411904
31.7478610554377,0.170522591021914,0.152483647573095
31.8137337095428,0.170355694730048,0.156672053370317
31.8796241573569,0.170211143409832,0.160868948317086
31.9455311938562,0.170089230824283,0.165047965584507
32.0114535885647,0.169990106479708,0.169210818200963
32.077390089667,0.169913905958251,0.173359304138403
32.143339427997,0.169860754085419,0.177495297103674
32.2093003208975,0.169830768224846,0.181620736133711
32.2752714759541,0.16982406169848,0.185737613946228
32.3412515946057,0.169840747325582,0.189847964002772
32.4072393756332,0.169880941079052,0.193953846249309
32.4732335185307,0.169944765849903,0.198057331503879
32.5392327267701,0.170032203991641,0.202126652626099
32.6052357111036,0.170142629916116,0.206133118958728
32.67124119307,0.170275238618196,0.210083669022003
32.7372479083534,0.17042919895036,0.213985561775099
32.8032546098197,0.170603660433025,0.217846350889737
32.8692600702189,0.170797760479952,0.221673857387603
32.9352630845545,0.17101063203261,0.225476140718758
33.0012624721153,0.171241411597203,0.229261468392794
33.0672570781734,0.171489247678699,0.233038284155156
33.133245775346,0.171753309606463,0.236815174750079
33.1992274646279,0.172032907330238,0.240548885149619
33.2652010761884,0.172327805141312,0.244194154856738
33.3311655701335,0.172637848712515,0.24775681967696
33.3971199371721,0.172962852019582,0.251242935801935
33.4630631991117,0.173302601895736,0.254658768683559
33.5289944091731,0.173656863039174,0.258010779413751
33.5949126521172,0.174025383469585,0.261305608717745
33.6608170441774,0.174407900424148,0.264550058653873
33.7267067327924,0.174804146687548,0.267751072106532
33.7925808961354,0.175213857345777,0.270915710142536
33.8584387424401,0.175636627005986,0.274042612076275
33.9242795092557,0.176071458988346,0.277134338238271
33.9901024627697,0.176517210460233,0.280204065445401
34.0559068968619,0.176972753507846,0.28326514745886
34.1216921317188,0.177436989299981,0.286331068600163
34.1874575120009,0.177908862905375,0.289415396670117
34.2532024045619,0.178387378752538,0.292531735006604
34.3189261957221,0.17887161671968,0.295693673402106
34.3846282881,0.179360748846075,0.298914737458919
34.4503080970091,0.17985405665651,0.302208335861425
34.5159650464495,0.180351109952707,0.305513977944886
34.5815985652316,0.180852206766142,0.308767313600131
34.6472080841609,0.181357797839568,0.311976042248772
34.7127930335809,0.181868319679816,0.315148115732698
34.7783528407743,0.182384203944011,0.318291715902194
34.8438869271948,0.182905887562815,0.321415227883937
34.9093947055194,0.183433823592705,0.324527209072947
34.9748755765154,0.183968492789428,0.327636353896129
35.0403289257167,0.184510415891365,0.330751454328875
35.1057541199067,0.18506016660194,0.333881356131178
35.1711505034284,0.185618552828425,0.336990926938996
35.2365173949015,0.18618708600723,0.340040539023802
35.3018540853548,0.186767404834235,0.34303259440801
35.3671598369851,0.187361100838634,0.345969873463573
35.4324338819905,0.187969723652657,0.348855524741196
35.4976754214371,0.188594787043023,0.351693049860294
35.5628836241477,0.189237775706208,0.354486283438989
35.6280576255973,0.18990015282564,0.357239368084046
35.693196526804,0.190583368384914,0.359956724498322
35.7582993932037,0.191288868228205,0.362643016803284
35.823365253528,0.192018275743619,0.365248735875639
35.8883930994103,0.192773853116138,0.367719976384757
35.953381886966,0.193557877337656,0.370055700433433
36.0183305393101,0.19437245177523,0.372255863493888
36.0832379492869,0.195219506401863,0.374321426017588
36.1481029823493,0.196100799272351,0.376254354331816
36.2129244795522,0.197017919263167,0.378057610617269
36.2777012606257,0.197972290089769,0.379735131948717
36.342432127095,0.198965175603253,0.38129179863339
36.4071158654122,0.19999768636042,0.382733392263443
36.4717512501014,0.20107100222456,0.38400904605215
36.5363370476979,0.202186950872576,0.38506317012915
36.6008720228638,0.203347235707135,0.385896537298531
36.6653549455253,0.204553199502432,0.386511811960075
36.7297845982112,0.205805822884493,0.386913511901667
36.7941597834942,0.207105724991731,0.387107947427272
36.8584793314704,0.208453166317778,0.387103139284027
36.9227421072106,0.209848053722689,0.386908717409971
36.9869470181162,0.211289947577645,0.386535803018172
37.0510930211145,0.21277807100035,0.385996876887287
37.1151791296438,0.214311623954964,0.385281854960829
37.17920442084,0.215890669297881,0.384373633666305
37.2431680437786,0.217515168506598,0.383276439465593
37.3070692282283,0.219184669308607,0.381996200913834
37.3709072934375,0.220898306366924,0.38054043065153
37.4346816568625,0.222654804209052,0.378918094545424
37.498391842756,0.224452482380649,0.377139470828668
37.5620374905395,0.226289262797684,0.375216002249411
37.6256183628762,0.228162679265434,0.373160144304973
37.6891343533655,0.230069889129428,0.370985212595919
37.752585493786,0.232007640518496,0.368689322988992
37.8159719610153,0.233972126475169,0.366272778544457
37.879294083855,0.235959104802462,0.363753121138551
37.9425523492961,0.237963961782722,0.361148286890812
38.0057474079101,0.239981737400095,0.358476457768315
38.068880078264,0.242007152852648,0.355755927698019
38.1319513502715,0.244034640312646,0.35300498454478
38.19496238739,0.246058374893761,0.350241808818552
38.2579145275801,0.248072308783495,0.34748438949995
38.3208092829473,0.250070207495744,0.344750456955856
38.3836483380159,0.252046164388377,0.342028350750591
38.446433547292,0.253996020620984,0.339296635468692
38.5091669334956,0.2559158806655,0.336558683075951
38.5718506857222,0.25780164193977,0.333818522843516
38.6344871568672,0.259649013775732,0.331080783030759
38.69707886022,0.261453538634905,0.328350636663257
38.759628465159,0.263210615504928,0.325633751689247
38.8221387918851,0.264915525394947,0.322936245748659
38.8846128051317,0.266563458823319,0.320264645749714
38.9470536067926,0.268149545177465,0.317625852381981
39.0094644274195,0.269669287441983,0.315030740623789
39.0718486166628,0.271119805429658,0.312482970247374
39.1342096330596,0.272498647561933,0.309979457613795
39.1965510333684,0.273803399725583,0.307517859682845
39.2588764614194,0.275031697659487,0.305096539479294
39.321189636451,0.276181240222558,0.302714533024532
39.3834943409148,0.277249803432761,0.300371517697802
39.4457944077267,0.278235255163641,0.298067782011779
39.5080937069471,0.279135570377911,0.295804196801164
39.5703961318753,0.279948846778652,0.293582187839593
39.6327055845568,0.280673823855289,0.291393077841395
39.6950259611039,0.281311382288729,0.289220601768652
39.7573611377869,0.281862992438907,0.287055925612516
39.8197149577923,0.28233019408049,0.28489114256183
39.8820912183727,0.282714584898386,0.282719231619385
39.9444936583564,0.283017809647205,0.280534018009551
40.0069259459951,0.283241550047222,0.278330134904811
40.0693916671257,0.283387515480204,0.276102986073176
40.1318943136169,0.283457434546275,0.273848709100234
40.194437272073,0.28345304753213,0.271564138920562
40.2570238127704,0.28337657556786,0.269256489081536
40.3196570790496,0.283232135953297,0.266926332203331
40.3823400778413,0.283024287449255,0.264561706906334
40.4450756714236,0.282757524530495,0.262151515006847
40.5078665702532,0.28243624936794,0.259685496303098
40.5707153268226,0.28206474573222,0.257154205381498
40.6336243304888,0.281647154941095,0.254548989621582
40.696595803219,0.281187453951978,0.251861967656352
40.759631796193,0.280689435677839,0.249086007558081
40.8227341871978,0.28015669158433,0.246214704115804
40.8859046787449,0.279592745833214,0.243254762678242
40.9491447967771,0.279001500144949,0.24021140615631
41.0124558898886,0.278386789184679,0.237077059105213
41.0758391292664,0.277752217525521,0.233844828920249
41.1392955093943,0.277101145269343,0.230508486653998
41.2028258494516,0.276436676001508,0.227062445569244
41.2664307953365,0.275761647051665,0.223501736961451
41.3301108222399,0.275078622021903,0.219821982825418
41.3938662376963,0.274389885530566,0.216019365055218
41.4576971850367,0.273697440106948,0.212090590893321
41.5216036471785,0.273003159039599,0.208046358176297
41.585585450927,0.272309245482949,0.203895904681626
41.6496422722086,0.271617763893814,0.199634521695574
41.7137736419461,0.270930482258939,0.195258010030665
41.7779789523017,0.270248870620468,0.190762642462395
41.8422574632081,0.269574101498335,0.186145122296936
41.9066083091161,0.268907052129597,0.181402538006678
41.9710305058897,0.26824830844265,0.176532313962876
42.0355229577774,0.267598170681772,0.17153215733233
42.1000844643942,0.266956660598038,0.166400001297009
42.1647137276485,0.266323735635672,0.161183062200087
42.2294093585928,0.265699935166804,0.15592654609774
42.2941698843476,0.265085803047466,0.150625700128602
42.3589937552166,0.264481685599695,0.145276008511824
42.4238793519727,0.263887730628474,0.139873161045658
42.4888249932704,0.26330388756572,0.134413019673937
42.5538289431416,0.262729908702785,0.128891583171883
42.6188894185345,0.262165351473762,0.123304950035243
42.6840045968512,0.26160958175494,0.117649279652031
42.749172623446,0.26106177814607,0.111920751847612
42.8143916190161,0.260521005737499,0.106170895218343
42.8796596862314,0.259986469571497,0.10045070511782
42.944974914625,0.25945738414844,0.0947555579859775
43.0103353848004,0.258932912677624,0.0890808310778298
43.0757391725837,0.258412164460306,0.0834218917952114
43.1411843531353,0.257894192830005,0.0777740854565272
43.2066690050088,0.257377993645277,0.0721327216080705
43.2721912141451,0.256862504331043,0.0664930589747692
43.3377490777886,0.256346603464377,0.060850289089758
43.403340708314,0.25582911090168,0.055199518690819
43.4689642369286,0.255308848591355,0.0495831658748086
43.5346178167319,0.25478484859062,0.0440435624926833
43.60029962435,0.254256216575736,0.0385756424974166
43.6660078610275,0.253722072205985,0.033174379228189
43.731740753702,0.253181543071845,0.0278347806808833
43.7974965560841,0.252633759106991,0.0225518828905519
43.8632735497396,0.252077847461038,0.0173207415624556
43.9290700451732,0.251512927831206,0.0121364220956382
43.9948843829093,0.25093810825009,0.00699398808746324
44.0607149345647,0.250352481327607,0.00188848842157076
44.1265601038631,0.24975533000083,-0.00313763020632438
44.192418326446,0.249146794302369,-0.00804135948470828
44.258288066792,0.248527310038883,-0.012826568717836
44.3241678143159,0.247897395647807,-0.0174967873155098
44.3900560798564,0.24725763730614,-0.022055212784149
44.4559513926075,0.246608674513528,-0.0265047202437171
44.5218522974944,0.245951186144598,-0.0308478732876906
44.5877573529957,0.245285876965394,-0.0350869360390737
44.6536651294086,0.244613464612238,-0.0392238862611955
44.7195742075513,0.243934667031455,-0.0432604294397678
44.7854831778918,0.243250091290262,-0.0472047072022082
44.8513906399383,0.242559931325152,-0.05106505809988
44.9172952015749,0.241864267254402,-0.0548432035346429
44.9831954784603,0.241163158680277,-0.0585407623543473
45.0490900936043,0.240456637785579,-0.0621592633819362
45.114977677114,0.23974470280211,-0.0657001584701836
45.1808568660987,0.239027311854736,-0.0691648360311968
45.2467263047196,0.23830437718274,-0.0725546349819412
45.3125846443696,0.237575759740759,-0.0758708590639404
45.3784305439689,0.236841264182052,-0.0791147914927157
45.4442626703409,0.236100872342117,-0.0822598058303526
45.5100796982188,0.23535546292864,-0.0852773223900067
45.5758803093215,0.234606105852721,-0.0881654819087024
45.6416631914302,0.233853814165449,-0.0909221688037557
45.7074270379459,0.233099531781499,-0.0935450346521787
45.7731705479235,0.232344121761746,-0.0960315218933216
45.8388924265564,0.231588355171688,-0.0983788875880253
45.9045913860857,0.230832900533207,-0.10058422704715
45.9702661471033,0.230078313887864,-0.102644497088304
46.0359154402218,0.229325029490545,-0.10455653869221
46.1015380080665,0.22857341912789,-0.106330252543534
46.1671326072947,0.227824001328627,-0.107975277115488
46.2326980102213,0.22707725253,-0.109487910269349
46.298233006518,0.226333533993909,-0.110864363391533
46.3637364052401,0.225593083877393,-0.112100779406105
46.4292070371616,0.224856009908676,-0.113193249702759
46.4946437573904,0.224122282687505,-0.114137829669337
46.5600454482295,0.223391729630817,-0.114930552531739
46.6254110222559,0.222664029582877,-0.115567441178534
46.6907394255828,0.221938708109154,-0.11604451762689
46.7560296412663,0.221215214548385,-0.116382838946364
46.8212806926059,0.220493176942521,-0.116603469752699
46.8864916460085,0.219772181559041,-0.116702438366324
46.9516616138119,0.219051691384277,-0.116675765012977
47.01678975728,0.218331042364497,-0.116519464719787
47.0818752897528,0.217609440230302,-0.116229548153321
47.1469174799271,0.216885957923484,-0.115802020183989
47.2119156552391,0.216159533640503,-0.115232875906345
47.2768692053273,0.215428969510739,-0.114518093898141
47.3417775855473,0.21469293092328,-0.113653626465485
47.4066403205079,0.213949988700593,-0.112678204255467
47.471457007412,0.213198764263578,-0.111631450173935
47.5362273188956,0.212437834859695,-0.1105106070817
47.6009510056924,0.211665695674605,-0.109312883215249
47.6656278993078,0.210880759958715,-0.108035442109476
47.7302579147009,0.210081359583879,-0.10667539093258
47.7948410529574,0.209265746040065,-0.105229767097343
47.8593774039436,0.208432091881135,-0.10369552303318
47.9238671489277,0.207578492630044,-0.102069508940574
47.9883105631566,0.206702969151547,-0.100348453394518
48.0527080183502,0.205803512348275,-0.0985813635059865
48.1170599843968,0.204878245041018,-0.096818657207962
48.1813670291345,0.203925356146678,-0.0950590241623701
48.2456298173738,0.20294306725138,-0.0933010843729854
48.3098491098787,0.201929632712975,-0.0915433857514976
48.3740257623414,0.200883339898257,-0.0897844009396037
48.4381607243558,0.199802509558521,-0.0880225233657682
48.5022550383974,0.198685496347103,-0.0862560624542182
48.5663098388139,0.197530689483353,-0.0844832379378772
48.6303263508346,0.196336513567264,-0.0827021731858134
48.6943058896119,0.195101344016392,-0.0809335920129994
48.7582498594768,0.193823250382202,-0.0791996747461098
48.8221597536597,0.192500252863115,-0.0775006463616154
48.8860371541318,0.191130410531529,-0.0758367269728526
48.9498837313835,0.189711824541452,-0.0742081364347172
49.0137012441422,0.188242641470514,-0.0726150990731758
49.0774915390412,0.186721056805568,-0.0710578485790969
49.1412565502515,0.185145318582308,-0.069536633118934
49.2049982990891,0.183513731192121,-0.0680517207105576
49.2687188936109,0.181824659372533,-0.0666034049282703
49.3324205281682,0.180076630111041,-0.0652356925983005
49.396105481838,0.178268660069805,-0.0639946542705284
49.4597761140349,0.17640001596969,-0.0628840106027483
49.5234348591461,0.174470121898364,-0.0619079345907436
49.5870842213271,0.172478556523318,-0.0610711065481935
49.6507267695257,0.17042505038203,-0.0603787748007406
49.7143651327561,0.168309483296086,-0.0598368230459936
49.7780019956471,0.166131881963134,-0.0594518455332884
49.8416400942824,0.163892417788837,-0.0592312313539629
49.9052822123561,0.16159140502932,-0.0591832592934105
49.9689311776255,0.159229281344554,-0.0593259724313606
50.0325898578074,0.156806567855123,-0.0596793418837733
50.0962611545294,0.154323946563404,-0.0602563243264421
50.1599479967472,0.151782277238478,-0.0610714291667975
50.2236533345203,0.149182592755949,-0.0621409212400995
50.2873801332023,0.146526094985507,-0.0634830525436006
50.351131368066,0.143814151364116,-0.0651183278460979
50.4149100193809,0.141048292308744,-0.0670698097797475
50.4787190679604,0.138230209645105,-0.0693634699699901
50.5425614911927,0.135361756251113,-0.0720285938075768
50.6064402595286,0.132444914769804,-0.0750707949363349
50.6703583324268,0.129481708869241,-0.0784971995782993
50.7343186521392,0.12647431087126,-0.0823455117073154
50.7983241369604,0.123425073595223,-0.0866585029939823
50.8623776749593,0.120336529808973,-0.0914847912722426
50.9264821182459,0.117211393830517,-0.0968797510557039
50.990640277778,0.114052565684479,-0.10290657931432
51.0548549187158,0.11086313829172,-0.109637543276245
51.1191287563257,0.107646408262052,-0.11715544054224
51.1834644524363,0.104405890973027,-0.125555305202978
51.2478646124045,0.101145252565691,-0.134857968923402
51.31233178157,0.0978680566531196,-0.145088605076254
51.3768684395489,0.0945780279403013,-0.156372178805791
51.441476993968,0.0912791601304252,-0.168853521242914
51.5061597746495,0.0879757462300104,-0.182700796709769
51.5709190282786,0.0846724181920021,-0.19810953737122
51.6357569135472,0.0813741979370208,-0.215307281401251
51.7006754967613,0.0780865622654693,-0.2345588047815
51.7656767479026,0.074815524741913,-0.256171847793809
51.8307625371286,0.0715677382924608,-0.280503074934078
51.8959346316779,0.0683505030607076,-0.307860039567534
51.9611946926866,0.0651715336492274,-0.338595709429208
52.0265442711175,0.0620394492620761,-0.373222059322273
52.0919848035218,0.0589641013353412,-0.412312101016171
52.1575176080844,0.0559568340166828,-0.456490143251708
52.223143880957,0.0530307947550009,-0.506407037052248
52.2888646928578,0.0502012945363419,-0.562690616609952
52.3546809859207,0.0474862076614356,-0.62585741491836
52.4205935707743,0.0449063830988286,-0.696167863123181
52.4866031238306,0.0424860093610488,-0.773406538013764
52.5527101847405,0.0402526852671434,-0.85647864252196
52.6189151534255,0.0382368271219391,-0.943178468437454
52.6852182857398,0.0364713609600082,-1.02996207053283
52.7516196886423,0.0349904601788899,-1.11168303679112
52.8181193154272,0.0338272327332436,-1.18184639862597
52.8847169610165,0.0330105442938315,-1.2334788980561
52.9514122572958,0.0325614177497009,-1.26058907193507
53.0182046684765,0.032489849502403,-1.25978871834037
53.085093486468,0.0327930254644905,-1.23135174568751
53.1520778262448,0.0334555867819628,-1.17914358168381
53.2191566212015,0.034451849053829,-1.10938577414989
53.2863286186408,0.0357491309365511,-1.02911653130368
53.3535923756279,0.0373114960871513,-0.944820595930661
53.4209462549404,0.0391029841295513,-0.861527890706245
53.4883884209375,0.0410898680391807,-0.782617934845631
53.5559168353296,0.0432419439286794,-0.71002022214938
53.6235292528383,0.0455330560904168,-0.644573052421375
53.6912232167366,0.0479411135085294,-0.58638436491389
53.7589960542661,0.0504478187691031,-0.535123941414921
53.8268448719249,0.0530382665116155,-0.490232022339054
53.8947665506672,0.0557004965318748,-0.450936044304426
53.9627577419581,0.0584249583781336,-0.416485944638062
54.030814866191,0.0612040509250112,-0.386296332792001
54.0989341119407,0.0640318313696117,-0.359830094235242
54.167111435103,0.0669037787391406,-0.336606799068871
54.2353425578835,0.0698165976709482,-0.316203617433762
54.3036229676381,0.072768057573497,-0.298252220821681
54.3719479155736,0.0757568619594714,-0.282433787372736
54.4403124153159,0.0787825430551872,-0.268473348230543
54.5087112413595,0.0818453773720625,-0.256134160895776
54.5771389274741,0.0849461937300949,-0.24509753585366
54.6455897665868,0.0880858632126908,-0.235100764199389
54.7140578145196,0.0912654955152688,-0.22602938712142
54.7825368951366,0.0944865254849094,-0.217784039787522
54.8510206053877,0.0977507008764496,-0.210278238491227
54.9195023201952,0.101060073875791,-0.20343650861547
54.9879751971901,0.104416995881244,-0.19719280165497
55.056432181308,0.107824115139045,-0.191489156306622
55.1248660092583,0.111284376909161,-0.186274564910756
55.1932692138806,0.114801025906847,-0.181504012493079
55.2616341285111,0.118377542089827,-0.177052033413012
55.3299528939438,0.122017332889565,-0.172811674371647
55.3982174721015,0.125723758388336,-0.168770976751042
55.4664196623067,0.129500181648152,-0.164919464970644
55.5345511175875,0.13334997728586,-0.16124788913091
55.6026033609189,0.137276539917959,-0.157748016043066
55.6705678014044,0.141283292420583,-0.154412459354289
55.7384357504022,0.145373693958057,-0.151234541332635
55.8061984376007,0.149551247738863,-0.148208180343372
55.8738470270505,0.153819508463586,-0.145327799148754
55.941372633213,0.158182000211293,-0.14255883939564
56.008766338427,0.162641898619084,-0.139871524632015
56.0760192140063,0.167202203722063,-0.13726755647603
56.1431223427031,0.171865817107468,-0.134748337534527
56.2100668411211,0.176635542688189,-0.132314978938258
56.2768438820099,0.1815140861764,-0.129968312301701
56.3434447164214,0.186504053203125,-0.127708904985522
56.4098606957139,0.191607946039414,-0.125537077653043
56.4760832933811,0.196828158885927,-0.123452923293226
56.5421041266861,0.202166971707143,-0.121456327035981
56.6079149781627,0.207626425848474,-0.119516660716481
56.6735078190691,0.213207874495225,-0.117606439135399
56.7388748381342,0.218912159131481,-0.115729706542162
56.8040084721454,0.224739679758777,-0.113889983847921
56.8689014361939,0.230690367827261,-0.112090300997342
56.9335467534119,0.236763656735425,-0.110333229918115
56.9979377841174,0.242958450058303,-0.108620917615146
57.0620682542733,0.249273087735634,-0.106955119067513
57.1259322831587,0.255705310531445,-0.105337229589604
57.1895244101414,0.262252223159466,-0.103768316405253
57.2528396205283,0.26891039488486,-0.102233317320291
57.3158733727149,0.275676139148846,-0.100716611079838
57.3786216304233,0.2825448787062,-0.0992181283339192
57.4410808964068,0.289510920177551,-0.0977376963154127
57.5032482451702,0.296567389904108,-0.0962750301929419
57.5651213544216,0.303706170829277,-0.094829728080914
57.6266985350466,0.310917841758555,-0.093401269307299
57.687978759378,0.318191620566976,-0.091989015579388
57.7489616875179,0.325515313144985,-0.0905922147532065
57.8096476914555,0.332875270086678,-0.0892100069106043
57.8700378767541,0.340256672865627,-0.0878481856350264
57.930134102784,0.347644429784033,-0.0865107763933411
57.9899390034924,0.355022125365862,-0.0851943631430414
58.0494560068546,0.362371672852098,-0.0838957413941149
58.1086893515582,0.369673312634152,-0.0826119001875842
58.1676441005496,0.376905630861795,-0.0813400089954271
58.2263261511085,0.384045601066648,-0.0800774089817117
58.2847422411127,0.391068651534422,-0.0788216081357834
58.3428999511504,0.397948760933919,-0.0775702797734947
58.4008077021441,0.404658584355685,-0.0763212639146941
58.4584747481845,0.411170213036277,-0.075093323083366
58.5159111651156,0.417457157133952,-0.0739033324975383
58.5731278364115,0.423492719350889,-0.0727468178460507
58.6301364355395,0.429249596709645,-0.0716198026285339
58.6869494039538,0.43470011200387,-0.070518785524037
58.7435799245053,0.43981647060646,-0.0694407221684746
58.8000418901074,0.444571039959851,-0.0683830104751451
58.8563498675409,0.448936648108646,-0.0673434786917943
58.9125190563188,0.452886896678462,-0.0663203754804053
58.9685652425835,0.456396482801266,-0.0653123613565898
59.0245047480294,0.459442619679511,-0.0643477570638643
59.0803543733838,0.462008697556336,-0.0634527691667284
59.1361313365289,0.464081352810633,-0.0626236632410503
59.1918532077779,0.465649579266043,-0.0618573016248267
59.2475378435191,0.466704887342693,-0.0611511070527443
59.3032033185788,0.467241428721098,-0.0605030311954208
59.358867857644,0.46725608319101,-0.0599115275612735
59.4145497660991,0.466748505323074,-0.0593755283725976
59.4702673606438,0.465721129665643,-0.0588944251440423
59.526038900061,0.464179134291393,-0.0584680528539425
59.5818825164919,0.462130385922615,-0.0581136790809944
59.6378161473165,0.459585408121944,-0.0578489423009101
59.6938574675923,0.456557191319191,-0.0576749065967574
59.7500238238337,0.453060987648818,-0.0575931063157841
59.8063321697223,0.449114095946589,-0.0576055597805912
59.8627990040455,0.444735624399188,-0.0577147902528265
59.9194403111181,0.439946236495734,-0.0579238547030107
59.97627150391,0.434767886056011,-0.0582363811147462
60.0333073700626,0.4292235470446,-0.0586566151746391
60.0905620209398,0.423336943621662,-0.059189477416753
60.1480488438316,0.417133457668329,-0.0598501474982907
60.2057804576905,0.410643317075031,-0.0606519436057117
60.2637686737887,0.403897678634962,-0.0615980831861871
60.3220244622379,0.396927155028802,-0.0626925370864751
60.380557924315,0.389761561163349,-0.0639400736026902
60.4393782703875,0.382429694810159,-0.0653463115065942
60.4984938032034,0.374959152094975,-0.0669177826134591
60.557911906278,0.367376177444171,-0.0686620046326315
60.6176390370917,0.359705546806967,-0.0705875652768216
60.6776807247961,0.351970482334302,-0.072704218793208
60.7380415720625,0.344193009776193,-0.0750113460015751
60.7987252594371,0.336395199963756,-0.0775076317404102
60.8597345501208,0.328597962126708,-0.0802034854549585
60.9210712975645,0.320820626923413,-0.0831103781506922
60.9827364570304,0.313080955878505,-0.0862409070888883
61.0447301008511,0.305395169874535,-0.0896088646221907
61.1070514370648,0.297777993738314,-0.0932293107702716
61.1696988311221,0.290242714092229,-0.0971186489746102
61.2326698303701,0.28280124783223,-0.10129470421338
61.2959611910374,0.275464218816329,-0.10577680236389
61.3595689074068,0.268241331958348,-0.110553134746473
61.4234882416352,0.261142362107657,-0.115608937986732
61.487713752152,0.254176409970806,-0.120960601536209
61.5522393228995,0.24735169194014,-0.126624838845339
61.6170581945994,0.240675615020429,-0.132618522820406
61.6821629978942,0.234154852008081,-0.138958476626386
61.7475457881673,0.22779541561543,-0.145661212558511
61.8131980818655,0.221602730367066,-0.15274261133879
61.879110894159,0.215581701210241,-0.1602175341496
61.9452747777887,0.209736777873964,-0.168099360065665
62.0116798628876,0.204071993554548,-0.176361990914512
62.0783158957254,0.198591014353297,-0.18497263970896
62.1451722732153,0.193297343415635,-0.19392995231954
62.2122380762361,0.188194384784649,-0.203227513941275
62.2795021036275,0.183285464465665,-0.212852915376322
62.3469529068515,0.178573843320667,-0.222786766199157
62.4145788252478,0.174062720829417,-0.233001684939288
62.4823680218105,0.169755228804913,-0.243461308506021
62.5503085194232,0.165654414246236,-0.254119376356908
62.618388237492,0.161763210676503,-0.264918958420175
62.6865950288506,0.15808421006436,-0.275784076537681
62.754916715108,0.154619115712184,-0.286631341733474
62.8233411174814,0.151369361976227,-0.297376484625534
62.8918560858127,0.14833624966556,-0.307925213442097
62.9604495274888,0.145520868449631,-0.318174214295788
63.0291094363176,0.142924011910671,-0.328012698104776
63.0978239213334,0.140546087198193,-0.33732451265691
63.1665812355106,0.138387021780257,-0.345990796592932
63.2353698043597,0.136446170273334,-0.353893102488871
63.3041782543812,0.13472222469036,-0.360916863536337
63.3729954413108,0.133212976414352,-0.366965975629577
63.4418104771352,0.131914826259496,-0.371962872966504
63.5106127542009,0.130823278994823,-0.375836935528328
63.5793919678693,0.129933074328844,-0.378534085912942
63.64813813866,0.129238167087456,-0.380018470287832
63.716841633899,0.128731723957227,-0.380273347504181
63.785493188847,0.128406136501991,-0.379301131228499
63.8540839272796,0.128253049352739,-0.377122597397157
63.9226053814875,0.128263401768144,-0.373775333887844
63.9910495116636,0.128427480228827,-0.36931156296749
64.0594087245611,0.128734916449873,-0.363881029732916
64.1276758894251,0.129174682061233,-0.357645996363938
64.195844347981,0.129735543693126,-0.350688636481733
64.2639079215103,0.130406206572156,-0.343091557922755
64.3318609169401,0.131175360609783,-0.334935691648051
64.3996981320046,0.132031721150461,-0.326298531593106
64.467414859461,0.13296406404114,-0.317252742217101
64.5350068903397,0.133961255041214,-0.307865125379954
64.6024705162052,0.135012273889213,-0.298195919390857
64.6698025304053,0.13610623356256,-0.288298390546701
64.7370002282461,0.137232439376636,-0.278332535588758
64.8040614051629,0.138380607831545,-0.268448779264679
64.8709843514157,0.139540866973478,-0.258675256621717
64.9377678447611,0.140703720674981,-0.249033466657471
65.0044111420163,0.141860036410551,-0.239539017329733
65.0709139695585,0.143001033108933,-0.230202345167131
65.1372765127689,0.144118269707086,-0.221029390807293
65.2034994044306,0.145203634887478,-0.212022218580534
65.2695837120931,0.146249338347516,-0.20317957356662
65.3355309244171,0.147247903832901,-0.194497373553207
65.4013429364956,0.148192327802628,-0.186067756223325
65.4670220336871,0.149076610584535,-0.177978087173956
65.532570873265,0.149895333112757,-0.1702147855233
65.597992464799,0.150643491715636,-0.162763878090891
65.6632901498255,0.15131648727322,-0.155611258795047
65.7284675808796,0.151910116190842,-0.148742891411774
65.793528699941,0.152420562877514,-0.142144965108717
65.8584777163491,0.152844393411922,-0.135804010952378
65.9233190842423,0.153178550084697,-0.129706986392658
65.9880574795803,0.153420346514095,-0.123841333697786
66.0526977768145,0.153567652800207,-0.118261433818366
66.1172450253971,0.153619475925145,-0.113021523740148
66.1817044264801,0.153575409925976,-0.108110236601804
66.2460813097859,0.153435438072423,-0.103517539360437
66.3103811106188,0.153199920212934,-0.0992346977423037
66.3746093470771,0.152869579703167,-0.0952542383293177
66.4387715975283,0.152445489819737,-0.091569909573787
66.5028734784065,0.151929059599281,-0.0881766430949769
66.5669206223896,0.151322019083821,-0.0850705162293613
66.6309186570103,0.150626403987439,-0.0822487164927434
66.6948731837703,0.149844556127029,-0.0797105037690428
66.7587897583036,0.148979151837508,-0.0774560573133164
66.8226738724341,0.148033129220002,-0.0754855291356302
66.8865309373843,0.147009654037063,-0.0738000780960002
66.9503662676745,0.145912102847606,-0.0724018417215234
67.0141850657178,0.144744046189902,-0.071293909317838
67.0779924071376,0.143509231969095,-0.0704802956116805
67.1417932268241,0.142211569210347,-0.0699659139735494
67.2055923057475,0.140855112345186,-0.0697565480852013
67.2693942585375,0.13944404619696,-0.06985882069277
67.3332035218541,0.137982703906511,-0.0702649723825722
67.3970243439352,0.136475644969006,-0.0709668972465463
67.4608607759474,0.134927537960157,-0.0719717353895526
67.5247166645373,0.13334311597797,-0.073287140774472
67.5885956451973,0.131727166712196,-0.0749211976355618
67.6525011364173,0.130084523923258,-0.0768823205431477
67.7164363346091,0.128420060417146,-0.0791791347897139
67.7804042097859,0.126738682584139,-0.0818203333851675
67.8444075019802,0.125045326554846,-0.0848145066102471
67.9084487183802,0.123344956005763,-0.0881699397335902
67.9725301311829,0.121642473597711,-0.0918313521850406
68.0366537766288,0.119942445796955,-0.095739808164137
68.1008214559403,0.118249347178923,-0.0998969273841389
68.1650347373194,0.116567646938265,-0.104303044637825
68.2292949584804,0.114901811184488,-0.10895693714105
68.293603229678,0.113256305991486,-0.113855522421529
68.3579604372075,0.111635601064345,-0.11899352732895
68.4223672473561,0.110044173860934,-0.124363130120468
68.4868241107855,0.108486513985204,-0.129953579296957
68.5513312673256,0.106967127639959,-0.135750795076867
68.6158887511733,0.105490346221668,-0.141669297135306
68.6804963967321,0.104059729194947,-0.14761996437375
68.7451538454321,0.102678628638224,-0.15357818654535
68.8098605530179,0.101350380942549,-0.159516163438046
68.8746157970157,0.100078305091887,-0.165402844037429
68.9394186843597,0.0988656997348327,-0.171203931836344
69.0042681591705,0.0977158389251083,-0.176881970261238
69.0691630106791,0.096631966434797,-0.182396521958006
69.1341018812903,0.0956172885802091,-0.187704454437569
69.1990832747834,0.0946749655426014,-0.192760342288081
69.2641055646491,0.0938078851314157,-0.197487670054101
69.3291670026379,0.0930179956593905,-0.201815356070519
69.3942657275889,0.0923069294254199,-0.20570565461429
69.4593997743282,0.091676205308973,-0.209122660630471
69.5245670825387,0.0911272171678122,-0.212033049547354
69.5897655056025,0.0906612225333644,-0.214406814393838
69.6549928194209,0.0902793319281195,-0.216217973102198
69.7202467312132,0.0899824991271823,-0.21744521756725
69.7855248883026,0.0897715126747257,-0.218072476487096
69.8508248868919,0.089646988937208,-0.218089366152197
69.9161442808335,0.0896091633796231,-0.217517543485965
69.9814805903369,0.0896572838868145,-0.216392471205793
70.0468313104765,0.0897902344640149,-0.214732883806832
70.1121939195188,0.0900067447401483,-0.212562399377163
70.177565887117,0.0903053959966324,-0.209908971520234
70.2429446823792,0.0906846286921804,-0.206804256504176
70.3083277818162,0.0911427512437693,-0.203282921573503
70.3737126771744,0.0916779497951845,-0.199381921394271
70.439096883157,0.0922882986879538,-0.195139768952208
70.5044779450384,0.09297177134641,-0.19059582525634
70.5698534461694,0.0937262616528195,-0.185811362151644
70.6352210152518,0.0945496329020232,-0.180845898368847
70.7005783331924,0.0954397089645,-0.175735427230048
70.7659231397384,0.0963942744620007,-0.170514344699004
70.8312532400188,0.0974110827187513,-0.165215128711114
70.8965665110003,0.09848786284331,-0.159868095304147
70.9618609078564,0.099622325878177,-0.154501227718542
71.0271344702525,0.100812169984996,-0.149140072534411
71.0923853285435,0.102055084660803,-0.143807695619809
71.157611709886,0.103348754003666,-0.138524689796562
71.2228119442575,0.104690851491489,-0.133335518397756
71.2879844703025,0.106079024374457,-0.128280782772116
71.3531278408739,0.107510926403237,-0.123371747099454
71.4182407283885,0.108984225671837,-0.118617544603621
71.4833219300716,0.11049660284387,-0.114025364781898
71.5483703730892,0.112045748902336,-0.109600641794103
71.6133851195638,0.113629362515215,-0.1053472398054
71.678365371469,0.115245147107137,-0.101267632014319
71.743310475395,0.116890807721321,-0.0973630709040021
71.8082199271805,0.118564047752511,-0.093633748046563
71.873093376403,0.120262652004822,-0.0900780460645362
71.9379306307202,0.121984742791741,-0.0866926456650694
72.0027316600859,0.123728517746809,-0.0834741789927228
72.0674966008756,0.125492159793062,-0.0804189412881656
72.1322257599249,0.127273833547938,-0.0775229634389574
72.1969196184762,0.129071681914848,-0.0747820755300091
72.2615788360245,0.130883822894737,-0.0721919620989431
72.326204254057,0.1327083466472,-0.0697482098341477
72.3907968996757,0.134543312830438,-0.0674463484286443
72.4553579890975,0.136386748245877,-0.0652818852653313
72.5198889310223,0.13823671089196,-0.0632357445468692
72.5843913299319,0.140091484384591,-0.0612893385581732
72.6488669894397,0.141949374499402,-0.0594389773241362
72.7133179156153,0.143808641231025,-0.0576810669439991
72.7777463202171,0.145667497768526,-0.0560121130137187
72.8421546238203,0.147524109807366,-0.0544287226957741
72.9065454588333,0.149376595216477,-0.0529276056533417
72.9709216723918,0.151223024077792,-0.0515055740164946
73.0352863291205,0.153061419115458,-0.0501595415563701
73.0996427137548,0.154889756530208,-0.0488865221954317
73.1639943336113,0.156705997679887,-0.0476710469843657
73.2283449209686,0.15850818002338,-0.0464983633533359
73.2926984354657,0.160294324310981,-0.0453666924245019
73.3570590664215,0.162062405936282,-0.0442743311132308
73.4214312350019,0.16381035762486,-0.0432196490968688
73.4858195962212,0.165536072553014,-0.0422010858478991
73.5502290407692,0.167237407901417,-0.0412171477442503
73.6146646966509,0.168912188847983,-0.0402664052585819
73.6791319306313,0.170558212999603,-0.0393474902355823
73.7436363494735,0.172173255259451,-0.0384590932652218
73.8081838009614,0.173755079500417,-0.0375956906290613
73.8727803747255,0.175301462654213,-0.0367520527480273
73.9374324029071,0.176810180336998,-0.035927387864383
74.0021464606138,0.178279006709181,-0.0351209480371637
74.0669293661326,0.179705721254385,-0.0343320274483102
74.1317881808898,0.181088115888757,-0.0335599607570324
74.1967302091516,0.182424002368472,-0.0328041215119472
74.2617629974583,0.183711219958933,-0.0320639206017682
74.3268943337856,0.184947643324438,-0.0313388047497252
74.3921322464274,0.186131190593467,-0.0306282550433064
