#spline3d 5 121 5 121
123.84960421775212 112.40766807242777 3.4814688026317611
124.28945704261986 112.44591625109938 4.0172460519608695
124.51501232265484 112.52717498115094 4.6289211923215152
124.65534770711081 112.64632432961866 5.2668881159334999
124.85244501566075 112.79705989292727 5.8765020983826162
125.17312744515898 112.98438404030574 6.4313692577018227
125.37020618144871 113.01624963733593 7.0604919761392493
125.60929127508562 113.03209508047762 7.6764768577454268
125.90949744766253 113.07508298691019 8.2621273044013108
126.20094300876775 113.10847137793309 8.8522713869028262
126.51799184525524 113.13586679066974 9.4290753672292169
126.86968780864976 113.15113578780444 9.9871280564258953
127.22892198387721 113.15647563184145 10.540055268872651
127.60457683492461 113.08403813746274 11.076956010432536
127.9735528219931 113.02924571768989 11.621526866728173
128.27870597493677 113.02872194775756 12.207262829838786
128.52506468844547 113.02677794086158 12.819622284480628
128.73726039999417 113.00972731320232 13.445278561017272
128.9957184337301 112.83458903149462 14.033021427153752
129.27369031627799 112.53494833000376 14.557253984822625
129.55366962199864 112.15479146325188 15.018662843203483
129.76908045107686 111.74447674518062 15.487670761555579
129.94126374441217 111.32992763467102 15.971421545653493
130.09740347791862 110.86307184786507 16.412469973090065
130.18034401308768 110.35697630431601 16.829641392263646
130.16355353808677 109.8647322705244 17.268769708070838
130.19129787807958 109.39843304573805 17.732776868866779
130.1381200916033 108.89987696366506 18.175215898710366
129.87304755292749 108.40525539594925 18.542660931479549
129.45961645068323 107.95916663878175 18.812478845915027
129.01017109470408 107.51017552639162 18.99318327170754
128.54684779570968 107.05371074642095 19.120321340673506
127.95956763229248 106.75155948516058 19.176873945173888
127.3851627327705 106.42541828304918 19.2022040251675
126.79563331106094 106.13971844457217 19.248304358310055
126.18765703334921 105.88175337702147 19.278068450843087
125.60785018015915 105.57308424506593 19.29676273578005
125.0330624337538 105.23785639438042 19.279390205398219
124.47147064984658 104.92356816634549 19.133729235465768
123.94155366527407 104.6202320094863 18.873157489607777
123.39988004670298 104.25954246679377 18.762249125550358
122.83383924344729 103.93168097918638 18.663130660723908
122.28409409497185 103.58038185331891 18.576218000914121
121.80786691090024 103.12537965361747 18.496372662889833
121.29409003702254 102.72642425593169 18.400156879272906
120.7405571225041 102.38028784756624 18.292985357985735
120.22762214738732 101.97025850328809 18.226625583654467
119.69182653882622 101.58584019461355 18.236894043663501
119.14217500215973 101.21971898751396 18.245860585173848
118.63197828926599 100.80354666524372 18.253978290776978
118.15507686087183 100.34683716450105 18.24383121823011
117.62873069318366 99.951207579182551 18.254385288169068
117.09300275691118 99.566650620786419 18.331020721347574
116.56387964492453 99.217738562769441 18.513043627121835
116.08899445415734 98.814295763749286 18.728188971836296
115.61051899116272 98.386428204827212 18.886276505564616
115.18516859194052 97.933108954500597 19.10824975987104
114.75176505675741 97.533173980262404 19.40488821724956
114.32043429316656 97.166527610458104 19.745578784367193
113.96930771064565 96.757544990927229 20.126566920839714
113.64222225535786 96.362384191142809 20.541633743789259
113.3341849525067 95.970563476273796 20.972587534965371
113.08234446331487 95.565513958956103 21.428563638036415
112.86273919425112 95.191853783604046 21.928669836861559
112.72953126152053 94.779587197043071 22.424611969221935
112.64636512294715 94.391831080067732 22.952144035984382
112.5665652953127 94.063855390491668 23.519158490565715
112.55870696653362 93.688794378017406 24.062869710906199
112.57935606993125 93.286561786248043 24.588766389548709
112.64066006565737 92.996928514967209 25.174689266813957
112.63677519263173 92.654014901222624 25.735804224253265
112.66756967717386 92.276530811814325 26.279473863043901
112.65601814837154 91.928156340470167 26.838413806614096
112.58574853566488 91.473794866403892 27.314886800519098
112.5981770344694 91.034481371478947 27.808817283128988
112.61740583618906 90.569518768587429 28.269389748796947
112.58475752907064 90.065989646680123 28.698732184721234
112.67110197508211 89.542024341789968 29.111280935798181
112.75663523768537 88.911542303907765 29.297603195002889
112.79001913543765 88.255947658621764 29.404899572749642
112.85356906008909 87.623031124045752 29.568852699707122
113.02905490880414 86.99790002175007 29.699967335482423
113.24416665724151 86.380837683715228 29.788386266481943
113.43134774403568 85.745932893665596 29.825755834967829
113.57811459728022 85.107483382910132 29.723081606344429
113.78766460782712 84.516039169341539 29.507748046394987
113.96439292088264 83.889530435161305 29.394801045871468
114.05002576489217 83.234636862685662 29.358140621087752
114.10428672999279 82.578869567496255 29.305455450270586
114.09790068203675 81.923523040503426 29.230028375549931
113.959463661637 81.271630801016585 29.227912201287101
113.75653331017047 80.647799679726504 29.361251120052103
113.45807488251313 80.106270754629847 29.596702461983522
113.05607483950364 79.649766059893935 29.864299057199965
112.62890708048928 79.231046908242405 30.141201024176969
112.142958685404 78.91463018327714 30.463581920757939
111.60911959609061 78.66337696839777 30.755646676695974
111.04708522312535 78.551283231830453 31.115167133257248
110.53904332408536 78.631603308397686 31.524583430245031
110.05954865838433 78.883645288020347 31.920567661267953
109.61647631873102 79.197235777893397 32.287506957608336
109.25491686669227 79.565538454312446 32.706889052267599
108.91505498952699 80.006670337336573 33.066444386656691
108.75303346356372 80.469150316340063 33.50896066649824
108.62317914959995 80.861215516657481 34.031054235029195
108.52683338965767 81.262288044678357 34.541223295892856
108.50437375778539 81.742512922199637 34.999321578721727
108.50777305799924 82.168944673162429 35.499754323572098
108.50479448788616 82.540482748778075 36.052943218800394
108.62818447321983 82.874801486057621 36.608161046861603
108.89291002650637 83.192422298498315 37.130326909503253
109.06060186240855 83.508225770270357 37.681537152013355
109.21366028742462 83.799095943238513 38.257048099306594
109.50280764143766 84.050792061388222 38.795771356227696
109.80796029896271 84.262530396765172 39.342872915191649
110.07533725664476 84.403431038603898 39.926851441601109
110.37862849965164 84.473536317581477 40.514149501684521
110.73542280394081 84.47882769580896 41.072379612557654
111.15641717028188 84.310470978820206 41.560316100081003
111.5668242820789 84.004135786998205 42.01108136938511
111.9059585795917 83.575589218574578 42.446639416571202
