#spline3d 5 121 5 121
122.18960610035694 78.858722120947505 1.9278036736194377
121.70973163658111 78.565960114620438 2.1108306377810275
121.23941952680666 78.275169955332004 2.3221185987970334
120.77081661725299 77.983627571443051 2.5370175142641078
120.29556802623836 77.687847258517991 2.7284399024598862
119.80973011375401 77.39095428116272 2.8906244420952336
119.30873072305712 77.106155812710114 3.0311102794181664
118.79794195440932 76.821623252426789 3.1242460277953144
118.28852127993387 76.519725193025849 3.1490077494126956
117.79071477938854 76.197367208280269 3.1507839304346863
117.29053345746738 75.881662181308712 3.1225676542027414
116.77799667707741 75.597335576908819 3.037928874979011
116.26089504194074 75.322273670361255 2.950225434193213
115.74355912159876 75.037989685870301 2.8980123315986099
115.25897810860927 74.704241551692775 2.8364729661735346
114.78995371623012 74.345286256526535 2.7709908183493321
114.27729818369194 74.053642468427441 2.7288474547321036
113.73462856598562 73.815539093530589 2.6897658216178764
113.19786004501452 73.568278266389569 2.6483587278002871
112.67004484305463 73.30295920015871 2.6774944321489444
112.13833412916722 73.044611391216932 2.7238166205449708
111.59582267194111 72.806754287149076 2.7072559152113582
111.06479838886155 72.547447095756638 2.6458050242263838
110.52640151146224 72.308636913528062 2.6709444416968737
109.9787264112172 72.090497398870909 2.747700273089559
109.43475471898624 71.862218444842654 2.7888182368622609
108.88480773499818 71.648889469173355 2.8432657082076842
108.33471552268604 71.450720665561946 2.9384031903922114
107.79472335068812 71.267076495951713 3.1004423647678223
107.24367704139415 71.132518206199435 3.2689677927202134
106.67635277069257 71.030382541262981 3.4120954880866066
106.13077757580089 70.914423239785222 3.6031910916726626
105.61634127232031 70.789289075241555 3.8805916062519117
105.13784901127194 70.69927917206239 4.2206588478670062
104.73177988467421 70.676105199512406 4.6527380184953016
104.36386502294188 70.682462376140961 5.120092778477412
104.03254177130408 70.704390005680438 5.6114511657987682
103.74856042808715 70.781656293225652 6.1239912653845563
103.51763478654722 70.950478780381218 6.6503292395571902
103.37420820970536 71.104257237553497 7.2100251337480286
103.3970661145199 71.163107876886485 7.8017989470274598
103.53356962135979 71.184353935656603 8.3897337897738531
103.7228678684877 71.134621008135795 8.9462453689899597
103.98028495081043 71.013259845556377 9.4665202716520831
104.24830420232553 70.897728320580853 9.9839112393171678
104.51778861708836 70.784096159949982 10.497404680042157
104.83606434518958 70.624449083718403 10.970861341422513
105.12626703449506 70.426753190336314 11.449832152454301
105.34793014720876 70.185871728662178 11.944362087051218
105.58626057847749 69.885585055700645 12.395580645901216
105.82945111121354 69.567895042387434 12.832009101376579
106.05173718849336 69.248588513293342 13.278567788186189
106.25915439425339 68.902312011931741 13.712964335729332
106.4073407111908 68.511272530557065 14.132327654502824
106.50663771248037 68.103869935570245 14.552570588343718
106.56672019524711 67.691314299758474 14.97402938355993
106.55884021167661 67.236024253409454 15.354671208950043
106.46897689396164 66.755518280521073 15.6973022624028
106.30381925113868 66.260911534878872 15.981608406524314
106.07611132460333 65.763859096498123 16.2110690209512
105.81775272970864 65.282626007412176 16.439860757859552
105.53358153853097 64.821041974889539 16.680515212094214
105.19626809238301 64.381485110588102 16.890101614476269
104.80705858586407 63.964438558692663 17.054309444159056
104.39090012833749 63.572173133362263 17.210078646039992
103.95420855420268 63.197919190697775 17.347786824316955
103.51039013468666 62.818281192199876 17.441666584298915
103.05489476320577 62.45183666905443 17.551347924875603
102.59941025734979 62.118608394512322 17.730495945239774
102.16208681527293 61.828407509643569 18.008290010415482
101.70286890722936 61.573650081104411 18.282051249540629
101.22765577156461 61.339463752889181 18.545373860041572
100.75840565118727 61.100969080569669 18.8176364962093
100.3056000732075 60.865124730412859 19.115931737697547
99.873597797694174 60.655017338778997 19.46454022078564
99.437087665121751 60.501837439686604 19.838532464438181
99.039312919868848 60.418132191721085 20.268492617115104
98.693097863186196 60.378008495340467 20.750739365870714
98.393069512439993 60.368988571064598 21.261529740993485
98.140015853687459 60.354641677061004 21.795910129934803
97.918050977342631 60.333937185211653 22.345817127118945
97.7202856762636 60.35895888962802 22.903904319701006
97.591615651556879 60.416233442631977 23.479439280971473
97.525135182881584 60.457647124673599 24.069859109968441
97.526083005864507 60.497094190340988 24.66060843552296
97.602422108892725 60.577613542692724 25.24281588193778
97.685761819876788 60.665278983541484 25.82367380055846
97.759309065036206 60.788917779237245 26.396962488796955
97.843900029064017 60.962875195231327 26.957367038900006
97.96658159376706 61.132383927853191 27.511558971295162
98.118787088399017 61.33686996242524 28.047276791900895
98.215415738001127 61.591311085376013 28.572992719210884
98.223262874285524 61.888156628349591 29.093357554678981
98.289362955395447 62.24659005433216 29.557585504736675
98.454382939811239 62.673416398937576 29.943712192209844
98.541480318037557 63.149867088283614 30.284347599701711
98.599511308176886 63.662164921516897 30.578960224601641
98.684417350693309 64.199897508823483 30.813566732583837
98.722530198876044 64.767167676379529 30.988684974979325
98.777479218011251 65.347173361603552 31.095901915843921
98.880106877459781 65.929785506156193 31.134518897173123
98.998631794673386 66.504125387824359 31.216560404267351
99.148318392190532 67.075406340913787 31.249993101030821
99.321894036013958 67.644472650920903 31.193932841568255
99.588903171213445 68.163321076933769 31.113812068545975
99.897018631556875 68.66329497638884 31.014694165640616
100.24394574775459 69.132736696657446 30.9089513427211
100.68682488084893 69.527156994790232 30.839402008929429
101.16660154234151 69.872847567804399 30.880166100892218
101.6446806238195 70.218989570553404 30.941783046912416
102.1277418471263 70.563727548474617 30.960625309120424
102.66703904015613 70.805950190359368 30.964640741798632
103.22792330475893 71.013925125043613 30.961014982408308
103.74367204509075 71.29242506669901 31.037840849232904
104.22452190773646 71.590391836351458 31.227716183359121
104.71574361750223 71.831957767407218 31.463291149518824
105.18431292917536 72.018095835870966 31.773180830872604
105.59758106900726 72.181802676210921 32.169794859569429
105.94997730974485 72.36478885349355 32.613208871975061
106.24247873039511 72.595599001457146 33.07006961915878
106.47647094656736 72.903770374645774 33.505437649699502
