#spline3d 5 120 5 120
59.771112807579833 87.569074598021061 3.4324748128318325
60.10745714092517 87.209593705152457 3.6770531819803107
60.463575250981066 86.873518679937447 3.9083642097482945
60.83778092599124 86.558182603187817 4.1253019547839065
61.228388010086952 86.260918521968009 4.3267600156418009
61.633710083582564 85.979060393559294 4.5116369241393128
62.052061683978415 85.709956474092081 4.6788784676911828
62.481749644887209 85.451005336239177 4.8276648282502741
62.92105671315845 85.199672098168961 4.9575810986686761
63.368221123396616 84.953523071836088 5.0688987820247142
63.821435364405446 84.710270965806998 5.1627915704325336
64.278931646614481 84.467930454802584 5.2414153230024647
64.739092743449973 84.224947651641358 5.3076830030332882
65.200592917177019 83.980394526332617 5.3650872551240623
65.66250777816974 83.734066207132415 5.4173290042797513
66.124298362239813 83.486356384245596 5.4679260448537503
66.585674002930546 83.237962430595047 5.5199793963584423
67.046478129183654 82.989630196235083 5.5759713835371487
67.506551082677248 82.741871552152787 5.6376435113087817
67.965646052969717 82.494794758652503 5.7060115279227075
68.423434526104529 82.248130301222048 5.7815165378430944
68.879548228182855 82.001303493504068 5.8641344371679258
69.333664408560338 81.753591082105387 5.9535226153179837
69.785606523706278 81.504342068517076 6.0492198936685648
70.235385611429336 81.253146301339839 6.150849734360559
70.683202020797395 80.999960060635146 6.258315579630219
71.129393856278412 80.745214433364239 6.3720496480362181
71.574254576895271 80.489783769386335 6.4932281813357715
72.017788255132501 80.234815762486818 6.6238353968624928
72.45946959721276 79.981531842166646 6.7666461405239033
72.897918746736067 79.730979411804228 6.925182948918045
73.33069731928957 79.48380873851039 7.1034172533036992
73.754336655983778 79.240248230050952 7.3053650736203961
74.164524645269481 79.000210498419378 7.5347251415999414
74.556313526583466 78.763467242768897 7.7944458791154121
74.924595438629353 78.529966161169526 8.086388841848958
75.26459349564297 78.300097210648275 8.4111871560813185
75.572217102671104 78.074804979455635 8.768326219090083
75.844537563783291 77.855715611683166 9.156103809813116
76.080095436310401 77.645027779524625 9.57187778497895
76.279082088598031 77.445277357910129 10.01234051058719
76.443176666019696 77.259081924440252 10.473831608794121
76.575609223325912 77.088871851469165 10.952581755755078
76.680766272613496 76.936561315539791 11.445015032681297
76.763625520827901 76.803107507992522 11.947942732498921
76.829146678902347 76.688300761337558 12.458578508578885
76.881633299213888 76.590231009518263 12.974590135642114
76.924137898743567 76.505057427538361 13.49397654982033
76.958187152090218 76.426978641073859 14.014890405850451
76.984081788880474 76.348771348571546 14.535471883110677
77.001067498987283 76.26212465760517 15.05369477058067
77.007941501898571 76.158462096041347 15.567230823297841
77.00363196915994 76.029792853420062 16.073359611506092
76.987501754307345 75.86920719749763 16.568991984727749
76.959570762416035 75.671473141453816 17.050634282809089
76.920486780992846 75.433355193475123 17.514423616613314
76.871262898652105 75.153736857439043 17.956161650246518
76.812970434864084 74.833284959503075 18.371404090893051
76.746485296448341 74.474359691897845 18.755525783450551
76.672229624266663 74.080706083513292 19.103858161231656
76.58999517592612 73.657072618619836 19.411917354194721
76.498992715959986 73.208780322711661 19.67562284517534
76.397995063966718 72.741376444554305 19.891569971959871
76.285731683446997 72.260184227278899 20.057372047432789
76.161590256732495 71.769793715834481 20.172039995572625
76.026186799158737 71.273764094837162 20.236180009765928
75.881874366511767 70.774396701079468 20.252222284071728
75.733266328472638 70.272570201568769 20.224670499368141
75.587364430342873 69.767929263378846 20.160082460731651
75.453144078201689 69.259400403100273 20.066797319010789
75.340982903958817 68.745779493687124 19.954654061082124
75.261884162078431 68.226533020189493 19.834722149647561
75.22626571160923 67.702752954411821 19.71875664454263
75.242917901535591 67.177817072771774 19.618629221193256
75.318329527411066 66.657658828682798 19.545812132908836
75.45580824792782 66.151154432461439 19.510673814278913
75.655149168807185 65.669763922725437 19.521684561218539
75.91265440128565 65.226658867940714 19.584653745442996
76.221653712847711 64.835652665147663 19.702466885625999
76.572629157360538 64.510029593074179 19.87434787575615
76.954141105133203 64.261113369999777 20.095924755531051
77.3538631550677 64.097007639666828 20.359698398134597
77.759533290900663 64.022359113196842 20.656153850758464
78.159880844278547 64.037479242700471 20.974586708134506
78.545442499159634 64.138479982999158 21.304577515729523
78.909076849284816 64.317684751149585 21.637287038113858
79.24578070692931 64.564797808664096 21.965906000630643
79.552848534019518 64.867609133812635 22.286198563316169
79.829467352107969 65.213461223320323 22.596212048411196
80.076255603746631 65.590736145943396 22.895486251177747
80.294685574606589 65.98967088666187 23.184119124590918
80.486755644298697 66.403128756134464 23.462125174688097
80.654598953554242 66.826841781977933 23.728938812458669
80.800189527515016 67.259050858982874 23.983492675156981
80.925206972386988 67.699661701499437 24.224645642959842
81.030948101161101 68.149621721892103 24.451684405999963
81.118333880201106 68.610101938266496 24.664910332341567
81.188018380847424 69.08174575089825 24.866032347027602
81.240468120321523 69.564244596665517 25.05813113897019
81.275936516013118 70.056009493089846 25.245594449878659
81.294325679547342 70.553847118980343 25.433975045937853
81.294963736483936 71.052835600919124 25.629626207509741
81.276502122483805 71.546463742684992 25.839217744175592
81.236920023271608 72.026843817299522 26.069244500593705
81.173620832579303 72.484991004958914 26.325386746150329
81.08379753728326 72.911473371705384 26.611831317644075
80.964853938023396 73.297136929713389 26.930828881040405
80.814746152838168 73.633715964141075 27.282500226814683
80.632401473726802 73.914588048536956 27.664477061424428
80.417960321849449 74.135246653692647 28.07207291657248
80.172775397146808 74.293354648028853 28.49866932992909
79.899186733661836 74.38839735563883 28.936254349773744
79.600380204609039 74.421524864091268 29.375715395470579
79.279998823794543 74.395004338136673 29.807306384160221
78.941872152459936 74.311808338795288 30.220913237131985
78.589873614178828 74.175271363474138 30.606245585307679
78.227867838044418 73.988910597414176 30.952929442059414
77.859709733561871 73.756275210830154 31.250578615102597
77.489254019848644 73.480918391212768 31.488805590247654
77.120355349452907 73.166392894191574 31.657223006294014
