#spline3d 5 120 5 120
128.65571350608494 109.91914575320332 1.9094510523964683
129.0848406780691 109.73821585174446 2.5356264297511761
129.36503797468021 109.55752679223492 3.2011968052424313
129.54434926659761 109.37516563855573 3.8925966237436169
129.66951391312136 109.19688779655701 4.5986368674345819
129.79831551678313 108.992596307398 5.2964525223335377
129.90583538956756 108.67726391463772 5.956653476387423
129.9301262172801 108.37398673547496 6.6329381271095302
129.91102733897884 107.9791189464548 7.2543683946545059
129.85609116380505 107.56200994815515 7.8636321987084816
129.78786323029004 107.14520966869109 8.4648251093231206
129.76368559518127 106.68084773385078 9.0416764779337147
129.62629346428986 106.21958884361584 9.6118226938722895
129.3483881022878 105.66354502697399 10.016612386365582
129.11660583341745 105.09851402110348 10.439880525547789
128.78337491329015 104.51623958224084 10.742431927512524
128.41827775226488 103.94646806592078 11.04196142177766
128.09342853797284 103.35530065773304 11.34290354214566
127.68172565514449 102.80636348476339 11.605840863365572
127.23936360437607 102.30099147708721 11.940550973839974
126.69883890500263 101.81881848468544 12.07930460639462
126.1124250615831 101.37843390292491 12.18555451543055
125.5615425743524 100.90287514341719 12.311419549045365
124.93056626687465 100.51042095562147 12.292982974270394
124.2814085924791 100.15746764416302 12.311151880020809
123.6719537432127 99.762210410420181 12.451192776285092
123.05149414917089 99.395037921894442 12.606405950823342
122.4435973353765 98.988252064570531 12.714133920998046
121.81993380842528 98.597638080677655 12.760690268922788
121.16155671506759 98.26022248796653 12.738652325743761
120.50042485556924 97.93598433493915 12.740043709675373
119.81328081003886 97.660501779789598 12.757782484246828
119.15600401192896 97.348259833809806 12.899394936153239
118.55694711637595 96.967538164137622 13.105598178537221
117.9274822731341 96.623603158112488 13.276372527612464
117.27401432206341 96.323426637252624 13.448701268362688
116.65659230922572 96.01957183255432 13.718363132760786
116.07251172709607 95.720403048340827 14.062833511691032
115.57090346024013 95.381124508366653 14.485537337727306
115.12981385333319 94.992382679756929 14.932516193961064
114.6624369234366 94.631494559282842 15.376529719133956
114.30494211911352 94.218088965669295 15.874962225228554
113.86926806340557 93.843738876779128 16.341979718181626
113.51860484276968 93.475326412111741 16.874977073461782
113.23712681111434 93.140615907806179 17.474552461263105
112.94778145564425 92.836648780159138 18.076849473394866
112.7501903019251 92.503145104064856 18.718052472570079
112.74777178379522 92.133567056781459 19.356980318064593
112.73375171588857 91.744884115175509 19.985098322217983
112.72368187307033 91.369593558467017 20.618637650366487
112.75363219409931 91.005522349882369 21.259795332364217
112.68439663129071 90.66738871561823 21.920484243893636
112.73569966720196 90.478544024493985 22.630990607073326
112.74878622095744 90.255835432279156 23.342047027423916
112.64575902264328 90.117635796677177 24.056280858593333
112.5538342851073 90.131722111614252 24.800928667955983
112.38172234254419 90.048280728984807 25.515838074764044
111.97975577993411 89.793764262613919 26.109696219247159
111.55960291383953 89.510072333096318 26.637975450282113
111.10118461816688 89.170958335872513 27.10568487967862
110.61135069295329 88.890777032596702 27.589052801644726
110.08860306324611 88.465388946126026 27.923168668852007
109.66336306107543 87.874960600767807 28.08755738560437
109.22453648320366 87.260292141998519 28.107950063254581
108.92431053945627 86.608340344856543 27.909455559749674
108.72825592583789 85.995237291357071 27.511837500475711
108.61032733288243 85.446649707908634 27.038535462778906
108.68686290226999 84.962140347627781 26.470817823405852
108.83563977965706 84.510439519901709 25.898963045591689
109.20364725951745 84.173438190882038 25.345748318540736
109.66640451564584 83.881208888029732 24.837925320947683
110.09219807239145 83.767921953410394 24.243716414099062
110.62208202496601 83.688830324173935 23.72759071110946
111.23414015055074 83.578338167655915 23.323853522945711
111.89923926944627 83.490818715042252 23.014919069519642
112.60292002335363 83.414320038901892 22.785901275780738
113.30377703154983 83.540126591524228 22.564765970437385
114.02303002772523 83.649131763680572 22.434206826366143
114.74132951576392 83.436054195434835 22.318855895970948
115.41816015577376 83.131561711615632 22.257236336809154
115.97363923745436 82.638742364478048 22.221734739835021
116.41775332815425 82.038635438410495 22.273421088571112
116.76443993876396 81.383024488618233 22.310957021140304
116.85367073396259 80.632556849749633 22.257332851865083
116.86991278137997 79.918905946818825 22.426676392378596
116.90009912890945 79.169184752683009 22.551586049344635
116.63252077667889 78.519086555297193 22.791482028580361
116.22998915825316 77.965074677689714 23.110477329212706
115.76380790359902 77.454071838432242 23.343919362227268
115.23925660641669 77.036286517885813 23.681720112243816
114.70355007803639 76.769656694164226 24.119743912145776
114.11779562720807 76.632956416113458 24.559613304642799
113.49614388024131 76.628374563799539 24.959838797371351
112.87975919362731 76.70805209060704 25.362027223680357
112.30703079539569 76.663250370583668 25.828490931695079
111.71016489682789 76.735296258371818 26.262458885663683
111.14807977165846 76.957681775809988 26.698139684708107
110.59887105452613 77.295355608641799 27.059748045141536
110.10673053677793 77.643617154548579 27.48764248706787
109.72807986461734 77.994769262042979 28.022433259601115
109.39063151805279 78.392120422761124 28.556051617831791
109.29825420306305 78.971862919469999 29.021681494331901
109.25039149316257 79.480288559017978 29.566578152982732
109.39805038035362 80.003295862048134 30.064551336456294
109.64124888085877 80.477028738866224 30.589947473193021
109.97851506609632 80.874367381325825 31.108831238575654
110.39517498170612 81.211545038108696 31.62189411242203
110.79991480893831 81.529808414277028 32.147077961509616
111.16017148451859 81.890219220394172 32.684427475698783
111.56883873158056 82.237763518780184 33.189933053475642
112.08237822887196 82.544551964131685 33.628865938526978
112.54380544467234 82.935425238284793 34.053350873233256
113.07349515986408 83.300013058120442 34.413382410584447
113.57332038342079 83.696976715579964 34.793602499119942
114.05404711620874 83.952745160274034 35.300194426926936
114.52665848208629 84.100583859982564 35.850698304998289
115.06233445533456 84.247532410939584 36.336306544186982
115.62116122344062 84.438390673879667 36.780604571013484
116.14586991291543 84.729452872235896 37.217617436209594
116.58432288304448 85.16628620255733 37.681054535541762
