#spline3d 5 121 5 121
74.209625675452969 116.32643305643795 1.9217723339389283
74.209261030207244 115.86864590032627 2.5471789523299204
74.031937419077451 115.74206104533793 3.1450188135851849
73.780570153623174 115.75806997399283 3.7315035349759871
73.573556042181195 115.70574092818967 4.3266258286370833
73.417386563066472 115.5374576481908 4.9226670600217712
73.163645521627089 115.38653215364906 5.4826208749053356
72.921278608292255 115.25089119677897 6.0516395058065262
72.710529898473581 115.02938049102329 6.6079693625538534
72.403701080575686 114.85076509899397 7.1355923704500892
72.143987820168434 114.63467497428269 7.6684978509174009
71.95560844665421 114.34680125927548 8.2044427786535259
71.740204284617306 114.01153476128198 8.6995254091364611
71.431946617222934 113.66785151221485 9.1331801829120689
71.062006448589031 113.29042453873215 9.4970722537501349
70.799560712320925 112.79332047175298 9.7919385009360553
70.631803604117977 112.24914810593411 10.080323540692282
70.543372969200902 111.6991738117689 10.381465988645127
70.553398431343325 111.15671939085178 10.718673601307939
70.57102707545107 110.72031711870264 11.182630856067918
70.647310000711542 110.32392052481063 11.67183289703844
70.795552698358122 109.91396173323319 12.135982032704804
71.013999844941594 109.48489091291539 12.544941996664807
71.311573259570096 109.06601749650926 12.91676948918272
71.596014684111864 108.61767227712248 13.281410072729978
72.074474237624358 108.22542818388035 13.456016841324443
72.52287979315588 107.77542662416032 13.512489636570614
72.909532342849346 107.272894478773 13.502065777648653
73.35251223894474 106.82070862435448 13.460778338788156
73.82381236560839 106.40728898299405 13.357975220624926
74.324918048660436 106.04476326343575 13.218365530674149
74.856057161672368 105.74168560922882 13.05363742201274
75.372156341061 105.41561842949167 12.886422139935719
75.899098856078808 105.09132767665184 12.745171922875507
76.453482449885513 104.85395136316812 12.549087468449613
76.978208108099437 104.58358154608982 12.31977318275071
77.47706213593483 104.26619896295094 12.091126187691062
77.957126782974598 103.9465030621279 11.828375269142414
78.439235090932627 103.66289403715473 11.533532885270793
78.949905437687718 103.43006361164348 11.236504387893774
79.473495647330211 103.16017760487252 11.001363269716641
80.002080269408737 102.84120505018485 10.848929135336014
80.492872278051834 102.46498024390735 10.713722954401232
80.988156932899074 102.09589206943234 10.575753064135631
81.509111055963331 101.7684414361085 10.424495772594138
82.028493265162439 101.441983338144 10.268703257604935
82.557782260791569 101.13127634604884 10.117955583615631
83.103186129967227 100.85352846409329 9.9410843886550087
83.59712314687998 100.49255085086507 9.7824218710811
84.074252445474045 100.07221111615144 9.734907595956896
84.574766462917552 99.686213301579045 9.7137677954935526
85.042614111611968 99.260538066402518 9.6939081663362998
85.485776745726653 98.804009893253081 9.6908396828004246
85.894300379157841 98.329608466128718 9.7946892923353737
86.297456178748604 97.87328304807167 9.9724583125316553
86.691052778792127 97.42905200683532 10.201284529903226
87.068007247532563 97.041494683344112 10.531656945563295
87.396961424176737 96.673996170811165 10.93434670380551
87.603396751719586 96.209200846441547 11.317958640188662
87.77950552667744 95.820985334529567 11.786717406764215
87.917502195239223 95.461058424334396 12.293487289023345
88.044267917635764 95.169832882350107 12.839450792432794
88.181244378184999 94.914098698060599 13.402015135640456
88.208632726752697 94.574068304181267 13.94114361425409
88.194621236985952 94.336348854810836 14.530193586697457
88.222665951688796 94.17104984927002 15.141865880849016
88.269338579189792 94.030948010738157 15.757853705831605
88.329085719825514 93.893154433622954 16.372522453001046
88.460102370578426 93.744959553453299 16.974994263145419
88.549807051552833 93.628077497770434 17.590611977543233
88.633052783026685 93.514734359466033 18.208980546723588
88.72638876016471 93.317437016597438 18.801605067606449
88.792247553283687 93.075301552646152 19.393049757266347
88.820621805867773 92.72346011206244 19.915092197182631
88.820383182177068 92.264864472456566 20.361881067177418
88.822911916611218 91.783984743904298 20.779775490224939
88.790863379284644 91.202432667287056 21.043532500222927
88.745029154598754 90.573432190848237 21.157153376099203
88.719251374216896 89.938119061494646 21.182687509092524
88.628807924043798 89.316580164153493 21.082111301714377
88.550489240018038 88.720369720613007 20.874842316712879
88.53479731565406 88.149488963709985 20.594434324438932
88.391596625538114 87.613886067246071 20.288458958881112
88.24667792610046 87.093624482393665 19.956450868293302
88.132062047612223 86.553929732097799 19.642813966022008
88.0295307950867 85.974509636003475 19.406931782912416
87.954581610362098 85.371780573747714 19.226335068207771
87.881877981339059 84.779255640768369 19.012012806663044
87.754959993432564 84.212539002765538 18.760026304093582
87.582807392958102 83.671623435351236 18.470664663941982
87.508524781744057 83.129256615622722 18.16475639015821
87.397821847838756 82.562828015217548 17.879387701284283
87.276523312672765 81.973661296441719 17.674443679306453
87.284639844805824 81.338862759785698 17.723661829106558
87.311795292302094 80.697943724412937 17.848380556874702
87.418518329676488 80.137848997917743 18.126504540872215
87.641485678147518 79.717168926781696 18.552136419267253
87.9015662344014 79.301533484704237 19.0047860540224
88.234166309302296 79.19921521559607 19.526032622684149
88.628959844897736 79.340898471546879 20.043591708920239
89.035500449739658 79.527127652716146 20.480440782589955
89.373750392117557 79.833284368282136 20.920993843047839
89.695997320170008 80.163984526088669 21.361362945188095
89.964485673543322 80.535567591447929 21.792862620435848
90.191596043988923 80.941283993603406 22.226848513067868
90.3551125578728 81.367052387011398 22.669588141523739
90.402786580470476 81.779150189470144 23.150666227870627
90.399717964850907 82.179269908202286 23.643645177138307
90.338130108857754 82.61638391927869 24.097670428637901
90.199615983910476 83.029303291352264 24.562059106817657
90.006412424531504 83.349475917590539 25.075908741720365
89.79167992694758 83.592454638322579 25.622002689685672
89.527352381327717 83.877221471394591 26.122367697942561
89.194976284598965 84.09393655769513 26.616706757735809
88.884120946497518 84.305842474969879 27.125157227702374
88.60012063718402 84.579171773433757 27.62430215627808
88.268016881378287 84.766975215520404 28.128645718584522
87.866083604085134 84.906447597928889 28.60594087418653
87.493404715399834 84.949029729707391 29.114395621660261
87.212806378975415 84.787647178926392 29.699379397758946
87.091917604801665 84.326869823591551 30.407034515014516
