#spline3d 5 120 5 120
116.7894507274052 89.524112434130217 3.0193804536560411
116.96798992026145 89.427166852571787 3.7919026720712261
116.95916349128981 89.202029584906256 4.4384407472538872
116.82416055361267 88.889202216793294 4.9995323245148775
116.62513102387764 88.530152196508283 5.516658895079515
116.42117840470755 88.162094079907448 6.0268727151097359
116.19649514740067 87.760517225587577 6.5006263519491432
115.92975425953568 87.302443396146501 6.8972919193135294
115.59839874797535 86.836682304800675 7.2291288295290252
115.19166435711099 86.405229244876779 7.5208624395901484
114.77019790518359 85.944320544887219 7.7390238332072094
114.33417860166338 85.45691347086705 7.846449599028154
113.88644301785317 84.969410475337796 7.8406207468267466
113.44129487010335 84.486189637184026 7.7680382711326725
112.95923769449004 84.044299699271306 7.6913994158178998
112.4598756217305 83.615650509928031 7.6480028142785592
111.97735136891539 83.166211666455396 7.6335222214725924
111.49511864643718 82.718757992080882 7.5933695523924447
111.02754708467985 82.255314960706698 7.5389426514270594
110.54287676741707 81.810986574562151 7.4956675016869685
109.99583302501669 81.442198116787807 7.4663263790670911
109.42799802077708 81.105341823945565 7.437245549797705
108.85359733181107 80.782729283595884 7.3983987592646168
108.29305536982888 80.437490565206119 7.3788087503187647
107.76742864705564 80.0388534855514 7.4023800502140888
107.25390070665442 79.623554780853866 7.4427976391737571
106.76512783238985 79.191708713942532 7.5351969195019928
106.29487755394943 78.762642018161799 7.7090310003054654
105.80823267864648 78.372903636490491 7.9290265464528664
105.31964706632922 78.008814433995269 8.1860867891397895
104.87742997150833 77.651367985289568 8.5237337522610339
104.49870865767511 77.313629421115692 8.9498837650485576
104.16055675748312 77.01420391541437 9.4304124311628676
103.82812275404895 76.731918485333111 9.9247835755591645
103.52035518772676 76.438172838666119 10.433871373481697
103.31087362816642 76.1429991400109 10.988104081283232
103.2313977388861 75.895733080264662 11.595414090711195
103.1665129191495 75.687794257146777 12.219863933917042
103.06424810756667 75.519225533594152 12.852390621182295
102.97795288954278 75.435137976779515 13.500928748243505
102.95990124158621 75.467488947922689 14.161628344732213
102.99576233563926 75.519170265337578 14.819720054854969
103.01066709059195 75.54433890702704 15.477606072592389
103.00476710882937 75.545199386154792 16.139704745512912
103.0790157288647 75.54669478097297 16.794557451112809
103.26069043763823 75.589718844691888 17.430449562815845
103.42054596901558 75.667391520199189 18.066205548524543
103.50455969878752 75.763953686596068 18.713368670797486
103.56859208770895 75.890351689896178 19.358807361771884
103.64772156075628 76.062428650464426 19.99075580972951
103.71429965465349 76.289908879277249 20.606707948969387
103.70327548238092 76.543411499095953 21.219166393043356
103.60323670760525 76.765880570970424 21.835134109803015
103.40716252454497 76.907347050878471 22.449545940596362
103.15502362064186 76.973753274118394 23.061958950855466
102.87970407110546 76.953651481555724 23.663424177686927
102.56218533978435 76.81185725981706 24.225416183229598
102.22716546719371 76.585275107152469 24.752984200028408
101.91666657362259 76.287621853954661 25.254014113569568
101.66118271781129 75.899926248355285 25.724943313257715
101.47539324259631 75.439559846061115 26.164584178548168
101.3503684636981 74.91321146016665 26.547717678924315
101.24728907463884 74.330851640464431 26.841565280762218
101.1589390148952 73.696410055902817 27.024350713520086
101.11901868897056 73.036212337898775 27.087535834868945
101.13728280487337 72.381132534944442 26.975134690899555
101.16124776522456 71.755438333142735 26.738013653764192
101.23407758384724 71.192711554354176 26.403547455531548
101.34831738071186 70.672261002874464 26.013020549681393
101.42662856252154 70.140017059505354 25.632646056649314
101.48398578217619 69.601844181474419 25.256129944658493
101.58160863388356 69.076089425046945 24.865228736599345
101.77637716137458 68.571992592972364 24.482323097098661
102.09043029931692 68.080363073071453 24.165842570620988
102.47164737209101 67.584565834660751 23.945071439388318
102.88522806348384 67.105341418635248 23.766847062815145
103.34024542931269 66.669733816662983 23.558198953894326
103.79767902170526 66.218409647366983 23.388665231156764
104.1725538372124 65.674504772332952 23.407018785286482
104.47160569594136 65.09851282767778 23.605289486082359
104.73253237779474 64.574205085065742 23.911237255620431
104.93982379872489 64.094082542477096 24.312500011553563
105.06551922415615 63.607023102312702 24.743795561430343
105.07849341313043 63.121738478893086 25.194720087470181
104.96792441145472 62.68633308735231 25.69541905230798
104.7174175609189 62.373224469074366 26.225922872804805
104.31023639351517 62.211167263607017 26.734069629745406
103.84102704500457 62.166847893619142 27.200767284470817
103.34556526590676 62.226725157856258 27.635978842024656
102.84137291244855 62.371283022440906 28.036850833023404
102.33477080158426 62.586587669533614 28.396084361743174
101.82640269758348 62.801775419424331 28.767097561967212
101.3821387983876 63.030874719330185 29.211392056122033
101.11819825576998 63.374050540620033 29.713404985170076
101.00068814942915 63.837372309304094 30.185841444944565
100.90278900898876 64.330972851767484 30.611044152243142
100.75982456554082 64.823484980271672 31.023426408429508
100.59856106328613 65.302445963608719 31.455227896877506
100.50882296634488 65.717013470186686 31.95688249680649
100.51352016453684 66.072921326644888 32.517732043815407
100.57700032113959 66.456470685738168 33.057135619108756
100.77452239516107 66.854310419754739 33.552701591183407
101.11918980273103 67.251182645410239 33.959756667219487
101.5508837745578 67.660160092667084 34.253182492328236
102.004244917058 68.06811016037652 34.506651332169291
102.48081472457984 68.452386591338623 34.751489624307624
102.99811480542186 68.812556810676327 34.948194068160177
103.54698418388202 69.147901104653641 35.09060868441118
104.13955189469065 69.429797702628065 35.198682727938035
104.76893685742866 69.629544531816379 35.297865537021551
105.41253053400823 69.634547350093015 35.417080256413122
106.05532584093031 69.509774934127478 35.538500844771221
106.69642706318949 69.398056191157309 35.653915270287222
107.34317321040697 69.294727784189902 35.744867043487261
107.97470163689346 69.107423571355881 35.739558616973234
108.5634828043936 68.809142331934879 35.650656304848781
109.10408262542535 68.438498025967903 35.55637473987116
109.61644252922115 68.032153887548844 35.472412493658318
110.11413169969066 67.613518496198381 35.408843387048151
110.61172682250856 67.207759014653504 35.376023905195922
