#spline3d 5 120 5 120
120.70513794278087 93.150206225207782 1.0892754722992464
120.38107858049983 92.989416196235283 1.6783415778392203
120.03785103075812 92.777989692776018 2.1761043649853162
119.67637753459518 92.523660499655364 2.5900840533869411
119.29758032088959 92.234162526420349 2.9278006649378887
118.90238171999572 91.917227856003137 3.1967762687822248
118.49170369919059 91.580557066381573 3.404545147781008
118.06646532847684 91.231708479870946 3.5586463142960403
117.62759063475836 90.877861344294629 3.6665586711157969
117.1760566803208 90.525443257330437 3.7355631212550611
116.71300644657828 90.179653525114063 3.7725505522846228
116.23991638269132 89.843972460154291 3.7838174217682412
115.75876248905202 89.519773148509032 3.77489062515928
115.27209126129682 89.206194369810007 3.7504337965560381
114.78291761342159 88.900372414845251 3.7142396373536353
114.29442410746294 88.598048561972462 3.6692703297925489
113.8095180345035 88.29443524331316 3.6176918266772811
113.3303418304031 87.985164807618204 3.5608876726293777
112.85791050596711 87.66706011092252 3.499539376685461
112.39183981282017 87.338742877361952 3.4337776701096976
111.93031449811993 87.000925243212038 3.363541624356682
111.47029295630639 86.656391024997163 3.2891467805444963
111.0079276879874 86.309720485675655 3.2120155465825708
110.53915464338473 85.966831999392852 3.1354370078855265
110.06039644959662 85.634402036018912 3.0651568685447881
109.56930703021825 85.319221688800269 3.0095792499825911
109.06546466350471 85.027547705083379 2.9794106119865829
108.55090477487215 84.76451667041735 2.9867112636634952
108.03038164515037 84.533691665704964 3.0434995552662203
107.51129292745374 84.336778933264782 3.1602028435059926
107.00326811288873 84.173512815776121 3.3443109496613919
106.51748846076204 84.041656994812158 3.5994600794691123
106.06583561797903 83.937160379139968 3.9251887326975088
105.65999811577207 83.854368747654448 4.3170100072121871
105.31051502787942 83.786494328303348 4.7670007653581337
105.02588401828045 83.726325288416987 5.2646902831661597
104.8118664229264 83.667096141293712 5.7981517593278173
104.67103754555846 83.603359715902485 6.3551670299321046
104.6027233992332 83.531597486918145 6.9243316443196345
104.60310996405605 83.450505704510874 7.4960295172331808
104.66559354912967 83.360781038833025 8.0631350746736157
104.7811711561225 83.264539208533478 8.6213904891627973
104.93886897806269 83.164534377553721 9.1694405982822857
105.12624888098493 83.063381258515847 9.7085171906031249
105.33002785737774 82.96287187633196 10.241838584460497
105.53681349216102 82.863424542503566 10.773738483884474
105.7338396799674 82.76370732612547 11.308650901278977
105.90958652062038 82.660458397674788 11.850104733834732
106.05431059976139 82.548453962979735 12.399733291759382
106.16036115240991 82.420786084376715 12.956461178910176
106.22226032643134 82.269423786193741 13.515978207505707
106.23654461890789 82.086053468640742 14.070586554670756
106.20148257527327 81.86310879635063 14.609452845429139
106.11687823614939 81.59484093852825 15.119267770897325
105.98415664790009 81.278225362786714 15.585251260114623
105.80676578155212 80.91352125508007 15.992389792507719
105.59071663853415 80.504353796405169 16.326757561651338
105.34500173920374 80.057333155246255 16.576775141722198
105.08162694260098 79.581264787065336 16.734296524941985
104.8151327050002 79.086129929094213 16.795411786908492
104.56159443228796 78.581977935656369 16.760933937892229
104.33722992437256 78.077937171308619 16.636343131274504
104.15684557031791 77.58138620211426 16.4315488725364
104.03226475403588 77.097353020488072 16.160219398718951
103.97119367192447 76.628217213053901 15.838839962072218
103.97668443758221 76.173648083156863 15.485670988824948
104.04734050761132 75.730859329187652 15.119579699807103
104.17804442929666 75.295137612017044 14.758858700997173
104.36099155113537 74.860621476980356 14.420085789624038
104.58670033262422 74.421178396466217 14.117194096773375
104.8447837308194 73.971228213144428 13.860890235995482
105.12441128464727 73.506406518373396 13.658519882758641
105.41452072487135 73.024032246689472 13.514403873513567
105.70389130839308 72.523401763371695 13.43054321529816
105.98122691167677 72.005965716840052 13.407523043385121
106.23539118700047 71.475448469296282 13.44536535823454
106.45581736578028 70.937847843275932 13.544075141211083
106.63309673090914 70.401466220018207 13.703761372522793
106.75956611840391 69.876664647250095 13.924277820938501
106.82972789386127 69.37536087875462 14.204481501077833
106.84037416400378 68.910229375799176 14.541336255447142
106.79040737332488 68.493681375116026 14.929110830993524
106.68041638040781 68.136745581477911 15.358917856986041
106.51217120367441 67.848010677814685 15.818755176097469
106.28819826249872 67.632825190188797 16.294160463797571
106.01155991762279 67.49287231187698 16.769407772232817
105.68586444343379 67.426197619333834 17.229140583170235
105.31546785575391 67.427681998196562 17.660164037439749
104.90578106490514 67.489863969302348 18.05312335605494
104.46356913788601 67.603964442662729 18.403775386532072
103.99708082354135 67.760900924178571 18.713502456379402
103.51595379790734 67.952101392219049 18.989092694082842
103.0308604323359 68.170079426765966 19.24178913735523
102.55289493238082 68.40870957532573 19.485589365375702
102.09284574811629 68.663265899051126 19.735187641990652
101.66049815000173 68.930328118318727 20.003938458798554
101.26410442670982 69.207627851382455 20.302208538851428
100.91007701609256 69.493907312824987 20.636303197767955
100.60293852298828 69.788800535449127 21.0080563415958
100.34548884279577 70.092748082586979 21.414998923679494
100.13913352681845 70.406909542347393 21.850966976471078
99.98431298741616 70.732999093910649 22.307029846695233
99.880954243196641 71.072985365655924 22.772616647258364
99.828843471903156 71.428652788890304 23.236672918815461
99.82783784976175 71.801070841919454 23.688732687947304
99.877897790293503 72.190096807421014 24.119742868825661
99.97900347633059 72.593916887221766 24.522702524911274
100.13102269978884 73.008822686273419 24.892948296223853
100.33360242553245 73.429242842215459 25.228131969390439
100.58609301774899 73.84802845524105 25.527940815189581
100.88748588530621 74.256927109314717 25.793654246807193
101.23635083721283 74.647147956852592 26.027632015857503
101.63077150940617 75.009914062030518 26.232814458407713
102.0683234422894 75.3368610928636 26.412327346499129
102.54614597700007 75.620178403895963 26.569253052854926
103.06108418781727 75.852514678989081 26.706567665007753
103.60983777177083 76.026774327996463 26.827176340101495
104.18906275104935 76.135944555517966 26.93396136397914
104.79541134865897 76.173020226006713 27.029802975043562
105.42553610180376 76.130995555713056 27.117581585229519
