#spline3d 5 120 5 120
64.733054466478293 84.030975034032409 0.40922321514703663
65.120493158291694 83.508325166769737 0.65002567167491443
65.529006172925733 83.00903005502947 0.83251510955682995
65.956127243132798 82.529975375882771 0.96314496665409133
66.399390036459465 82.068046764326908 1.0483685540679033
66.856329138018353 81.620130516803954 1.0946404194231691
67.324496224198896 81.183127150814059 1.1084257361528986
67.801517862808879 80.754008156988888 1.096201449862314
68.285203835859008 80.329941723516853 1.0644277489407952
68.773687179108521 79.908497087249671 1.0195001883360184
69.26551002171955 79.487841732302542 0.96771540081390905
69.75963948887231 79.066912441543707 0.91526305032648625
70.255384519826094 78.645523916003583 0.86826044113398704
70.752201172809919 78.224338226605539 0.83283711845262864
71.249447588777784 77.804711732162573 0.81521559413639388
71.746152171980341 77.388433966864085 0.8217129437483095
72.240866139729491 76.977400524708912 0.85858493012947068
72.731675957760743 76.573312633345395 0.93174282257542551
73.216303713707944 76.177410236167034 1.0463106195590457
73.692394366918947 75.790351890265242 1.206139393962858
74.157900531562447 75.412330054682883 1.4133977233449626
74.611453219250492 75.043429782770161 1.6683691097982833
75.052554769287269 74.684174673003994 1.9695176476797163
75.481415528509288 74.336048821936942 2.3139098506462861
75.898532116895566 74.001990552541656 2.6977358724728511
76.303990818207609 73.686742434097198 3.1169637653488644
76.696727146759017 73.396900395556031 3.5678882984138274
77.07401913794871 73.140605636227335 4.047372691438432
77.431399505344302 72.926862865487536 4.5527461549238932
77.763064370956741 72.764547786580209 5.0814730242358683
78.062615550535469 72.661355158532814 5.6308267825192715
78.323973545366798 72.622589800893948 6.1976614814360476
78.542402592929477 72.650118021838239 6.7784087849649364
78.71533527296782 72.74164996772933 7.3693121537585116
78.842795115714267 72.890563997396725 7.966821041698287
78.927360249889361 73.086349910803108 8.5680285604482407
78.973582147874907 73.315896435126717 9.1708924436078298
78.987396912013622 73.565017639381139 9.7743144401109632
78.975372311931352 73.820537626122203 10.377903678859045
78.944153594520813 74.072276676239866 10.98154448498506
78.900185879230477 74.314489433015552 11.584946859466584
78.849684965215459 74.54645197445268 12.187347432491745
78.798761867360284 74.771901612046648 12.787489496539951
78.753596641164066 74.997723402756392 13.383847245482587
78.720609940152528 75.232041666247852 13.975052808994288
78.706528606833743 75.481824332729175 14.560422158151045
78.718246154845005 75.750697100476089 15.140355042710853
78.76244862761132 76.037358495797847 15.716440826178161
78.844974205383792 76.334737562319745 16.291155275285195
78.970186094774164 76.630459620198266 16.867181481730878
79.140134872739623 76.907376373789162 17.44648618655992
79.353889425083779 77.145258060488089 18.029183471351615
79.607062752011529 77.322879924667347 18.612497633632078
79.891686125654999 77.420304662294143 19.190072368678003
80.196556726985378 77.421108020252262 19.75179711484035
80.508187122149138 77.314009139995306 20.284384383373524
80.811968428600309 77.094200789231849 20.772325437016498
81.093593871208199 76.764200206589067 21.199423227407088
81.340370545371258 76.333642674458901 21.550729812853831
81.542126219412751 75.818323335179784 21.81449362365273
81.691579010050532 75.238332805368529 21.98377177387048
81.784222903998582 74.61567086122399 22.057289235437693
81.817977957875897 73.971906294672195 22.039465265525571
81.792955059910639 73.325981667155261 21.940157953037929
81.711119037240692 72.692550318528134 21.773465879869441
81.576030396685397 72.081107224168662 21.556196290299184
81.392572751350059 71.49593643160047 21.306151271465854
81.166605022933993 70.936740691545936 21.040459912140189
80.904485408943529 70.399933178307109 20.774404754695887
80.612592139236568 69.879775109634366 20.520446772234919
80.296840033694707 69.369761467847809 20.287841503745447
79.962429239928952 68.863678034369769 20.082823070289628
79.61391489656971 68.356241033512518 19.909253211008409
79.255624906018411 67.843320576776406 19.769544535869397
78.892292256940053 67.32184347099178 19.665612667460096
78.529694830969277 66.7896329247355 19.599636777169412
78.175193288685065 66.245340751418127 19.574640168339069
77.837820006420742 65.688569416806644 19.594717649064002
77.527886537438206 65.120313112031226 19.664872527885667
77.256188170930812 64.543521420757344 19.790444806598156
77.033091392901028 63.963636617273508 19.97621452230964
76.867806417560644 63.388732018263312 20.225456709526689
76.767713974893866 62.82962761351434 20.538816147426861
76.737984156876806 62.29947112402656 20.91343722174776
76.781395911605557 61.813032902433797 21.342486351360197
76.898335248593185 61.385723149055721 21.815231094909837
77.086839775758193 61.032358915933052 22.31765349166508
77.342777812144462 60.765957056897832 22.833636895541147
77.659850662832 60.5964774589469 23.346314965866259
78.029638834772825 60.529766348417276 23.839810717746669
78.441711799502002 60.566946406675221 24.301005183152142
78.883892498387567 60.704415736636797 24.720917530591397
79.342696066629358 60.934397585892256 25.095511653437214
79.803992211220262 61.246168990315617 25.425482682831706
80.25371010879617 61.627417888333703 25.715469752537409
80.678614669802954 62.065696174807194 25.972757049272118
81.067003555238344 62.549699125667978 26.205537930256146
81.409220933666774 63.07004298952031 26.421355222896985
81.697927842442866 63.619503641165011 26.625959452857263
81.928134648653398 64.192776687027035 26.822711385236641
82.096864077312716 64.78583472899534 27.012719692286868
82.202871094726518 65.395241802328528 27.195188015929698
82.246038537466163 66.017261789016672 27.368379785443622
82.226802546742206 66.647063702479358 27.530738721612671
82.145704525832599 67.278121698528139 27.681980741039613
82.003240636235901 67.901896827673468 27.823922890552264
81.800010290239882 68.507977296398124 27.960722283907806
81.537078843573227 69.084421731780438 28.098813654592998
81.216487075129649 69.618477065352337 28.246350059099779
80.8417502785408 70.097551447032004 28.412254200883165
80.418202589722483 70.510215599546584 28.605154521377091
79.953066794420124 70.847008182331166 28.832435804291418
79.455195326364645 71.10077518014252 29.099686203558914
78.934632825750825 71.266504140563043 29.410646584399526
78.40220568942253 71.340946608784904 29.767413319205609
77.869105597757141 71.321892407877087 30.171041787893675
77.346655015369052 71.207586872107484 30.62210165571474
76.846202317354326 70.99638905502249 31.121034149788002
76.379097215506306 70.686665358016512 31.668271895195446
75.95668932144946 70.276781584750196 32.264248234224326
