#spline3d 5 120 5 120
75.421124224655316 112.24264437523082 1.9187703241843244
74.928876142796284 112.15461322497862 2.3043705764047453
74.403848668944505 112.09980129820929 2.6730861355977158
73.850417520936006 112.06983917076045 3.0291308480512149
73.272959264541583 112.05635685902659 3.3767184086402389
72.675850385475869 112.05098427280009 3.7200623122991754
72.063563020655707 112.04528550106268 4.0633545811233418
71.440892190341557 112.03064124549577 4.4107160230287832
70.813459167453004 111.99805998449861 4.7660831895463804
70.188422651443105 111.9381386997384 5.1330252988238634
69.574979799682069 111.84129303119731 5.5145659546369039
68.985119447292291 111.69828207463199 5.9128190260465034
68.433539878891466 111.50109469418808 6.3285915761379448
67.937019910815138 111.24376849859657 6.7610095193408695
67.513356620988475 110.9235893034662 7.2068861797852977
67.179522038970816 110.54163717117304 7.6606579035709839
66.949983819911878 110.10306582516151 8.1145863972538201
66.834690773937794 109.61729773542164 8.5592799041299923
66.838339411731667 109.09700265917465 8.9847833809610993
66.959829736374942 108.55711866876936 9.3815234598326072
67.192322123675837 108.01326117697269 9.7413207990950852
67.524789210217705 107.4801248589925 10.057757281745161
67.943069788441804 106.97005548288263 10.326509288022239
68.431552967408848 106.49177688453817 10.545449084141993
68.974615937661312 106.05042468138637 10.714348075214598
69.557759968892697 105.64731946688707 10.834956365081768
70.168616995730872 105.28060738148285 10.910809926548273
70.797049787190318 104.94637008933142 10.946734536868997
71.435530942099021 104.63918352583549 10.948582207569237
72.078803955634044 104.35294083140704 10.922553402087118
72.723285844617692 104.08131822291404 10.874650895234662
73.366788107320232 103.81811382782168 10.810148423585407
74.008044614837743 103.55761308549067 10.733349070898818
74.646466300388994 103.29487018267736 10.647744287268212
75.282117320363739 103.02616401385643 10.556285139627683
75.915640823227491 102.74922546661328 10.461920337032637
76.548155534866495 102.46325051260929 10.367953018492425
77.181108998260456 102.16894982732882 10.27836029601907
77.815961457366512 101.8682290189508 10.19790425682851
78.453869437390892 101.56391485237035 10.132182890482568
79.095240971100779 101.25946942816331 10.087720120552687
79.739424111157163 100.95858576247467 10.071841968301575
80.384448537047447 100.66488755593639 10.092532742026705
81.026840527251125 100.38163702194151 10.15807483685218
81.661893866022353 100.11158821837586 10.276426921807793
82.283914778985519 99.856803239995898 10.454470862707653
82.886677697477268 99.618363713789151 10.696993107171981
83.463911792181847 99.396241688275822 11.006259309378613
84.009701185648936 99.18906455396683 11.381448263302321
84.518881243913199 98.994173453035643 11.818569466087183
84.987098212935805 98.808114642814616 12.311231183352655
85.41090336222976 98.627112226893402 12.851116426001786
85.787612387404749 98.447898768528347 13.42912801588627
86.115106727212066 98.268213791403753 14.036316622561436
86.391858390142019 98.087390486206999 14.664725782273079
86.61706569986076 97.906475618699261 15.308013317328957
86.790859389240197 97.727903746436127 15.961546234096993
86.914777314341094 97.55514025829909 16.622630066032219
86.992008558747997 97.391726410128882 17.290203355299838
87.027326646549113 97.24039129094264 17.964404524789167
87.02701668596022 97.101886472560892 18.646140094300051
86.998323304415678 96.974109357795086 19.336291155082332
86.948981718892469 96.851605886451168 20.034958613451813
86.886802737726555 96.725018575886608 20.740402209465788
86.819407149338389 96.581744609632224 21.448248410417246
86.75415771345736 96.40686978405158 22.150861419122073
86.698127513864094 96.184829165818286 22.836726495896066
86.657935922908692 95.901607734168266 23.490977057017819
86.639252920172794 95.546882257016591 24.096004703963672
86.645727674873157 95.116410054000781 24.632781773759831
86.678175223929628 94.612468265626362 25.082645638965946
86.733631516966881 94.04425636710701 25.429072865195806
86.804951782541082 93.426770736645921 25.659838164764391
86.881887909336982 92.778093331582681 25.767835495506567
86.952097764361312 92.116999278585212 25.752564676928134
87.003452203651278 91.45944942567337 25.620768188491216
87.025781654835427 90.816822195428728 25.385441351655267
87.012847128928811 90.193721306263654 25.06595939303967
86.963538011278729 89.587765042098241 24.68644388160795
86.881742780744943 88.991172797613032 24.273829068075887
86.776704842670455 88.392335796593386 23.856220369837732
86.661933873736558 87.779294793552069 23.460782798021942
86.553939544434215 87.142545536953435 23.112434237845424
86.47110441398732 86.478314089849761 22.832281101974701
86.431914374905276 85.790402016490063 22.636743279609863
86.453461004261015 85.09085894036987 22.536847081788387
86.549446513492995 84.400405452689199 22.53695771940107
86.728658226047514 83.746046295142023 22.634937309675845
86.993613842359906 83.158430022984817 22.822494894503393
87.338984943553896 82.667834394725077 23.08621207112402
87.752167753044787 82.30013266531958 23.410199094946538
88.213564761456269 82.072900214384362 23.778518844101608
88.698296651826396 81.991649092127943 24.178269203050849
89.179256165736419 82.049982120811933 24.600982939485402
89.629952601387814 82.229091071419987 25.043744566355528
90.028268979364483 82.500793749487215 25.508447284856167
90.358020775370221 82.832696635779939 25.999513091534975
90.611089384118941 83.192868749689111 26.521865655282099
90.786936051923462 83.555528554983653 27.078322365089097
90.890659618780546 83.903346480378673 27.668537510609543
90.931372768433846 84.229722112605373 28.288076342672163
90.919258759215708 84.537109100628328 28.929028945170344
90.863455281860965 84.834043808594132 29.581063065393856
90.769939836599235 85.131980590867187 30.232421882925394
90.640519094280165 85.441207658587871 30.871221899269297
90.472806386555519 85.768176738082516 31.48628862630137
90.260732211797688 86.113004966069312 32.067976683804886
89.996559567012241 86.469184693357761 32.608565860556681
89.67281968831162 86.823908976679405 33.102573597113071
89.284602670363739 87.158965867858981 33.547126294177311
88.830804295199712 87.452947102087691 33.94172257985894
88.314936981403449 87.682915634938794 34.288100118851368
87.74522981500678 87.826194605107304 34.589859793601271
87.13337475139349 87.861261279386355 34.851789773636469
86.493662107409065 87.768131379268965 35.079482763748999
85.841781199658527 87.528087693796607 35.278951917295913
85.193964884635761 87.123038693896021 35.456390458289725
84.566606810334093 86.535125693688926 35.618055387629667
83.976100838136773 85.746493476100852 35.770205363219539
83.438842194348013 84.739288206021243 35.91909928732391
