#spline3d 5 121 5 121
119.72871356620279 85.534495209889855 2.8816667586556455
119.3357664859041 85.114299384093613 2.8819887590451336
118.97338549189257 84.724105027382009 3.0604218468225146
118.62172010656165 84.34630741345272 3.3159845166022253
118.2610686684317 83.962312396182426 3.5470459779789478
117.87071855462648 83.562704945395367 3.6602724663293911
117.45508583761905 83.165707423673865 3.686793424846242
117.03804802863027 82.776838565510928 3.7166342852485261
116.62856680596256 82.379656169406161 3.7360780977800472
116.20642638274124 81.994405766955254 3.7424496506662228
115.7412568721672 81.662776868837241 3.7567251324525164
115.25929398549424 81.35445616431501 3.7566049057807867
114.77471933051621 81.053158998624838 3.7314140034327052
114.28192952889141 80.767506058645864 3.695613835754302
113.78665845515943 80.485790879404121 3.653697205813168
113.29508958706536 80.195736128168591 3.6161031039100671
112.78154861503327 79.949660518387915 3.5834932034355638
112.24243696648448 79.759243461549232 3.5454295721556259
111.70490793443 79.565547543854166 3.5360252111216357
111.17664787278109 79.352607349621991 3.5816880451159716
110.65363619504966 79.131624870380563 3.6494600904512859
110.13021336828588 78.91526294208812 3.7245547263868573
109.60232783721725 78.721461413354191 3.8231397011707773
109.07237325998197 78.547347338792079 3.9484856832642641
108.54670237698305 78.37562522086094 4.0913689066371548
108.02947304672466 78.205703856986517 4.2632034170728978
107.52502664775332 78.019587919908901 4.4600092273757408
107.0455735883482 77.808385895700283 4.6918293207877797
106.58040671325519 77.658129050710613 4.98491801659471
106.10783892327927 77.577142929938304 5.300793424086252
105.65958488392329 77.499319163846394 5.6468218753759984
105.25329408380587 77.425162938000298 6.0426436924855143
104.88805490937014 77.369016755338961 6.478888653092044
104.53544550828283 77.337670012744027 6.9277579744077746
104.18139455140366 77.337074495954809 7.3761965623415584
103.85670170212163 77.353933300488507 7.8465448065127381
103.57777199102826 77.34013413980071 8.3455340566642349
103.35744007337921 77.322308954842967 8.8725025595638751
103.19782128105616 77.345741549895223 9.4238783390852081
103.11829008543461 77.360213739861933 9.991388402198238
103.12024662835944 77.398858535627468 10.561322510258918
103.14436212238432 77.465011172047909 11.126940468679855
103.14363477172672 77.525723051201496 11.698725432811296
103.19909518744687 77.562288488857433 12.26991475039279
103.4011427389499 77.54781269365219 12.804407849548312
103.6952464863213 77.504705926861703 13.299506839201404
103.99388824391657 77.477022663786016 13.785047890972301
104.29076984221523 77.449430671036325 14.270545861834941
104.58649998532452 77.40079541321397 14.757763652503808
104.84702314161832 77.365999779824449 15.264609052223618
105.07775932249085 77.335130073017368 15.786865586378456
105.29199296338062 77.286806518629149 16.314218872550786
105.47834880503868 77.267595402487785 16.853873761740374
105.68125259384027 77.208380188464687 17.382466416707551
105.88785894080213 77.075931330779085 17.89988121789246
106.04545318113598 76.894535690345734 18.421384551231796
106.17969502239526 76.663956273301025 18.92702184352995
106.30822537759835 76.363860494353972 19.39403981495893
106.41297205990764 76.027602676089472 19.848178989016535
106.49909702001985 75.652562419860828 20.27489753472333
106.49808745701907 75.202853781472669 20.630373829365681
106.44369311953277 74.696937125926169 20.899732318754758
106.43616216934841 74.151885487795397 21.079495768732457
106.47780471175588 73.589787747796365 21.185568092078853
106.50621362856259 73.020645538607937 21.229928027561531
106.4511036112537 72.453326389124001 21.25584309404833
106.36704687027994 71.887318878321125 21.289790627966635
106.29980328495218 71.319890492012036 21.299265664941913
106.23387111433685 70.755545153960611 21.240106480526958
106.16011441971209 70.199221794334946 21.126432212381733
106.05855792965296 69.64854768375028 21.007128492543313
105.89095956993545 69.111431949081464 20.904443136924904
105.64553518547503 68.594694926349518 20.854958144675454
105.33309819017808 68.110041978681608 20.885265484365799
104.94462270818774 67.693042962823412 20.972478016336396
104.50441532789998 67.365639097310151 21.138944043676169
104.04302158181518 67.10362016981405 21.358233426076055
103.5725847362622 66.878141637936992 21.589578144517603
103.10191337398265 66.663428320395383 21.830591908435263
102.63172519413781 66.461756768705371 22.089744247034176
102.15560283350952 66.332926365178977 22.379897915981374
101.68145148416876 66.300178068877585 22.702442076860113
101.2362634326972 66.306545973232744 23.060009103528991
100.82595464991766 66.329170720472689 23.456244679927579
100.43424689689729 66.389872506875861 23.875136282770267
100.10452189205321 66.521716240907054 24.322693072042011
99.87661072703736 66.742591488071554 24.798200578158259
99.673317004243145 67.000382306269032 25.268761925266588
99.441356960632362 67.249056711158573 25.727082781720963
99.205179593402505 67.483555897119572 26.19369693008893
99.051074866666866 67.758973845613468 26.669146033747854
98.995813077245259 68.077122796699939 27.146115655453364
99.019757408937352 68.392534593913552 27.624638273772703
99.098131866885353 68.737387308553537 28.072057669641474
99.210285851972984 69.145983086750576 28.456180239679231
99.34599631013478 69.56486516957608 28.822209452089915
99.498297007765956 69.972315410621206 29.192468586020741
99.660161456390327 70.366253396670317 29.572596429488712
99.838184235110248 70.75042710427013 29.954109154535399
100.03191422616787 71.13455328595434 30.332087467867677
100.24146095444381 71.531342362243919 30.692936778630745
100.5089405705007 71.950781090583192 30.966814204665102
100.84438597802078 72.371692323358317 31.166478895464692
101.17963940349617 72.775627521522054 31.394266009003314
101.51404768458092 73.191939527065585 31.592636404570936
101.88273358729802 73.597448584153781 31.753762563894529
102.26944493320178 73.998825779330119 31.885713242804663
102.67054786765638 74.392851645977245 31.992590031576093
103.12491104359474 74.723077071526035 32.091237550771019
103.62648594160052 74.99376707452295 32.167443387322749
104.14708749392163 75.225943450429327 32.22284188993526
104.68954618294319 75.379916848427129 32.3093865802145
105.24590615460615 75.460201013174355 32.433796089011373
105.79988698998416 75.462240805973281 32.578812548907713
106.34358237004841 75.390555026569288 32.746210641674843
106.85681948155919 75.255942992806894 32.96094341813464
107.3382162132358 75.056394106875132 33.202874735372731
107.78710820756072 74.781350132384134 33.427049984491546
108.20573331095517 74.440578122556531 33.621040797579418
108.60527463734321 74.065954567235408 33.788054992491183
108.99599624779466 73.687047970209051 33.929726872465011
