#spline3d 5 120 5 120
127.7546122479864 98.576979045341005 5.2808402615889252
128.17374746384269 98.157157480505418 5.5571823469703263
128.50724844912128 97.714126485074843 5.8789879687544859
128.75805865183455 97.254369131752668 6.2395100842425402
128.92912147165242 96.784369090756286 6.6320023064009508
129.02338038488946 96.310602132744663 7.0497100648677753
129.04376998882685 95.839420744919835 7.485759464352749
128.9931820633021 95.376730720989002 7.9328630851640156
128.87444051813486 94.92750940072284 8.3829326401550954
128.69036510978125 94.495342467019171 8.8268206785273335
128.44399611634225 94.08212810382102 9.2544153252412471
128.13888309759182 93.688148523336125 9.6551763401602848
127.77941316030686 93.312208304115956 10.018944344750732
127.37102947127627 92.951973037337254 10.33698148366717
126.92027441457729 92.604296083462515 10.602949558358119
126.43464978143261 92.265485680624124 10.813654509467817
125.92229376462291 91.931554308549849 10.969425333231325
125.39146178330557 91.598534952270953 11.074020507574831
124.84991318722558 91.262858087392544 11.133965544331199
124.30428032914109 90.921774362244832 11.157664493569772
123.75950148798253 90.573776063621352 11.154261971590431
123.21850318911643 90.218874836304295 11.132503100996926
122.68218728961693 89.858648560939102 11.09986469006294
122.14973175032772 89.496003705321499 11.062052372947321
121.61911993173757 89.134696025433286 11.022869803888376
121.08777053933377 88.778722907669703 10.984439737313412
120.55308283556653 88.431771977563187 10.947614117129412
120.01285449778236 88.096760285991124 10.912415489631149
119.46549705111809 87.77558793696501 10.878523846129159
118.91004288274058 87.469115820449076 10.845645273536981
118.34601534948101 87.17731866142509 10.813775746425906
117.77325130655332 86.899537551691736 10.783408401970258
117.19177145612957 86.634753989386056 10.755798721587491
116.60175796885629 86.381817065431235 10.73322960894412
116.00369169546863 86.139582014177435 10.71941255548583
115.39864721281292 85.906965662448229 10.719758475796077
114.78870893181093 85.682927863459057 10.741458804645628
114.17740442701856 85.46646327020899 10.793262860952046
113.57002532363649 85.256675672102034 10.884926351073782
112.97376148349477 85.05294558365263 11.026322653688647
112.39749843647014 84.855075609537167 11.226405764641537
111.85151400109133 84.663378478150761 11.49205750045784
111.34691722044118 84.478600000965457 11.826979017405083
110.8949512428732 84.301647618702674 12.230913504137446
110.50626406680023 84.1332182608121 12.699406668871768
110.19018690580745 83.97351072853796 13.224115277450011
109.95397190690392 83.82224644153959 13.793673651394256
109.80213700606083 83.679097257242915 14.394982090824849
109.73582764742882 83.544375966499956 15.014552341797881
109.75227942318712 83.41987412166003 15.639960887988542
109.84474168113199 83.309453252690247 16.261155139980723
110.00288923943567 83.21906171450189 16.871358651125409
110.2136856542477 83.156082840060321 17.467534570890685
110.46269008098727 83.128006070652802 18.050285759583204
110.73556840930435 83.140732152842745 18.623159593422987
111.01952359019651 83.196838480626994 19.191612100692691
111.30460988703109 83.293805787480366 19.761683042472299
111.58447324087624 83.422847605869023 20.338428952036569
111.85632646632418 83.568606393311541 20.924474109621226
112.12011480655551 83.710011454122679 21.518855756600402
112.37707507881814 83.822307773245939 22.116372469870974
112.62809032824892 83.880009558966705 22.707572372491722
112.87248147564704 83.85992063207226 23.279513440278603
113.10725300647015 83.744255588605043 23.816804119261271
113.32728094506206 83.522945784331185 24.303413857208064
113.52624786423164 83.194807604189961 24.724684135062571
113.69803118493577 82.767263900401119 25.069258085855651
113.83811489573679 82.254752671623166 25.330532108380144
113.94466826852381 81.676173686234335 25.507401685679611
114.01878037620905 81.05194265905925 25.60389391019185
114.06426509465531 80.4013155853266 25.628649553303802
114.08659393164416 79.740002183289675 25.593595596205624
114.09150263681244 79.078787191752866 25.51254129327582
114.08367692273526 78.423197060743462 25.399959705291643
114.06583818771161 77.774180164477769 25.270129661829266
114.03825968165714 77.129595766996786 25.136587407041347
113.99882201898421 76.486177523101148 25.01189851082901
113.94305535288903 75.841503648003041 24.90748696071508
113.86448979704141 75.195960676432506 24.833588817102083
113.75513294036455 74.554154780678857 24.799133754814921
113.60617533310057 73.925571747431974 24.811425711093861
113.40897619475363 73.324309541546143 24.875628865144449
113.15637321722684 72.767888866107455 24.994146280309682
112.84391899517804 72.275292700894241 25.166301754411489
112.47103020767089 71.864814220037815 25.388141418872518
112.04171371040778 71.551717964504775 25.652626062046878
111.56439177636314 71.34650744523951 25.950303749476159
111.05113223088425 71.253867218171152 26.270173325387205
110.51628744859111 71.272660952435359 26.600716971331924
109.97504795011317 71.396716565178579 26.930938903973015
109.4422900323801 71.616266093159695 27.251246875104076
108.93180236398305 71.919358185986894 27.554281240488223
108.45588919242543 72.293411124243462 27.835542359630395
108.02528982527596 72.726441358721473 28.093637003062135
107.64915560034508 73.207746400666352 28.330122921656304
107.33494262373894 73.72801408078881 28.548950685505403
107.08819698388967 74.279015296642044 28.755578401869737
106.91249355796307 74.85313686071791 28.955920369082104
106.80940792661239 75.443031929737103 29.155330159599373
106.77871102407097 76.041404614505439 29.357630433206481
106.81874987031973 76.640975167725912 29.564464650319298
106.92688069128205 77.234571604329929 29.775123282949828
107.09985991472837 77.815278287458753 29.986886173577314
107.3341153072072 78.376601899281667 30.195825541324311
107.62586438240993 78.912624742002109 30.397863771044474
107.97109437922816 79.418175431705251 30.589787156036696
108.36542604553608 79.889068593528592 30.770136386294855
108.80391329703916 80.32236279823789 30.939691319729665
109.2808306351148 80.716625583296349 31.101527877369325
109.78951489516957 81.07209845974117 31.260754660783871
110.32229990747207 81.39068719751512 31.424139393325788
110.87057580637018 81.675730789179127 31.599732120752225
111.42494969408024 81.931637480454512 31.796527444304417
111.97541295444613 82.163551068007422 32.024205688019727
112.51157048475363 82.377004658945012 32.292847384785098
113.02283108539937 82.577691789765012 32.612717914862841
113.49853678527558 82.771342955640208 32.994136042607408
113.92801805836429 82.963689894711024 33.447426546381891
114.30060519499071 83.160463890615659 33.98291381835098
114.60562846816546 83.367396294831138 34.610922325154192
