#spline3d 5 120 5 120
120.95800948485827 82.119805478303689 2.4082813203894129
121.07934866536499 81.744966254685906 2.8560544797103167
121.14085777450312 81.377700711294708 3.3059593426109291
121.14472572421339 81.018464656324937 3.7539235165292673
121.09314109718598 80.667714125186322 4.1958745991702289
120.98829711559414 80.325901872549792 4.6277404753845568
120.8324406032208 79.993441225178287 5.0454569711812871
120.62798979600122 79.670620144740127 5.4450151288338349
120.37768848762813 79.357505727273193 5.8225943438908701
120.0847522871659 79.053895056964777 6.1748132682444012
119.75294369216219 78.759355528745147 6.4990544472060447
119.38654344442364 78.473326102060525 6.7937382865754401
118.99025686039715 78.195241872433556 7.0586130573058137
118.56897415639702 77.924652436482489 7.2948187690866373
118.12748824179155 77.661252198870145 7.504741394161659
117.67024006411759 77.404805509207435 7.6916832207238865
117.2011396067729 77.154992487601447 7.8594465498848383
116.72351408047575 76.911269153116066 8.0119287702814539
116.24009405431566 76.672774899827644 8.152797928868182
115.75303932907433 76.438297715290233 8.2852086538056273
115.26402750321516 76.206325610571128 8.4116146193336547
114.77434055009442 75.97515746533 8.533647513200556
114.2849235647848 75.74308092840829 8.6520586785071281
113.79638447601505 75.508629407844154 8.7667326305612541
113.30898653405859 75.270806295820393 8.8768529011641863
112.82259144697265 75.02931961526734 8.9810595767427266
112.33663623362085 74.7847053989627 9.077729154531724
111.8501680307277 74.538280201827362 9.1653030061084237
111.36197184216913 74.291900930977661 9.2426591838665377
110.87079410657466 74.047571304638879 9.3095072473839764
110.37562468868917 73.807009719484967 9.3667670523702711
109.875916975289 73.571377651048834 9.4167556888534012
109.3718082826845 73.341110073469395 9.4633988050577074
108.86421602820947 73.116021508711512 9.5121294663260176
108.35483219236731 72.895622734591754 9.569596677785924
107.84603609668939 72.679548568338291 9.6432268725851653
107.34076341675184 72.467981563378913 9.7406933837063168
106.84234151962454 72.261911196971568 9.8693385364584536
106.35434790888229 72.063220540956777 10.035612582479148
105.88049153710278 71.874614945261001 10.244460141634118
105.42452713650609 71.699287844428497 10.498867408971032
104.9902288104749 71.540451118883368 10.799643157073618
104.581398398868 71.400848794291775 11.14546986159986
104.20185638718384 71.282373628413382 11.533190534097871
103.85536026705041 71.185968585569867 11.958329974946786
103.54541600743273 71.11164477253925 12.415554115027712
103.27494136736206 71.058671248280078 12.899195129552767
103.04581315492509 71.025826806696031 13.403712457714047
102.85835893042915 71.011564681884437 13.924033149991033
102.71094544938784 71.014036205113584 14.455756389555804
102.59971876781125 71.030994988554326 14.995289572902658
102.51883152046491 71.059731927506704 15.539834618490424
102.46065532345432 71.096977465958048 16.087429327861727
102.41644637211083 71.13889246304015 16.636855534426974
102.37716748368419 71.181113407327928 17.187470717691614
102.33431472696904 71.218837214816133 17.738946907387483
102.28053793620177 71.246907340495071 18.290927189114569
102.20994223294687 71.259863423653798 18.842626368931679
102.11807681755171 71.251968157860333 19.392493219999686
102.00194697185405 71.217212327661755 19.937815536508218
101.85986010869799 71.149418695558936 20.474461340657815
101.69132235632546 71.042494726737246 20.996762804503252
101.49696547629773 70.890861238974878 21.497588228291427
101.27856362684363 70.690019415399746 21.968614409661885
101.03911130519184 70.43704127567834 22.400832335833336
100.78302439023349 70.130950182978225 22.785147388373549
100.51647971687028 69.773008737427702 23.113135568716288
100.24767840378594 69.36670225249577 23.377878461535435
99.986899752004547 68.917526874619057 23.574766579401409
99.746185208223608 68.432652758843133 23.702136709306671
99.53861638252333 67.920559493018686 23.76175855233269
99.37728119542237 67.390579170639839 23.758811748898264
99.274172689788656 66.852465846751656 23.70178513228727
99.238990480523796 66.315843468713169 23.602046479749411
99.27814997831959 65.789558930549205 23.472984075371077
99.394099980032081 65.281010911122124 23.328951513222467
99.585029349964231 64.795529245512284 23.184148972820495
99.844954794434372 64.335882853786373 23.051658642415266
100.16434433090433 63.902185332085075 22.942913723975142
100.53070664795666 63.491862705097937 22.86736809936782
100.92951759814839 63.100004697330363 22.832469860264005
101.34530827798514 62.720141416191673 22.843881384708787
101.76266993337745 62.345281448055715 22.905689857006223
102.16704981007581 61.969061461367119 23.020562276926622
102.54532395984398 61.586940878423661 23.189742060092126
102.88595188945894 61.196939391338198 23.413108502467015
103.17918462672726 60.800520942700082 23.689018951467716
103.4170118293404 60.402998892619699 24.014282805341587
103.59303251352806 60.013425252243046 24.384191199201375
103.70239427404732 59.644011511469721 24.792523366065527
103.74184177048623 59.308911945591717 25.231573137202012
103.70995121320489 59.022597290375778 25.692234773982417
103.6073025356272 58.798327433154093 26.164302505845257
103.4368945014425 58.646564696616394 26.636849241740691
103.20421445629209 58.573859099349967 27.098981427719668
102.91711814728498 58.582287396227272 27.540701466011363
102.58537195594351 58.669604925080421 27.953749457627666
102.21999315089982 58.829977929030086 28.332177490120394
101.83249770791873 59.055113942001014 28.672559214346819
101.4342605328538 59.33551881907286 28.973748745231305
101.03598254126202 59.661648755010148 29.23663317091766
100.64738172582055 60.024989868976817 29.46357065475393
100.27711637819793 60.418717811816983 29.657944190247616
99.932837717870171 60.837907079501292 29.823853127728967
99.621205011243234 61.279324711807725 29.965970915231871
99.347816854616653 61.740894474078452 30.08945272437721
99.117008774350012 62.221124419605175 30.199845599191317
98.931508886973106 62.718523580516013 30.30293213452078
98.79218698310379 63.231119780075218 30.404470477749808
98.697975420967083 63.756204300629015 30.509940354391425
98.646066083941179 64.290282800992429 30.624375389856006
98.632312209342345 64.829165250698125 30.752313264231628
98.651753196620774 65.368152494196423 30.897876203619894
98.699007789665814 65.902178799536259 31.06486321528849
98.768601691696233 66.425960872493533 31.256876124002819
98.855113901737909 66.934110748844645 31.47742033642055
98.953181883400106 67.421203641933985 31.729961855918038
99.057465487155866 67.881807124400069 32.017956223202887
99.162626463398269 68.31048842753188 32.344858107043919
99.263326435152422 68.701814794897416 32.714122235299115
