#spline3d 5 120 5 120
132.30964149010072 103.37984400795369 1.8952105018437813
132.58895077549465 103.34629955925938 2.578450165415124
132.78239753512739 103.24529361007387 3.2473385818316265
132.89566703391944 103.08142023382516 3.8949353499109987
132.93444424276731 102.85927302565084 4.5142996624632019
132.90441695571346 102.58345109952538 5.0984957001531983
132.81129738400017 102.25862890080748 5.6406631560272382
132.66083095640943 101.88974574444343 6.1342320558162671
132.45870932692895 101.48231498899965 6.5733105867736192
132.21033828126488 101.04279498805613 6.9531990567356097
131.92049604644146 100.5788993732646 7.2709191278418492
131.59301870198388 100.0996645579384 7.5255903378344122
131.23067680952235 99.615184301298171 7.7185288928108413
130.83523601629787 99.136062254628456 7.8532296802984041
130.4078580449933 98.67251199664085 7.935004160375172
129.94965760266194 98.233396562668474 7.9705011777330608
129.46221193539196 97.825445990119874 7.9671873447944179
128.94784327309912 97.452857485634595 7.9328299102146964
128.40961209375342 97.117321939533099 7.8749864995503236
127.85106651100679 96.818439264053353 7.8005778120910572
127.27590334326125 96.554216258169546 7.7155857350613006
126.68760179989749 96.32158414541513 7.6249347815714623
126.08912702012846 96.116862683646943 7.532656073491558
125.4827664850914 95.936078460631151 7.4422710861439132
124.870118773069 95.775175099532348 7.3572931548102209
124.25222425175537 95.630176901165655 7.2816858533432205
123.62980823007635 95.497383958773042 7.2201714066219029
123.00358609545921 95.37357111865613 7.1782886033236037
122.37459216490288 95.256207568636739 7.1623105174728039
121.74452081261934 95.143629979533969 7.1789282774961887
121.11600862650887 95.035148114086923 7.2347423865844069
120.49281358383475 94.931047242756165 7.3356731592526048
119.87985753594073 94.832397874522954 7.4864545648543093
119.28310717416379 94.740640448996587 7.6903332592393534
118.70925710948816 94.65696999181246 7.948937549117062
118.16521990067736 94.581768353932915 8.2623492874606477
117.65747574548173 94.514071136301396 8.6290455314251417
117.19128311388933 94.451339815774091 9.0459412061397604
116.76994823985503 94.389587858324731 9.5084198347175519
116.39433575509476 94.323884917188451 10.010453536840224
116.06283124942594 94.249141508994441 10.544898011989638
115.77185553229097 94.160971158655798 11.104012372791553
115.51686766106954 94.056341457976828 11.68014919537856
115.29350221551017 93.93383215762826 12.266437061553402
115.09859115922484 93.793613642197272 12.857418821257532
114.93063494207746 93.637083248929613 13.449421454626787
114.78946518960697 93.466443051610867 14.040614415546488
114.67520794123219 93.284335782552844 14.630780038356381
114.58697753391715 93.093585063407559 15.220902800106973
114.52176617303343 92.89704621781344 15.812696594436314
114.47396467099661 92.697545354146726 16.408125645756741
114.43532101157405 92.497836135069576 17.008938960452031
114.39532325137884 92.300480400087011 17.616122131778223
114.34194386520356 92.107571382849187 18.229267478701068
114.26251140003059 91.920279428673354 18.845885383108087
114.14468363052057 91.738264235749909 19.460744522855911
113.97755739685739 91.559089791390193 20.065414054634836
113.75304289779569 91.377804344143556 20.648160424025722
113.46706949714613 91.187053322302248 21.194490919892594
113.12089083175107 90.977520514861752 21.687992008653247
112.72184392575545 90.739046045812856 22.111786141793374
112.28331339683164 90.462202024078294 22.450294250901841
111.8237938281484 90.140005895544917 22.691018653511804
111.36516877733352 89.769335543406115 22.826024945414968
110.93050040113815 89.351665055153717 22.852882112948571
110.54169664235179 88.892935213876228 22.77495406905361
110.21764876496096 88.40251068628298 22.60082199194817
109.97255330754923 87.891871232835044 22.343652152223491
109.81503633344465 87.372741972986248 22.019838773679975
109.74797292412178 86.855335788232381 21.647578748281845
109.76894702058895 86.346905550692114 21.245504141023826
109.87121568593039 85.850891157130633 20.831604034453058
110.04486347002492 85.366679381824099 20.422493150172919
110.27801663884721 84.890144583158659 20.033115199508945
110.55775938323332 84.414544925497751 19.676691263525552
110.87078644794607 83.931798116107629 19.36485471269312
111.20372218400152 83.434011746180232 19.107928247132602
111.5431328638288 82.914975069396505 18.915140414494505
111.87537606526278 82.371474186474003 18.794644770208599
112.18645844120701 81.804282255087159 18.753251618400402
112.46208401929502 81.218824565061084 18.795776409758595
112.68797617998069 80.625089210332987 18.924327272449382
112.85046122038835 80.037451768747218 19.137302224183546
112.93732448074512 79.473768016015867 19.428590536670928
112.93881316033223 78.953960133664125 19.787221798261939
112.84869131621187 78.498239661613411 20.19770580654188
112.66517867136686 78.125214402333 20.641256944156396
112.39171452708759 77.850080409522803 21.097753566213612
112.03718092215516 77.68319197652329 21.548199771972499
111.61551832309114 77.629229460158513 21.976981467448951
111.14502092472952 77.686541355666364 22.374029114726781
110.64681765663352 77.847440749025438 22.735986713734661
110.14316605288292 78.098926158842744 23.0665017256329
109.65566698295046 78.423970051737484 23.3753517738003
109.20374612536504 78.803059766393147 23.676713743597997
108.80344404637356 79.215874862287791 23.986818240078858
108.46688943548081 79.642829785589186 24.321485505954396
108.20195527271524 80.066477400402377 24.693834126430403
108.01249099899826 80.47267025161122 25.112382145787972
107.89901413659898 80.851304020842917 25.579905909246623
107.85972472060379 81.196410725940581 26.093321289370468
107.89155017742979 81.505659443421351 26.644357616462447
107.99105505056421 81.779257365201673 27.220955886659866
108.15497231736975 82.018555349036077 27.80897471172635
108.38028324061013 82.224706030101601 28.393837963392055
108.66391347095288 82.397487165067616 28.962007809427963
109.00210413503827 82.534532984305727 29.502177015941594
109.38971762052094 82.631137134737017 30.006001041915024
109.81969776166589 82.680585532302644 30.468410310213205
110.28286081528145 82.674934042901569 30.887513747591079
110.76804444556427 82.606065745889438 31.26420370162155
111.26260168812874 82.466705496496886 31.601488395329266
111.75294628589738 82.251134697707698 31.903860053655585
112.22506283800287 81.95549313461396 32.176712563545372
112.6648408834577 81.577504201722107 32.425882251422713
113.05819035178564 81.11590861336056 32.657378019880674
113.39104223462063 80.569900941811724 32.877250822531764
113.64933235440857 79.938792592985777 33.091553263362137
113.81899691367377 79.221902406321732 33.306337339100509
113.88597208619451 78.418548655406298 33.527655139416822
