#spline3d 5 121 5 121
130.84657876921707 98.480009593132365 5.8322809502035238
130.55502964725068 98.091966825304752 6.1258052497270734
130.23415716390366 97.759393295610167 6.4541977840697777
129.89573740308757 97.448391317098441 6.7905492328945138
129.55111830741885 97.124310249960615 7.1068358270605962
129.21513170677787 96.759407202802166 7.3849027880209075
128.90337556526472 96.353367954372047 7.636254326267605
128.59573448973475 95.918836232561389 7.8438487647186532
128.24158887178581 95.486831207515905 7.9655965751906539
127.80499902188825 95.125938951958261 8.0284838418078532
127.32391195445487 94.817538567011027 8.0552199041438914
126.84482834705125 94.511265681889128 8.0412434023102701
126.37518082126385 94.199241698335129 7.970631309660444
125.91564249696424 93.882464495695146 7.8563058184040422
125.44684791969624 93.585401793776413 7.7294009322977582
124.94944507052423 93.326556926168749 7.6360997470949359
124.43407836029034 93.088363301815818 7.5895781617365241
123.92723967534836 92.840860322482101 7.5188766292944882
123.42313744854685 92.602947652821655 7.4070211086420459
122.9045725039315 92.399102506157504 7.2926197161604689
122.38167264299926 92.204625319151916 7.1811311926373698
121.8568452033263 92.028208083354443 7.0523726495794206
121.32707034059204 91.873172113437263 6.914892647471401
120.79479872770835 91.704578225112968 6.8110780711915728
120.2642244593257 91.512694847530142 6.7345365265163739
119.73420764761724 91.321000910915771 6.6533408415942814
119.19146415270242 91.167112895909838 6.5927783916462896
118.63580919838139 91.050244519895983 6.5491822804321256
118.08643036524292 90.910352179221974 6.4935609841988784
117.53855628458358 90.763384311103579 6.5017636155196348
116.98936683605447 90.627727530277852 6.5900684299557559
116.46214406584197 90.465993076152614 6.7323087361429881
115.96311918747004 90.27223681169319 6.9232258499759505
115.46520368387945 90.083353273964107 7.1223438810614361
114.95994327326842 89.917402422046834 7.3254545958151471
114.46458882306838 89.775647829219153 7.571420915235473
114.01540431956579 89.623489076178814 7.8836152496071845
113.61953654325276 89.425976042407626 8.2449535778244716
113.24439241273527 89.22792986294229 8.631583206494474
112.94252851090955 89.068123648466909 9.0842510701169665
112.7246849080401 88.933409868178813 9.5947021059337985
112.49288819098155 88.824296273412813 10.103345867621957
112.2468492495008 88.717439686094707 10.604254087322282
112.06809842675472 88.582433045380753 11.127649961280087
111.9672658308581 88.466135495733354 11.67905050554978
111.92999216202945 88.399787667623784 12.243412641721031
111.9240343619383 88.329786715647984 12.806407484708261
111.90041977054746 88.228315259890948 13.36482194178031
111.88100435825146 88.149242221228391 13.931956822198298
111.93199164558015 88.100675152309947 14.495227573676182
112.09911192585166 88.074461728065899 15.038249011449105
112.29083505448368 88.059528482412773 15.575821664128537
112.46297172914819 88.051601471116882 16.117329904505503
112.64333765828546 88.033871639846609 16.656103434631042
112.84865951144465 87.958826416450947 17.18209714282721
113.0613893132479 87.889399016702683 17.70445540130547
113.25891821506926 87.917505532431164 18.237139620023736
113.444366726504 87.973290767351642 18.774284970994696
113.61488367587096 88.038557631162121 19.312678349525527
113.73932608283549 88.137430858732316 19.857864786139867
113.82741202192202 88.2481091435629 20.409510780407558
113.90593044190697 88.357575942521422 20.962148152208734
113.96649628887025 88.463302232379021 21.517667701583516
114.0054645626156 88.540111738047429 22.079732750139176
114.05044338621263 88.559200851882622 22.6467090743005
114.08666626346124 88.540051069609433 23.215760483605646
114.05975286585007 88.521387752436681 23.783982990483647
113.95152128772079 88.485067879537951 24.34214224570999
113.80746973193317 88.384037630704015 24.886783612562176
113.65258061300321 88.209354691768482 25.408597361827042
113.46036055481991 87.950656574747697 25.877844664613203
113.21604186546662 87.637544923138122 26.291328178790302
112.96356058062405 87.281583121130936 26.655281488019824
112.73553320426142 86.86800783308199 26.971381037695668
112.54349912199702 86.432322628718751 27.285960366675571
112.31803315114044 86.009008124239315 27.590895463323147
112.02470057667986 85.577794410095919 27.82181211004858
111.77190518612923 85.084901167014323 27.964014328300664
111.56870924863061 84.55641355233891 28.03888020159361
111.3636187486005 84.026887411820297 28.069388945973696
111.16034408026772 83.496402597848089 28.076011561007501
110.98658643393644 82.954578239464297 28.056354661564495
110.84124315907222 82.406833714590121 28.001105138683645
110.73673489048102 81.851903044419302 27.934046369281681
110.6649053045206 81.288080701718997 27.896783070705837
110.55093516778692 80.7330580664987 27.866996936232422
110.37542485571986 80.192722722910077 27.830621776167565
110.15857854038214 79.660622566127074 27.802509468580865
109.90231972477154 79.158142968213681 27.875935853725448
109.59279671955827 78.721810640907478 28.086928338648992
109.23546542462168 78.361273572451822 28.357175096956407
108.85859811159077 78.058964986761467 28.653023849793325
108.48523945264617 77.793140439794357 28.986975553271563
108.1252904018836 77.587294850048409 29.39177588842788
107.82026962673775 77.502355314780573 29.876812094582895
107.64758897694735 77.615111174005747 30.416529077844892
107.59326311444623 77.831757345432862 30.950640496671525
107.60637960839874 78.063811281417074 31.469133430962074
107.63319709302932 78.322626547503162 31.975125729382174
107.69393558834321 78.627890707421471 32.450861327120826
107.81950809084294 78.96318889905281 32.893730059672627
107.9691261659537 79.261084173206214 33.356016278809321
108.13780576680213 79.525547409278815 33.830756556079699
108.37107221283841 79.832807868883108 34.247124388589853
108.60295348503284 80.192941094521686 34.627870552824206
108.83390583040659 80.578189380531967 34.977927460375192
109.15456076745842 80.953881035407619 35.257341267585076
109.51196658734982 81.307188924412415 35.529137850197692
109.86299869307494 81.627491789384251 35.841894455149792
110.21500112081841 81.913153474306441 36.185372326428045
110.56629650189045 82.170193929513943 36.553738729629366
110.93861381818813 82.39351465451648 36.920967837616011
111.36310625315326 82.587379698014345 37.245454369102433
111.79854031621569 82.813385989570975 37.535662465635887
112.21954304818294 83.038585217770944 37.846731338152999
112.63913139607915 83.176465724394404 38.205087949860328
113.04657786988548 83.243198243336181 38.602651203752274
113.41281761404508 83.274144493957706 39.037388949759347
113.72878890957222 83.264678539424295 39.510358087065896
114.00391215193285 83.217376340466146 40.011161536812459
114.24575014330867 83.133994793181387 40.530602426745361
