#spline3d 5 120 5 120
126.74490478605068 110.74413425622961 1.7365127603907564
127.14710076901896 110.05458119973633 2.2346273701818284
127.62843344080942 109.78216192087589 2.7346709091151737
128.15847412119336 109.74341611345891 3.2290876882868802
128.70626947014037 109.72793406996324 3.7050872782018804
129.25909282698581 109.69477813648606 4.1677295488857533
129.84263750507483 109.76760636293483 4.6115675901977582
130.30572417337228 109.66296659719326 5.1620813103930079
130.72466420574153 109.41294210670674 5.7140920168405511
131.0801841368561 109.13503782998271 6.2725028058081724
131.36017021016119 108.97603465019991 6.9351234946935794
131.72395508297154 108.75753132589412 7.5138151784126057
132.11893476000083 108.54591710853424 8.0983242727511211
132.37644480948163 108.29801145437249 8.7260804179221285
132.52898677813764 107.80300674594785 9.258421601434808
132.6723323214072 107.40212369625723 9.8446544348201694
132.63228866763424 107.02010015198381 10.466128472266796
132.54047483928611 106.6133560063235 11.06054558578216
132.32928796249192 106.25881420998967 11.662447602627791
131.97970213901255 105.97888503714289 12.243593606420349
131.48623184952072 105.7062824448852 12.702217613843063
130.99673990424293 105.34380148018161 13.114138530114214
130.53281666755308 104.82287957925126 13.35098006337804
130.03830043976495 104.28171471368995 13.372602805128384
129.52506301334716 103.76492864041155 13.250617121684877
128.84761716972741 103.52744702396717 13.014172995265952
128.40126616324434 103.14528994168225 12.603229367027875
127.85388719875408 102.79146520910783 12.282131141821838
127.16604458598486 102.5584275047776 12.120167357458516
126.5196269185667 102.30236344503777 11.956338948985776
125.8435204333237 102.07741013923194 11.79295838512904
125.19564831132162 101.89732175733577 11.521865748298145
124.55583526088232 101.74731734555394 11.211807242694249
123.853689852475 101.55080897515087 11.123853270440989
123.14371916213456 101.39512499470821 11.087772422557007
122.49368042177642 101.06717798946717 11.021473355495681
121.91161983028417 100.71028451562033 10.752029705918428
121.39347851143056 100.30970193148292 10.436583801997427
120.7868291484682 99.9830039607034 10.21703312192191
120.14894891699144 99.647859375830507 10.087081724157082
119.48031211428761 99.427843579319614 9.9329301820410691
118.81573757420716 99.207854873312343 9.7357131638296437
118.15866321603728 98.905555475148063 9.674472305884585
117.48576252407477 98.63391571062283 9.5796491463245239
116.93355551153107 98.184132996883733 9.4292521440348498
116.3813712821395 97.726923788810694 9.31144381645462
115.88221563165011 97.210231076293951 9.2247326236770828
115.36775911238965 96.689777158518766 9.2305372569133848
114.83696755094076 96.225330809413521 9.4544950249112834
114.40564542159422 95.802878483390217 9.8671235814374825
113.98144602117075 95.45569236615755 10.341830326573957
113.5548215912947 95.135338578138033 10.832180868779671
113.16688608865221 94.850173158589143 11.372773968035904
112.81129414845178 94.540948567392263 11.930830332940577
112.58887902277571 94.288359403956918 12.576468366586443
112.45660845073965 94.067293919642424 13.256539009264548
112.32766347475338 93.867410208439551 13.939760162929893
112.23988481904779 93.604246442022969 14.61079365352335
112.22297972301064 93.378018850570655 15.300301419565166
112.24829212768125 93.078317488684661 15.961837406526632
112.3516198149363 92.74663077201447 16.602848839353278
112.54216525095249 92.638380861996524 17.304411431035248
112.73332097159636 92.329602102837271 17.938139554087005
112.79378911724224 92.076115720281919 18.615157037571176
112.81333365626703 91.808328811332601 19.289216286453296
112.89888393997796 91.461618916483346 19.922744258326016
113.04327551102534 91.127526549213968 20.54866910001174
113.16327858516986 90.786422640671873 21.178085628386455
113.26294222077738 90.448404178229723 21.805321008857202
113.39230804518988 90.059060691700481 22.419151706295462
113.5967024846846 89.567046103630858 22.902632804993207
113.76907492085138 88.964029529124275 23.292408430217339
113.97213316387743 88.332301087569064 23.598207146643045
114.10384798953254 87.594905783217172 23.555060989544184
114.1369874969984 86.871215320075848 23.538392099845836
114.20352839111823 86.166761689384344 23.376311328667121
114.38174214759009 85.492373854825956 23.160177681428081
114.57562730391248 84.836607704895087 22.923192526690066
114.64879002349251 84.207752898295851 22.554807940114152
114.72549309516241 83.591962482302861 22.188125834629368
114.80591259345799 82.983932313619192 21.795972280612364
114.90858497856395 82.447764990708748 21.313903771005855
115.00956752363744 82.007180754556714 20.747408967822519
115.10619252919562 81.559502497912334 20.180266592841587
115.34152511877062 81.08997423163963 19.676938173279098
115.64054082267607 80.547864008815637 19.285266361328677
115.90955398525422 79.941193725759462 18.994023678460866
116.22153372585248 79.317691555448491 18.787852935321027
116.53991800574489 78.663179231574745 18.694546967769043
116.69281803844586 77.944040230539642 18.759291701338871
116.73407279411798 77.23627956783028 18.867565643569954
116.8070352081258 76.551049430136501 19.191285292178001
116.62168751059721 76.043820083134236 19.690399285250795
116.19301153817256 75.759651520031966 20.251407369132245
115.88413983879882 75.586500908414564 20.878430031851813
115.55220371553254 75.704790996764459 21.543610266561636
115.0712032109405 75.921432197190185 22.052472675496151
114.46759577347046 76.147816785472315 22.399091331079287
113.86257744931534 76.376426460342657 22.715760302287173
113.2223535032293 76.643124380276561 22.951085135869761
112.67051856084174 76.972482709648105 23.298324404421582
112.29709090811407 77.465135916553777 23.700905863403626
111.97988972903624 78.000786060339806 24.070306453308831
111.77914482636214 78.477306832521734 24.587447863613974
111.58177508047999 78.984081837891821 25.065325559996737
111.49527997115689 79.552465364387629 25.5146939936355
111.47718208066125 80.006615016557006 26.084630952448926
111.44856318139361 80.436973048992996 26.667595387205115
111.45045603442439 80.931801225892059 27.196846376763908
111.4863177445766 81.459459116900291 27.694931231844592
111.54770772552253 81.954943398801802 28.21805042562497
111.64895245534781 82.422707803740224 28.767110967077063
111.86260180064352 82.900703113592172 29.270352689857098
112.14672360476857 83.332324737072568 29.780721093298897
112.41120743149486 83.798363913114159 30.267217753425449
112.69709710447596 84.282881068718112 30.72526919799833
112.97442971536921 84.687685258670527 31.261675525817179
113.25081908874745 85.058852182556791 31.821651674651882
113.59786327841766 85.309174602050774 32.409687613382644
114.07724746024223 85.371592861324189 33.020892393061104
