#spline3d 5 120 5 120
70.263220556031584 106.78988731694858 5.8442098576283046
70.364572419493143 106.63214480863233 6.3333715417722987
70.459715211241345 106.46153060826236 6.8446869362716338
70.552100762541016 106.27531132253706 7.3703360755301173
70.645180736507115 106.07075321311972 7.9024989647830797
70.742408720828692 105.84512702709789 8.4333562054271649
70.84725800634213 105.59576464213191 8.9551025957440018
70.963259289880341 105.32023931139062 9.4600087945946019
71.094036950867959 105.01670494936091 9.9405750783016611
71.243300867166354 104.68434363765034 10.389795809321333
71.414737471195551 104.32377918897095 10.801508554817513
71.611761708932377 103.93726901870413 11.17074718565085
71.837138740848147 103.52862079816518 11.494057755141183
72.092575799331541 103.10281645149135 11.769695749222057
72.37842731132578 102.66547745079083 11.997684399666113
72.693632726944742 102.2223056096052 12.179722334025795
73.035909084130793 101.77861998262885 12.318960994919856
73.402123215820325 101.33902712001925 12.419675351328959
73.788730611905876 100.90725203994648 12.486832308260139
74.192153074886804 100.48601425793608 12.525654034616966
74.609065644070483 100.07697822621508 12.541177654478837
75.036515461247433 99.680727291440064 12.537934476603869
75.471880306552876 99.29673619784711 12.519799236878249
75.912732025152067 98.923369851453501 12.490036182300232
76.356713527687816 98.557969346449838 12.451512285557254
76.801520084015053 98.197082829617059 12.406986266975943
77.245013844634528 97.836848150825588 12.359350664390581
77.685447413992563 97.473491154456553 12.311739336727886
78.121737532921244 97.103885241868056 12.26747092427375
78.553719186167697 96.72611002762639 12.229847014328426
78.982309966069906 96.339939600482282 12.201892082986651
79.409522411382511 95.947186162677326 12.186181399269556
79.838249534549121 95.551739101950105 12.184891445448269
80.271870023304743 95.15939703208474 12.200050884397793
80.71358994568979 94.777282624107897 12.233961526229168
81.16560909890373 94.412884180598169 12.289615328095845
81.628252976929076 94.072829826598934 12.370915555390782
82.099272015967571 93.761595739390955 12.482562465559733
82.573521737298861 93.480427581544248 12.629589836103605
83.043186247624377 93.226766759706265 12.816653632467366
83.498595815649011 92.994410609823007 13.047243179105577
83.929581581317009 92.774525619325132 13.322989507681012
84.327130149783613 92.557419906498325 13.643258810200479
84.684990105830323 92.334705112032822 14.00511068870984
85.000812331915398 92.101336132593744 14.40367218765256
85.276405851515804 91.856880998674328 14.832868112498453
85.517104506480948 91.605793573796248 15.286318181641249
85.730400397740212 91.356629185421724 15.758213103153087
85.924181658340132 91.120417136136993 16.244041047734626
86.105009082019606 90.908413136822276 16.740981388159312
86.276983658805023 90.729850774727879 17.24791191680001
86.441490228793711 90.590205751584151 17.765072007275592
86.597798277246497 90.490293317242276 18.293494905126895
86.744219210467421 90.426310119498424 18.834342409623265
86.879381294983531 90.390582548010812 19.388237955557308
87.003195889415693 90.372674377539838 19.954678829257155
87.117267379457147 90.360452454662436 20.531566064031342
87.224732387038841 90.340933848178807 21.114881400742217
87.329688177827265 90.300921201409579 21.698545332156549
87.436402044101925 90.227578110983913 22.274513860485872
87.548431857956359 90.109106288074997 22.833201185078899
87.667805498022162 89.935534392840779 23.364211925448679
87.794228555993641 89.699694727751449 23.857331287876338
87.924570322381797 89.398087463423607 24.303717967062052
88.052727391048748 89.031423127779362 24.6970172593755
88.169916643599379 88.604691837069751 25.034179145096793
88.265486980796481 88.126634421266871 25.315738048362633
88.328178077385985 87.608724308856551 25.545457639793927
88.347673139107457 87.063854318642569 25.729425777703803
88.316141072184735 86.504934212133691 25.874756367500787
88.229394311412634 85.943629913982392 25.988180271905136
88.087423566812404 85.389369540585676 26.074764184567275
87.894154954566815 84.84874968248711 26.137071240519877
87.656567091140076 84.325334432809228 26.174961232444783
87.383392355476374 83.819817767070603 26.186173242428104
87.08381187772126 83.330494215223524 26.167590517379395
86.766478219418872 82.853742757752457 26.116866282269669
86.439037305943813 82.384594160257365 26.034202994546931
86.108306964232256 81.917295181933326 25.923734333212231
85.780958193079442 81.445883324367998 25.794182065604989
85.464418553971242 80.964859851419789 25.658552944077176
85.167636283830589 80.469999476157511 25.532901916541697
84.901393872268613 79.959248375956136 25.434421794257187
84.678003564558665 79.433601304619231 25.379234629104761
84.51038599956847 78.897621938589864 25.380442983354932
84.410767031807694 78.359624040681808 25.446627119189781
84.389189014408245 77.83125848539764 25.581054531153391
84.452274049938268 77.326590296010423 25.781674052317772
84.602274092418426 76.860900964097198 26.041513341788747
84.836748886200581 76.449294303066935 26.349601690784553
85.14886531393033 76.1054749329667 26.692144762980014
85.527862143599279 75.84067988405593 27.053717573435314
85.959913103723395 75.663029989351571 27.418667493085291
86.429019486093296 75.577292413753611 27.772528347584753
86.917898292411138 75.584997326701611 28.103338524351621
87.408912536099962 75.684779005018314 28.402669290549174
87.885081993730125 75.8727484602082 28.666224817140872
88.331159148714249 76.142827411109138 28.893925785982677
88.734644268668035 76.487007041237177 29.089543517898754
89.08655731429927 76.895599370931109 29.259990631992945
89.381806232490135 77.357549491329095 29.414413207369165
89.619003531932179 77.860859174457332 29.563146193246794
89.799728697092348 78.393092813820957 29.716618100058
89.927356312940503 78.94190554277543 29.884288360072215
90.005678112520783 79.495516714916903 30.073744463324392
90.037659337267158 80.043085101474531 30.290013986651147
90.024535665877906 80.574973789445181 30.535154738219806
89.965591414875135 81.082832174143761 30.808360824539815
89.858647754200405 81.559545930201764 31.106531568584483
89.701103734270703 81.999101000045684 31.425220328575978
89.491170040583853 82.396452685454591 31.759690918254243
89.228927993119498 82.747428591599018 32.105838582989755
88.916873772950979 83.048651625435937 32.460739856441101
88.559884205227377 83.29745184270827 32.8227738777572
88.164660264980469 83.49170941448422 33.191355992892852
87.738991533897405 83.629650427838911 33.566519761831728
87.291125997115657 83.709651747514712 33.948553824413182
86.829426539347409 83.730128924262544 34.337808437287265
86.362264128837936 83.689500537897715 34.734637946140239
85.898009135588566 83.586184933592961 35.139396403834844
