#spline3d 5 121 5 121
126.46136151446456 93.13324150391324 4.9890579680050005
126.03094273657706 92.838573107019414 5.3128414601494622
125.60062445958576 92.550460392885725 5.6465289845187305
125.18023617921783 92.249596360615044 5.9808881069414266
124.78156000452299 91.913831837285073 6.3061902815308306
124.40073109673941 91.543827784093438 6.6167397668478154
124.01391918744388 91.166010843391561 6.9106283227115783
123.60758859970763 90.791925072054653 7.1828218704652871
123.16495221116239 90.429060114001004 7.4088711900561401
122.69189340520755 90.073524142396636 7.5812434321209121
122.22161422062503 89.692049605964954 7.695913895890981
121.74957690421131 89.296811356411226 7.7390604165600339
121.25107303988955 88.936961103497126 7.6968389676854621
120.74160181102964 88.605721117038144 7.5940657701433079
120.2207248616652 88.299232500806539 7.4801788568314915
119.68183685121129 88.014644125821263 7.3935207629651805
119.13771180335496 87.729139756170625 7.3636543270083052
118.59440914407374 87.440184569203311 7.3814753028389113
118.04141699511449 87.172089758711721 7.4035992492004699
117.49336338673221 86.897618241748418 7.4404899539528282
116.95351652407764 86.606130592319644 7.4796051973535018
116.4050326880721 86.327727290244169 7.4892256111465212
115.84310516916638 86.07833292929773 7.49079614524193
115.27092172770008 85.851573831999843 7.508377188355233
114.70390939257067 85.617100568947166 7.5644802092959411
114.16141493805715 85.357360690984891 7.6889229704815447
113.63778594610348 85.085503638317192 7.86879550885965
113.11414248535934 84.825315269439571 8.0566376140768181
112.58968944965478 84.579836025444749 8.2575746256793057
112.05591303183503 84.347980668013747 8.4733906565931942
111.53866421854586 84.15077031928638 8.7472974068206621
111.11004176440933 84.003737883224574 9.1601450065970429
110.73155681027173 83.857157106843459 9.6320499142831899
110.37929636754464 83.712470350415103 10.113979711698308
110.08355675665327 83.629325724826856 10.644423423725367
109.80206169699299 83.551824322275948 11.188436882866055
109.53241483127061 83.43732242304263 11.730082158010196
109.33673773136864 83.308907370545768 12.29870465905107
109.19357691609473 83.223171541990197 12.890657188880002
109.06284046949996 83.178726073494204 13.491368164652712
108.93191081020542 83.140476290225394 14.091912465725089
108.81686891330068 83.16391922459421 14.69300765820479
108.70334406202628 83.242800665943349 15.293953284338917
108.57758127593735 83.344430102671936 15.888550656999222
108.48719278156678 83.500474526732432 16.476287453928329
108.48023073984339 83.666090307812553 17.069757899478351
108.5313380477303 83.773618964974716 17.6761248803924
108.58390558307525 83.796812468015148 18.290415107284577
108.63593348099928 83.706045924796783 18.90110570023446
108.71546614086591 83.49294138461822 19.482989066984327
108.84256826215213 83.155279430752771 19.983176506743948
109.01630935822345 82.740695959220147 20.408523418685132
109.15297389649776 82.323437288002765 20.835210055817363
109.22819125765125 81.905481719168492 21.2847827674447
109.31149606668778 81.447759082368762 21.697673416473197
109.39996191337332 80.894711259434402 21.951668633182891
109.47995249191375 80.283867440258661 22.068788078349446
109.54230787533614 79.672695115726469 22.118379758932189
109.54996771976793 79.06403976702147 22.064393085477445
109.54244662679717 78.454967435153463 21.942027558828464
109.59609607787837 77.856213150213094 21.783306680814569
109.73228700186023 77.323382469380178 21.511805201587489
109.85974939839241 76.865621715874994 21.112614234920166
109.97007130403928 76.426274250271291 20.688863074173852
110.16558794639498 75.987228519992414 20.307552378508539
110.48612612638769 75.583883875461822 19.963160614603783
110.86359991952394 75.212136678265878 19.641917318138439
111.20246785230887 74.800673616938454 19.344524181924015
111.47914855542166 74.321071137554625 19.071263477245509
111.74135026007085 73.79622512682225 18.84943295933687
111.95807086762377 73.228944955743756 18.77397943359809
112.09285591980009 72.634865857945712 18.914299429443243
112.18048950882873 72.082852545956925 19.199843237884057
112.21516244807363 71.61869499573686 19.601419906215753
112.16697384289336 71.263379642498549 20.114529523618572
112.01195646071442 71.018527826476017 20.677300596169129
111.71650470870334 70.942079603903167 21.21195939591081
111.30373284275879 70.987239610712251 21.675687816133969
110.8399850165121 71.023298447068356 22.081871113791401
110.3448194554186 71.066068937554007 22.447623880782988
109.82254980705986 71.201449712155465 22.754918498746662
109.33579299259257 71.479434696055165 23.013943817165508
108.92019121515069 71.859274887640211 23.271298105580719
108.52609058347888 72.238907950546775 23.55065635311454
108.10234294274126 72.591661140940303 23.825819691327521
107.65387281904427 72.949706682534384 24.058460052366186
107.31022455489386 73.395507260687182 24.288851496813187
107.05007020472706 73.894713412416579 24.549453808429728
106.74528517527654 74.373854075121699 24.794661993208425
106.45728562589126 74.888800376043946 24.968652979510253
106.30768606846047 75.469776586571598 25.108673495725508
106.24023707797855 76.07422328090459 25.231284331393379
106.17899463486472 76.678928249418902 25.331082488495277
106.10770831746291 77.252943338724734 25.536009548936132
106.09487967782307 77.801074278510356 25.823059037717641
106.18985325536504 78.35140018454176 26.084680216097876
106.33522395896441 78.898357091062095 26.330375520243976
106.52834345753676 79.416810419778727 26.60080459909431
106.79210807704315 79.91475796369447 26.848485882356378
107.1070417008664 80.406505123797956 27.042273336035553
107.44698690596785 80.892088612539865 27.215899951398235
107.84418237862262 81.333710315619683 27.389737067730351
108.34965534024339 81.647541470104656 27.573054692168459
108.94129749807502 81.790174522484548 27.738287207069686
109.5517659712693 81.746896422816519 27.858044998597073
110.1102768959566 81.52485112451825 28.013726195021132
110.60152562426261 81.208732913580505 28.228510438779455
111.0358817792027 80.885249688098838 28.519992825717459
111.43527845162491 80.585435838715171 28.878799176233823
111.82317903371528 80.242506635727835 29.207050104480693
112.23036139723912 79.877215421582378 29.499074605759048
112.58838616730854 79.501914641891943 29.832698110654906
112.79531014906817 79.099321605193794 30.25655849241415
112.93370122297678 78.744548809124538 30.744850662163465
113.08058740948539 78.467409703036168 31.273913098555916
113.27992912318825 78.194062282960658 31.790198317124176
113.54438688703767 77.968735695039342 32.299122187693364
113.85073002658562 77.861757713776811 32.824504898160306
114.1775614464093 77.834792797676727 33.352245074102193
114.50297728363653 77.818010454110919 33.863998607686945
114.80505013887091 77.744978035034705 34.341908339242224
