#spline3d 5 120 5 120
63.773238602458001 83.047472681380228 0.84438210053571583
64.244808284594299 82.766807424279889 0.99539434430412788
64.719791892755666 82.472181320010279 1.0816308331591629
65.202448920658554 82.181116591571907 1.1339485400571163
65.697222072696078 81.911912934704247 1.1849057517205788
66.207545837078655 81.676678012029768 1.2498377659286741
66.731101573743445 81.463942406916047 1.2894186345108125
67.258190649077278 81.253985306072096 1.2849607479575531
67.748038212123305 80.977893103844366 1.2403623089665119
68.207381228649453 80.646476455078471 1.1759194122174605
68.685126603078842 80.354690373142674 1.0996156283795218
69.208010476297517 80.161247698744475 1.0053697854633696
69.746988742864659 80.00619467457831 0.91131454428808245
70.282747832620487 79.84041888713169 0.84265963086378071
70.815966116332007 79.65704668227194 0.80359977149285844
71.344660768660944 79.455733103948674 0.77825839912507189
71.877318707046612 79.266504678271531 0.75143675444664504
72.427043948695797 79.136571384483432 0.71819503373286731
72.986770147250027 79.04616739722141 0.71200833201791824
73.545783947330719 78.967574994381621 0.77190154897421681
74.089985902136348 78.895227217407481 0.91499466069652657
74.607470590889776 78.825204182095874 1.1380123420449788
75.097676380139561 78.75921497368634 1.4145130674024153
75.575157337345701 78.720977493874543 1.7127296587419569
76.052251196569642 78.701133828725446 2.0172857632749639
76.52325749803407 78.66812250737155 2.3355703593370789
76.923991419367539 78.61912857548775 2.7296791236046705
77.251077863647907 78.565659108811744 3.1910105916433147
77.562029044289531 78.526589687728901 3.6642626544089043
77.869897081787911 78.470221580876512 4.1374147620332966
78.112871730341197 78.348227072236554 4.6323698487575449
78.264197909560821 78.220313117170235 5.1649929340581533
78.397718895598047 78.16604954259985 5.7132916825173812
78.542596176524256 78.129320816629757 6.2596657647565781
78.650155756934851 78.059980625017417 6.8109692581304317
78.688113876579209 77.980899907036573 7.3711693887973686
78.735893649683021 77.959853606621053 7.9325359080127429
78.830794937298862 77.981769378535361 8.4908744038880339
78.902619583763936 78.00063969454655 9.0518688066703756
78.941121693062385 78.024348114871259 9.6158263004048514
78.99139491311729 78.068177986797934 10.177276114229345
79.073265577692283 78.121276995331428 10.734259346374284
79.178346958559814 78.18829979556655 11.287658187516294
79.297635378842273 78.303636288878053 11.830481259670748
79.413845565278905 78.509439088794323 12.342777489911597
79.530363633007624 78.747510900367232 12.844267686706713
79.655361159053072 78.91875876001869 13.37099540010491
79.774778173212454 79.004542714067981 13.919624082157455
79.877889613687387 79.007326357571515 14.47565627629746
79.982716596471604 78.942154699860538 15.03423662897139
80.095741884462157 78.800126993619159 15.573257330718592
80.190339688014546 78.49759467102308 16.044653424220446
80.279865172300319 78.102666668384103 16.449666893888097
80.381968731357134 77.654640219099292 16.781907476697736
80.49359599449663 77.166366600262279 17.045287186990873
80.60651193807027 76.644826556619265 17.2341829644554
80.709312282355327 76.092985732063852 17.339994533709792
80.770023824096256 75.527456622828481 17.354363540129306
80.761561038270059 74.973538129320133 17.234979859529151
80.752090381991053 74.441476282698076 17.029325143852802
80.844103733055348 73.929977106570405 16.785408348769131
80.881212076018457 73.455790278207942 16.493913329560236
80.693856053859037 73.022369415756884 16.172976709317325
80.421657740576791 72.605198407964878 15.876431184685059
80.104811198149505 72.245903857344345 15.584615392878181
79.747300289774671 71.950239137616407 15.263706995250605
79.378834422733149 71.670920699526391 14.931974008095981
78.976333149313263 71.392139264876093 14.646929747021836
78.517508230771909 71.147760407250786 14.419975271007155
78.012212031481525 70.984148276248973 14.218888746984435
77.479540596548276 70.890164087718503 14.032327081297021
76.950561463475523 70.746198562764064 13.911297675427145
76.451213502990043 70.469632875164592 13.884553016798654
75.978377159671624 70.14890090912624 13.942633104154497
75.553859565427587 69.813468829412372 14.105727929457846
75.190091910769254 69.448637011669618 14.35047093374145
74.890977551208323 69.057122538910093 14.631930266233409
74.670261082603957 68.64988870746744 14.960178508323528
74.485314748854194 68.209267488737552 15.262022225157084
74.360497192942375 67.715046304628189 15.512402056340942
74.327908761148279 67.23211297093917 15.810365272865718
74.388539742664705 66.751839952541204 16.106785482449247
74.529339785808517 66.254039663227104 16.344725014104664
74.739366031162945 65.777361372145307 16.566918196956347
75.022719032411899 65.343617157059143 16.789866404761895
75.342730436315534 64.92670268024375 17.014187519996124
75.67917536247171 64.567521509857485 17.308332168087471
76.033592500196136 64.372590689767634 17.715419465648928
76.349110400576294 64.343615778737984 18.196873731510834
76.653223897664162 64.415657427771848 18.670951795689657
77.020171811552402 64.540341780317789 19.083631931293187
77.423918846719602 64.708999600801263 19.450166420751803
77.823775529814043 64.957035397894288 19.761972473206999
78.192922175309917 65.279565378650176 20.047409382598104
78.494089165905834 65.611057447309307 20.395607160144198
78.733757295709935 65.957798887009375 20.779176141427374
78.898346779217974 66.336914955513166 21.162782380946648
79.001944837850402 66.717425134855276 21.570564479293662
79.091045828759889 67.099122643526925 21.978375155758407
79.115319721771655 67.524130456764865 22.3492947002268
79.088402834353701 67.946956377002081 22.725818552425054
79.051188590666669 68.343478080837713 23.128164844839755
79.028988645624253 68.735065906780065 23.535407610684263
78.984283156161311 69.111242018243971 23.95473324759854
78.921376745524171 69.491150683866948 24.369467590456306
78.8634408560184 69.910411301634682 24.746583894053096
78.744051347774203 70.323072363348302 25.113961667593159
78.596435082054342 70.721612805045552 25.487719956570835
78.525765409353014 71.132842317436257 25.869925044071014
78.454163518481806 71.533097722754519 26.264070937069647
78.29390504888319 71.891166583764971 26.673050588394126
78.083227568637128 72.215417460710938 27.089161188002347
77.858773995190319 72.520980080419562 27.508265377292407
77.618022728616168 72.814824770032644 27.927427308823837
77.343227730402958 73.085379169187846 28.341783443933071
77.037544993322001 73.322180513884533 28.755191834902373
76.719293584312709 73.541507585764876 29.168426537060029
76.391827536317322 73.752369540891891 29.578266233439116
76.056827235768907 73.961104844497243 29.98254509510414
75.71619309885341 74.174428116926663 30.37897374967207
