#spline3d 5 120 5 120
122.91735112607235 85.342971198431769 3.8787364983605936
122.59108612385589 84.949914294863135 4.2286297121798535
122.23103548592077 84.579859668412524 4.556110702447957
121.84169655953951 84.228091647296665 4.8599578415791127
121.42756658532161 83.8898943683228 5.1389489443261409
120.99314381527687 83.56055413016685 5.3918677538961788
120.54293211658565 83.235387063830927 5.6175638039043765
120.0814373268075 82.909825655590566 5.815105777190678
119.61312360986328 82.579582894612471 5.9840036550189168
119.14228873918429 82.240888261393508 6.1244099372328895
118.67283382442132 81.890775456889727 6.2372102582870834
118.20794963165996 81.527377071840618 6.3239622790553431
117.74978849496254 81.150157968900743 6.3867090043573294
117.29921611143297 80.760016914768499 6.4277570678381704
116.85572802862627 80.359208429697347 6.4495268059209661
116.41757685008008 79.951074023321027 6.4545270974387483
115.98211067726159 79.539602130551202 6.445405554978004
115.5462778738865 79.128865889910031 6.4249747694228612
115.10720610993333 78.722429320639193 6.3961647665444215
114.66273060327431 78.32283979239925 6.3619361548415538
114.21174328853655 77.93132517829909 6.3252282040744632
113.75427990908095 77.547770207438631 6.2889803061422329
113.29133119476525 77.170980894204334 6.2561971085443124
112.82443773519026 76.799170972473704 6.2299784081413812
112.35519353666962 76.430533188170926 6.213447143784018
111.88480000587825 76.06374249190803 6.2095689951835178
111.41377581863151 75.698289126136075 6.2209170808568084
110.9418655650277 75.334620131580991 6.2494671846167167
110.46813310095246 74.97413449961023 6.2965173942528674
109.99118708356275 74.619111291290267 6.3628074471034637
109.5094688642325 74.272647899012782 6.4488456946490018
109.02154223111147 73.938641517026113 6.5553398466208614
108.52637143310761 73.621755596021671 6.683566079837342
108.02360090225048 73.327284697179522 6.835537781102726
107.51385321829311 73.060851957759198 7.0139307047431316
106.99903730156966 72.827939164884185 7.2218142046070586
106.48262060765582 72.633321030953653 7.4622861063065304
105.96981413778967 72.480499937208265 7.738100121156493
105.46758961912253 72.371244010815687 8.051335412667882
104.98447016750629 72.305325907568388 8.4031375074276884
104.53005359289098 72.280534398786628 8.7935512324073493
104.11428557101419 72.292933210731974 9.2214461730442441
103.74652566265368 72.337300662163187 9.6845298415073682
103.43451067255626 72.407670766963875 10.179442792930089
103.18339521640189 72.497905189217605 10.70195417679407
102.99505140419161 72.602213741399694 11.247269093453289
102.86779667862434 72.715531608771954 11.810439210558457
102.79661684463447 72.833661943494519 12.386811536890995
102.77384924394846 72.953133017445808 12.972424074484996
102.79020522429468 73.070780669902831 13.564255897911494
102.83595969164722 73.183161597288631 14.160261004180761
102.90211337417759 73.285989873519355 14.759157155354142
102.9813629546004 73.373755521519527 15.359999659154116
103.06877144192408 73.43960712930847 15.961619738644702
103.1620688235909 73.475548001640917 16.562041873416149
103.26155472654675 73.472955158471407 17.158001515811087
103.36961066500056 73.423365056825133 17.744671241103006
103.4898630135321 73.319393423144064 18.315670140051321
103.62609130171001 73.155580986645774 18.863386746168583
103.78105863449537 72.928999939059068 19.3795536900803
103.9554832003888 72.639506002517379 19.855993059953718
104.14742375727198 72.289626226788286 20.285385897719294
104.35221424138888 71.884182311876174 20.661945441405265
104.5629853710424 71.429710692539103 20.981897709156904
104.77158883229531 70.933807234625704 21.243751597386069
104.96968098495515 70.404470662562602 21.448367999116968
105.14970548669778 69.849499595639898 21.5988405041122
105.30559584565711 69.275981678674995 21.700234594812411
105.43312104501055 68.689910820065876 21.759222423771334
105.52988773247064 68.095972365793713 21.783695083562513
105.59508822940469 67.497517761132585 21.782404829018127
105.62910874972683 66.8967375639332 21.764649151512334
105.63311165570455 66.295000387244173 21.740010869946925
105.60864224038964 65.693321229186935 21.718179726487339
105.55728144775735 65.092895953604057 21.708871071136926
105.48034030273571 64.495634296388602 21.721794672269368
105.37859728934875 63.904621992870247 21.766539800399773
105.25210396687805 63.324447747743228 21.852210225379451
105.10010947335623 62.761348919391665 21.986734782196145
104.92115771738983 62.223158308755863 22.175943649915151
104.71337736485074 61.71907034958712 22.422624467150893
104.47494043720124 61.259267871138597 22.725809434278592
104.20463311953735 60.854461313068917 23.080469658090749
103.90247260263772 60.515364578178833 23.477729900812164
103.57028533242273 60.252116282512148 23.905602584714785
103.21211652195636 60.073630564275845 24.350119381934597
102.83431346435921 59.98684890552618 24.796625867163566
102.44513654271942 59.995931184357985 25.231008953063338
102.05387435389453 60.101543866634842 25.640679605241417
101.66962691242766 60.300484867923196 26.015265652698414
101.30007368878843 60.585793449435585 26.347116633726234
100.95055983207806 60.947409685668433 26.63170603607843
100.6237715599929 61.373273900387034 26.8679397624663
100.32006586403276 61.85061630568152 27.058340838673796
100.03838513487463 62.367192525036209 27.20892332714331
99.777466716188343 62.912242712146835 27.328745882288977
99.537107960711069 63.476995065223207 27.429037562086261
99.319166549821418 64.054621459813816 27.522054231008568
99.128088328483571 64.639681102160807 27.619834091539733
98.970871977682293 65.227211405135506 27.733047062054492
98.856525166560914 65.811722439555894 27.870079893888338
98.795134507606946 66.386377033369712 28.036426520675182
98.796700782132177 66.942580326115646 28.234363010210014
98.869871805553203 67.470102671055443 28.462892238085722
99.020753201994296 67.957728470193516 28.717977046759202
99.252000257331986 68.394291362345172 28.993053249190989
99.562401279764231 68.769873194084013 29.27979096981149
99.946976119542555 69.076934492907881 29.56898120318882
100.39753632692926 69.311154365805649 29.85142913841494
100.90353880875047 69.471803768377185 30.118733100229605
101.45302175264462 69.561594011993435 30.363871851176377
102.03343410636113 69.586101445831687 30.581542243778362
102.63223290316992 69.552955173407867 30.768204881199367
103.23719471803935 69.471032014067973 30.92186707252355
103.83648241044583 69.349828241554164 31.041679525133198
104.41855933941162 69.19907932168816 31.127472098459194
104.97205182768383 69.02858522996614 31.179370642247147
105.48563939515041 68.848155335428061 31.197579454204789
105.94800683747259 68.667599256154233 31.182309050142621
106.34783844303666 68.496726601866953 31.133769386334947
