#spline3d 5 120 5 120
59.688464897987373 84.911998765472575 1.6550600791911478
60.224921049701926 84.773065295034144 1.6989890747912362
60.745616422967288 84.601931142694269 1.7333798698229146
61.251288775391657 84.401255215871586 1.7603185881565666
61.742675897831354 84.173696539221481 1.7818914623172279
62.220515263089737 83.921911943311869 1.8001818822687643
62.68554210001755 83.648528159858699 1.8172275990518727
63.138485934702892 83.356070580423648 1.8349013580971516
63.580089100909767 83.046871540293481 1.8546982055579035
64.011159498439824 82.723059834928378 1.8775914272409981
64.432672490382416 82.386592178902447 1.9038481498494779
64.845923729548176 82.039399968628999 1.9328974722514034
65.252681062047785 81.68360867759489 1.9632428853267447
65.655286898559083 81.321773407182093 1.9924329159551744
66.056594628994603 80.95698916539402 2.0173008620012034
66.459827852833257 80.592930971184686 2.0343671759171391
66.868273895344601 80.233761122703086 2.0406092283060322
67.28483660031236 79.883849321144154 2.0344932361639239
67.71156621212026 79.547397381413788 2.0170282721190036
68.149361388697073 79.228087367405749 1.9923290366273425
68.597843159598554 78.928815068388317 1.9676933655306559
69.055283184444519 78.651398710623354 1.9533585094534389
69.518837158253902 78.396438031919473 1.9612171290256231
69.984902278108933 78.163266495579563 2.0030165161237852
70.449586464902552 77.950073419139912 2.0883987369402792
70.909113659776565 77.754198700388287 2.2237484958859977
71.360208807468894 77.57243313227454 2.411113742687836
71.80035046826751 77.401533236768898 2.6482916558852843
72.227781189267205 77.238718588533629 2.9297989809288243
72.641284298978789 77.082095738878834 3.2483915960073033
73.039839665894647 76.930760290021482 3.5965684148387851
73.422327580757454 76.784899131959207 3.9677850061692639
73.787311407580347 76.645611120630264 4.3573546364967681
74.133098663407125 76.514583829673398 4.7626020110622731
74.458073904727314 76.393761304100664 5.1824581223974029
74.761066960686875 76.285120326522573 5.6167257557714096
75.04168305849619 76.190564474259219 6.0654603559742242
75.300521194875316 76.111894984362792 6.5283758068201134
75.539091610464524 76.050835511289378 7.0045189292237184
75.759467336939693 76.009017233812855 7.4922543078656236
75.963766684658594 75.987875512943731 7.9895142640660843
76.153675013509528 75.988462692600308 8.4941152509009967
76.3299505357774 76.011124313543036 9.0041372281247369
76.492124354070214 76.055133545493476 9.5182700465709988
76.638487078686694 76.118342485973145 10.035998218060298
76.766459963312386 76.196997163086095 10.55753830732667
76.873167260473025 76.28577692728571 11.083584936467661
76.956143060760638 76.377752964783269 11.614961752203429
77.014131680134255 76.464635665316663 12.152085451208777
77.047653996761412 76.537068539995843 12.694461112251402
77.059253555702142 76.585057936507752 13.240230403849822
77.053147828394771 76.598490367504866 13.786096415297092
77.034915419471091 76.567744351941869 14.327120495983769
77.01060552060018 76.484504429715443 14.856959671694165
76.985823833796076 76.342548562851633 15.368308565368695
76.964879888589309 76.138484027451852 15.853591726132159
76.950473022883813 75.871830489047298 16.305636124042159
76.943474365777746 75.545186309354818 16.718343175802904
76.943083781599157 75.163927572009356 17.087329225742543
76.947349169947785 74.73548260110465 17.410290602321297
76.953812341303632 74.26848551634906 17.687139430647491
76.960115474783848 73.771912968434293 17.91970821617042
76.964458535947159 73.254404863401305 18.111372233405088
76.965993293705878 72.723612151906465 18.266500492118187
76.96496842959634 72.185763420079638 18.389736291042635
76.962646453562613 71.645458973532655 18.485430140801906
76.961036356215743 71.105722202055546 18.557351131088904
76.962618871702617 70.568198863188741 18.608675462596583
76.970152888869819 70.033291250515504 18.642107018302493
76.986526400543468 69.500499193843211 18.660239786462167
77.014711947972103 68.968740217201528 18.665940844070242
77.057696254106091 68.436712616309634 18.662676777033827
77.118354256824844 67.903227575807406 18.654659095220424
77.199217981586727 67.367604434862528 18.647076932133814
77.302176563438181 66.83013943205053 18.646218955366681
77.428215172348018 66.292582424620207 18.659569219708732
77.577261339252004 65.758668591483612 18.695721772115554
77.748304148319818 65.234223730271466 18.76393919891877
77.939407318269431 64.727494457748691 18.873575846161092
78.147825394751024 64.248929407690156 19.033075154005555
78.369970140609311 63.810569504386706 19.248910897110818
78.601203494521073 63.424963493992706 19.524569737004946
78.835716564380576 63.10398398970878 19.860163727106706
79.066400675200484 62.857643034790698 20.252034626315012
79.284961154825851 62.692957087758181 20.69278401164221
79.482409478082388 62.613318136874135 21.171872960846237
79.649818158912836 62.618350115835163 21.676513907028077
79.779144201121014 62.70433853629622 22.19278034971946
79.863898025646023 62.864863074026829 22.706566825231466
79.899835297347749 63.091485693206153 23.204513208489949
79.885325541773497 63.374769117286576 23.674776351980185
79.821374071002452 63.70523681458512 24.107511371931363
79.711331740131428 64.074176562028001 24.495163488440532
79.560254220566648 64.473995249743197 24.832370146859116
79.374410311794605 64.898500048357221 25.116148621928517
79.160412546456911 65.342722384091019 25.345758166199019
78.924376135412516 65.802436397670064 25.522509188359482
78.671042737810311 66.273404828440874 25.649544190867822
78.403338232143199 66.750689939691711 25.731430898595011
78.121851096292701 67.227930203405961 25.773974962126015
77.82474956496192 67.696809032166868 25.783853107367666
77.508185196431668 68.146984099935139 25.768254611000646
77.16721060251983 68.566585809627213 25.734536428453648
76.796945792568792 68.943226029859318 25.689936432369365
76.393694345237321 69.26512249387612 25.641313052390572
75.956045274510103 69.52248248061963 25.594846386695234
75.485416776643831 69.708597458793221 25.555795394149818
74.986029128170429 69.820479908930992 25.528332265895326
74.464270413147602 69.858717516279739 25.515590864942027
73.927976654231699 69.827054597250239 25.519807539406468
73.385688230153647 69.731913389750218 25.542501056177461
72.845884919812605 69.581550978916468 25.584770849865627
72.316537680071647 69.385400488608695 25.647525315629704
71.804960868929896 69.153543116167342 25.731612544648353
71.317911924883191 68.896367195499167 25.83786079995307
70.861714569188806 68.624385872175225 25.967080107734574
70.442492540674138 68.348130338828511 26.120059465253995
70.066313263362559 68.078131774907604 26.297578418775082
69.739240574969116 67.824920668240154 26.500415634317754
69.467338454000114 67.599027598437573 26.729349832260059
