#spline3d 5 121 5 121
62.070163361859883 91.486135771448076 3.3770283845831086
62.523484103205199 91.06749704041799 3.5594963818702352
62.856384455479009 90.688041231699046 3.8666667222433651
63.109737222835086 90.33502516732382 4.2553502608348683
63.325303924897732 89.99427232453759 4.6803995931219129
63.535179615074064 89.666428897002419 5.117159164020757
63.79322052691208 89.383389755466936 5.5556319157076679
64.122785738337186 89.138168813079204 5.977883685307896
64.480777924262924 88.832654166528457 6.3291557652184469
64.848585943030244 88.43156029448275 6.5580564760937614
65.241253020783404 88.004206771941654 6.6656643564106792
65.661344283777083 87.598184126616815 6.6807494902951801
66.087522665701329 87.200395691358096 6.644764667873801
66.468056350486862 86.757166798634813 6.6613405959823488
66.852207399747456 86.318681503015128 6.6842211953804735
67.301442223475149 85.946654177178502 6.6524062537265571
67.762434846585094 85.583781534907288 6.6276264081017384
68.19387500443068 85.193780552157747 6.5874177481068008
68.591246060012736 84.781779256764906 6.4728797607348953
68.997942600179556 84.376800391705686 6.3654227732447968
69.426181409820032 83.981390015839025 6.3044266555351349
69.868912864990591 83.609062515700231 6.2226822722632855
70.335721290970199 83.292552059935744 6.0715176587919579
70.816813922516729 82.995872774262352 5.9118397395529376
71.292036513383579 82.663376330437302 5.8480196023721653
71.756766500430118 82.303851061095841 5.8861519118161016
72.20746753443305 81.942220729577073 5.9804159245816315
72.655343108990451 81.595614343065265 6.1205299613555644
73.13364128033983 81.285291940992067 6.2424769894229675
73.6329398255466 80.992209008006995 6.3345502094839121
74.103277994008764 80.666431217582769 6.4556203245161772
74.522024597601302 80.306121528975112 6.6480261360172559
74.967117972401141 80.010408907737613 6.8813157290253217
75.437868297464078 79.759398774249547 7.1231698129627663
75.854240986589531 79.469292618420923 7.4136340574359547
76.229737840755888 79.188909172915956 7.7649780807168192
76.59460508807129 78.962631225585255 8.1624347326684639
76.974108276231874 78.789724585490177 8.5721477793842844
77.338343937892262 78.625961421141284 8.9988026750985011
77.642554076266961 78.426466957940306 9.4555053284165478
77.900499053641695 78.202212285632555 9.930742388498297
78.134164944646045 77.965575171722548 10.413282584277118
78.319576825254885 77.751308216940473 10.924045191930102
78.428254452346209 77.597128270600464 11.47933870604807
78.480959782235871 77.494495366163846 12.054029369492348
78.503303540920157 77.416995286384861 12.631796371406677
78.511791666468554 77.332628750341328 13.208404962181001
78.4988317499907 77.257900596974423 13.789591123721243
78.500137989627149 77.218153472370119 14.374017905138997
78.609619931045799 77.227307298950876 14.946025543580673
78.772859026336832 77.262540885724135 15.508783899986977
78.916791946591488 77.298080719276555 16.073282014766558
79.055581854637936 77.307139609250726 16.640386419515661
79.216595025029648 77.336145315217365 17.199796845389265
79.39855838492096 77.401390114179563 17.751085272077628
79.585793547729168 77.451490205875913 18.305064060792517
79.774949569219146 77.549506983612133 18.84701094375357
79.945899559629808 77.746758269394533 19.369877655018158
80.109692680931005 77.93918657657008 19.896758823743841
80.294976519580558 78.064789818671443 20.438245438002738
80.484664653549075 78.118955333595267 20.993492224340365
80.736030639529901 78.087814080288922 21.517104601970772
81.058366221308788 77.947715160955582 21.991774692332118
81.354052842754754 77.698133836480338 22.440269666837327
81.598332430217283 77.322223694089729 22.818199321880982
81.819080218539597 76.851476402075619 23.106600805833565
82.046765378845819 76.345817001153847 23.284785240128276
82.257873813127787 75.800593631133481 23.328998153190696
82.41131876217456 75.231191226406281 23.315333344379777
82.539509246291942 74.6687590130514 23.223323216435283
82.601530503613716 74.108345895942989 23.077211839966626
82.555701376855168 73.529826162427298 22.970346584258298
82.436301117021785 72.97801825337487 22.812976268678643
82.258674510195618 72.482338921424116 22.554189021355665
82.049262132604341 71.997675382937402 22.304228965177224
81.811101291039165 71.497274199844441 22.12155398424051
81.547251522209393 71.003119625158362 21.949867427828231
81.242669780915705 70.526727081789858 21.798249575802391
80.896601017815769 70.062704402004044 21.722415259370912
80.532893774371672 69.604371486159877 21.709619838665169
80.177476723673067 69.141237867500735 21.725819541576676
79.85063634716127 68.657683691439686 21.780746196329648
79.581533505227455 68.150875665868114 21.913007601805571
79.399772263448924 67.644169835096889 22.140699273316926
79.275170708433635 67.148521764579286 22.431627231700979
79.129735379571258 66.681900724750548 22.761106212394367
79.055993960633984 66.270344476635032 23.162573733767463
79.1358550921194 65.902021402602401 23.619307547769516
79.303472824542226 65.577595727423372 24.08516682307399
79.552495397709166 65.362898167906678 24.570432975080347
79.859098390555872 65.28150785771011 25.073709421450335
80.197123785967889 65.358506246097164 25.546756811014234
80.592753293290073 65.543350679058491 25.943836769219224
81.030547075764119 65.764899706306139 26.265857797873174
81.471268088702544 66.034950965639212 26.535620176272914
81.902881081517194 66.343833188110779 26.779841331528438
82.317378743203491 66.676544755050756 27.026588542072208
82.681039851223318 67.061257820392427 27.275276775946583
82.973060302404022 67.511843426543948 27.512778110779028
83.188447476779359 67.994631329851785 27.762350974864422
83.339703411011897 68.491935731816852 28.033490317163164
83.442554050463613 68.998463270788378 28.311611008285777
83.451598254258002 69.509764643780471 28.590177943957904
83.377382929177415 70.007870042976819 28.891798048764276
83.2731877812584 70.474866926623775 29.235917505465579
83.086775320537029 70.900508659288462 29.585243836832223
82.786995795590428 71.26655905688726 29.933886578874333
82.458943971284299 71.592877707637257 30.299437915525179
82.06819150506054 71.866978202352854 30.630791424062235
81.594547331042932 72.124265556462419 30.866498381879634
81.097328724214947 72.355425018142057 31.081381729975657
80.608693360719343 72.457213818484064 31.385799343490696
80.153808451938289 72.474065906938534 31.76021748665616
79.732710896047507 72.465078770983453 32.166878022520947
79.313549372366893 72.417928460359121 32.572116882220378
78.903532467909329 72.27201421531943 32.962320878441012
78.4999535295009 72.033132657411443 33.316424880464474
78.099750271113422 71.741400984436936 33.629039468557423
77.720702663169064 71.417256248384092 33.932017206936919
77.377522186031925 71.080939144927797 34.260609014673108
77.085098493432611 70.752842738691413 34.649691096986857
