#spline3d 5 120 5 120
124.68278931082777 89.484843359919722 2.7248177757464376
124.19967868181101 89.14463608584353 3.0907435597877564
123.69706611036113 88.802737168258147 3.4316314923323121
123.17740114426672 88.458696321980327 3.7451272221173113
122.6431333749067 88.112063144308152 4.0288766318005438
122.09671138895345 87.762388045623268 4.2805253401921801
121.54056603746717 87.409226375362735 4.4977438855101237
120.97707771763267 87.052149350179675 4.6783346344615078
120.40851277289619 86.690784486698149 4.8204736794754757
119.83690310977875 86.324914174833239 4.9231369313494264
119.26390070949891 85.954601361687011 4.9865365554995469
118.69065268549173 85.58028613344527 5.0124706134004802
118.11768102158784 85.202849390935086 5.0046826730058784
117.54493851202632 84.823476861339159 4.9687847871959692
116.97202914900978 84.443395292867976 4.9117353828045491
116.39844503189239 84.063553830009596 4.8413754857475251
115.82390819976996 83.684296408656806 4.7656494460460577
115.248538901472 83.305307149859374 4.6921373121113188
114.67296830926492 82.925625269364843 4.6277400028625939
114.09829436817765 82.543904034685639 4.5785672221438851
113.52591830601439 82.158762629356545 4.5500103343725158
112.9573859497345 81.769085179626003 4.5467981054207085
112.39422431594875 81.374301975464007 4.5729880347429042
111.83779621546033 80.974564418444317 4.631937000013056
111.28924320481677 80.570762717624902 4.7263133247431108
110.74945429741122 80.164592252140892 4.8580431284341667
110.21917103112459 79.75846329765416 5.0284389411590285
109.69916707483425 79.355317673718474 5.2384390388466935
109.19047479917207 78.958534812695575 5.4888045398674556
108.69466049434121 78.571780855122384 5.7803427922192716
108.21395217687636 78.198912184275301 6.1139535564237235
107.75127816118389 77.843973249697001 6.490520258261558
107.31016835424568 77.511275788558692 6.9106232102133989
106.89448830742376 77.205472729355421 7.3741601686049876
106.50817644406659 76.931551312621878 7.8800533276156024
106.15499589695048 76.694771444894471 8.4259143316532157
105.83829341972333 76.500362509218505 9.0079215563086521
105.56087563312775 76.353177773141709 9.6210436464773732
105.32471041767046 76.257226834284523 10.259104435312981
105.13048849630555 76.215258339858096 10.915171612116593
104.97726858410779 76.228684124903921 11.58200017168531
104.86198559220838 76.297497658571572 12.252484632317671
104.77915436668236 76.420361110653516 12.920243515607863
104.72110666719176 76.5947542646323 13.580123521071352
104.67850346679789 76.816984100167417 14.228583417768727
104.64103466544512 77.081974646282092 14.864089066679371
104.59844060974294 77.382950982272106 15.48713603994076
104.54118602134992 77.711252246708042 16.099842752327994
104.46102820564985 78.055808523826016 16.70559552070165
104.35116875768863 78.402928986795246 17.308108387562417
104.2060176967895 78.7366317129854 17.910522528421453
104.02114924450744 79.038901399150475 18.514439835153691
103.79338202352061 79.290631518257769 19.119027820387902
103.52111890757028 79.472961493774335 19.720693313687644
103.20493806062325 79.568735321643942 20.312977794940096
102.84843326823574 79.564276581846357 20.886666251827123
102.45878199865255 79.450881001820889 21.430431642697052
102.04671370069397 79.225343443186517 21.931613323453405
101.62670247829996 78.890908628999654 22.376842967431493
101.21618334015686 78.457000468815437 22.752949442516833
100.83427177402599 77.937950631577451 23.04766483428071
100.50058743835201 77.352548063210946 23.250639015695914
100.23342126791844 76.72249910324831 23.354703278792471
100.0484762684162 76.070772780258622 23.356735482852379
99.957588128945673 75.419978311369064 23.258919916429324
99.967772494228157 74.790300484278049 23.069679297910792
100.08109171393674 74.197828715642615 22.8034092957122
100.29476354882289 73.653322079836741 22.479633096446932
100.60131043598453 73.16105381440947 22.121667020808413
100.9894797203265 72.718886009149372 21.754210484862643
101.44536674223228 72.31930177500125 21.401243282966668
101.95322053486778 71.95011091322138 21.083977214257079
102.49658979353465 71.596306718172343 20.81920737054968
103.05909387338629 71.241899136745545 20.619123774569921
103.62501412940968 70.871548212108948 20.490758565671509
104.17967978756313 70.472414655901886 20.436572138509785
104.70948222669776 70.035273085871694 20.455665767955654
105.2017978666351 69.555530663260683 20.544833101868793
105.64473999119218 69.033961684137111 20.699753882290942
106.02682404477956 68.476569157526555 20.91593098256325
106.33681351361631 67.894037215090265 21.189024235273742
106.56385525194555 67.301335455910063 21.514748561372272
106.69820091199364 66.716576194826203 21.888244066724759
106.73203397693096 66.159646227611574 22.303511373854061
106.66088976942757 65.651073301710454 22.752676314545564
106.48494756942516 65.210300099702636 23.225654503498415
106.20926071421445 64.854433623383855 23.710529591502169
105.8441098412751 64.596890466671852 24.194113614486735
105.40445913473495 64.446324654070438 24.663289241752089
104.9085302225354 64.406565263350942 25.106543576375284
104.37644397803879 64.476602371825564 25.5154266949407
103.82854955830622 64.650780743482301 25.885899823003378
103.28371720955437 64.919660120660708 26.218592129390458
102.75821310347798 65.271051761562418 26.518217846937983
102.26464111878884 65.690965643494309 26.792910962386969
101.8116955820141 66.165065395507952 27.052611678257648
101.40487625230003 66.679705752798938 27.307613476402622
101.04686284082509 67.22291852333629 27.567320555330369
100.73866427825678 67.785085234076433 27.839068824653335
100.4806102632609 68.358961918244191 28.127677307858118
100.27305535616668 68.939733381959044 28.435008847580207
100.11687014160798 69.524615762587786 28.760048633344219
100.01348698022892 70.112074042109697 29.099617425476172
99.96473408652669 70.701045454351984 29.449220047115453
99.972532215415654 71.290121099406846 29.804021063001407
100.03844734153945 71.87677877029266 30.159915700195398
100.16334552899278 72.45702291424287 30.514139576171058
100.34696847230084 73.024947732797017 30.86587831618461
100.58770798346151 73.572689981239023 31.216382875765841
100.882745087039 74.09081066686511 31.568500860656417
101.22811121680218 74.568579958659328 31.926228709271193
101.61900012754445 74.994616468521741 32.293838891902361
102.0501425417536 75.357467482247344 32.675165411623119
102.51610788496528 75.646001902328749 33.07313375078035
103.01155484977915 75.84963399766373 33.489557663454846
103.53131603814234 75.958250884590782 33.925396940011836
104.07035231472415 75.962020440419337 34.38113402359415
104.62367766630857 75.851214025619981 34.8570846393891
105.18630742095974 75.616106269013443 35.35356063348695
105.75325710642387 75.246972063316051 35.870873189787702
