#fname degree numKnot L1 L2 L3 L4 MSE traceH AIC AIC0 GCV GCV2 cv_avr cv_stdev cv_error ts_avr ts_stdev ts_error sigma0 sigma_opt
00002056.nii_L_ICA_labeled_d5_cp120_lmd1d0.000_lmd2d0.000_lmd3d0.000_lmd4d0.000 5 120 0 0 0 0 4.09306057980033e-005 120 -365.623715058083 2390.64265533965 -0.034008843144647 0.0105929183565314 0.189394693824073 0.112832416612977 0.793959189873879 -0.19464961382251 2.40335047687713 2.42868368213695 1 4.62158442627364e-005 
00002056.nii_L_ICA_labeled_d5_cp121_lmd1d0.000_lmd2d0.000_lmd3d0.000_lmd4d0.000 5 121 0 0 0 0 4.16297202533362e-005 121 -354.958821065575 2396.64286717133 -0.0325831542481809 0.010741699202701 0.188822468147741 0.113946639794924 0.794684610599431 -0.190994087215949 2.4305445207407 2.45507902222106 1 4.63395745200451e-005 
00002056.nii_L_ICA_labeled_d5_cp120_lmd1d0.000_lmd2d0.000_lmd3d0.000_lmd4d0.000 5 120 0 0 0 0.0001 4.16695595617067e-005 113.075887920888 -402.323663954211 2349.09820676797 -0.0539898045461609 0.0102984527046058 0.184660959794323 0.103867096926709 0.797427936286824 -0.146408364785212 2.25853091600306 2.27858364708393 1 4.62158442627364e-005 
00002056.nii_L_ICA_labeled_d5_cp121_lmd1d0.000_lmd2d0.000_lmd3d0.000_lmd4d0.000 5 121 0 0 0 0.0001 4.22959194687209e-005 114.004902178596 -392.573339463972 2354.67248210127 -0.0505083893016163 0.010426566661844 0.184240717144167 0.104272012470565 0.79789741547697 -0.185733199321725 2.53290797691233 2.55575312088579 1 4.63395745200451e-005 
00002056.nii_L_ICA_labeled_d5_cp120_lmd1d0.000_lmd2d0.000_lmd3d0.000_lmd4d0.000 5 120 0 0 0 0.0002 4.27214030631042e-005 109.622077269533 -416.150438739493 2328.37566156842 -0.0765653402602672 0.0102413802553645 0.18324253224229 0.102782369242447 0.798693985626526 -0.147928797770019 2.16688305431233 2.187986115551 1 4.62158442627364e-005 
00002056.nii_L_ICA_labeled_d5_cp121_lmd1d0.000_lmd2d0.000_lmd3d0.000_lmd4d0.000 5 121 0 0 0 0.0002 4.32204089696251e-005 110.508413839082 -407.507321491166 2333.69383218451 -0.0698325232023736 0.0103484501833827 0.182975982013093 0.103170385383962 0.799008329434743 -0.185812770526289 2.14694204724577 2.17385961289616 1 4.63395745200451e-005 
00002056.nii_L_ICA_labeled_d5_cp120_lmd1d0.000_lmd2d0.000_lmd3d0.000_lmd4d0.001 5 120 0 0 0 0.0005 4.62158442627364e-005 103.127713657731 -432.206389073423 2289.41053871329 -0.322703471963065 0.010305889784797 0.180799849090895 0.100866334000787 0.800872848866048 -0.153421867261082 2.0160898771571 2.03957841384069 1 4.62158442627364e-005 
00002056.nii_L_ICA_labeled_d5_cp121_lmd1d0.000_lmd2d0.000_lmd3d0.000_lmd4d0.001 5 121 0 0 0 0.0005 4.63395745200451e-005 103.943156831708 -426.503614516272 2294.30323524742 -0.233605998211579 0.0103619510681626 0.180754727779954 0.101214253397254 0.800961501703603 -0.0918135716087095 2.06588514020193 2.08060292408641 1 4.63395745200451e-005 
00002056.nii_L_ICA_labeled_d5_cp120_lmd1d0.000_lmd2d0.000_lmd3d0.000_lmd4d0.001 5 120 0 0 0 0.001 5.14482154195167e-005 97.1824079983348 -433.573787271981 2253.74029016538 0.189765395183345 0.0105595471378186 0.178644806320131 0.099069030615335 0.802786997821332 -0.141251410034879 2.00954349217668 2.03129568988813 1 4.62158442627364e-005 
00002056.nii_L_ICA_labeled_d5_cp121_lmd1d0.000_lmd2d0.000_lmd3d0.000_lmd4d0.001 5 121 0 0 0 0.001 5.11098264881601e-005 97.9402977785429 -431.329581576657 2258.28752631478 0.235990442851443 0.0105636623053692 0.178746372775167 0.0993653291673355 0.80272283138775 -0.0897442057262273 1.91207388820385 1.92770213802132 1 4.63395745200451e-005 
00002056.nii_L_ICA_labeled_d5_cp120_lmd1d0.000_lmd2d0.000_lmd3d0.000_lmd4d0.002 5 120 0 0 0 0.002 5.99395883790355e-005 90.8551470020007 -415.866272308406 2215.77929707338 0.0770783649609379 0.0110577561152849 0.176384412751905 0.0968301911082679 0.804757711635735 -0.0185430917873545 1.91084515279148 1.91872975846304 1 4.62158442627364e-005 
00002056.nii_L_ICA_labeled_d5_cp121_lmd1d0.000_lmd2d0.000_lmd3d0.000_lmd4d0.002 5 121 0 0 0 0.002 5.90331647802604e-005 91.5561032116465 -417.826515359751 2219.9847596849 0.0821709248277233 0.0110102075992311 0.176538781538868 0.0971475482364698 0.804642718615817 -0.0200777262867034 1.79105165244898 1.79961006889876 1 4.63395745200451e-005 
00002056.nii_L_ICA_labeled_d5_cp120_lmd1d0.000_lmd2d0.000_lmd3d0.000_lmd4d0.005 5 120 0 0 0 0.005 7.83453253513363e-005 82.4751889693147 -345.474454474 2165.50512581556 0.0482585347503026 0.0121616279731333 0.173330973736648 0.0935835156969176 0.807406303451696 0.00235409908719434 1.66947842247888 1.67646268475647 1 4.62158442627364e-005 
00002056.nii_L_ICA_labeled_d5_cp121_lmd1d0.000_lmd2d0.000_lmd3d0.000_lmd4d0.005 5 121 0 0 0 0.005 7.66194104342795e-005 83.103076032708 -353.55371253958 2169.2719252437 0.0493983432632396 0.0120612654903373 0.173489231440244 0.0939040695520452 0.807286336838411 -0.0130662116478255 1.69188872900033 1.70023785466395 1 4.63395745200451e-005 
00002056.nii_L_ICA_labeled_d5_cp120_lmd1d0.000_lmd2d0.000_lmd3d0.000_lmd4d0.010 5 120 0 0 0 0.01 9.95670543286663e-005 76.3672235704721 -242.988493438784 2128.86376360639 0.0409134250721477 0.013340672986218 0.171080912425318 0.0913595409291017 0.80938719506895 0.036690054651409 1.40931402733084 1.41428996657501 1 4.62158442627364e-005 
00002056.nii_L_ICA_labeled_d5_cp121_lmd1d0.000_lmd2d0.000_lmd3d0.000_lmd4d0.010 5 121 0 0 0 0.01 9.72091112450826e-005 76.9424120060776 -255.888075899226 2132.31417976327 0.0413926067112826 0.0132152999652634 0.171243736911869 0.0916081879473604 0.809253520713084 0.0278319105872963 1.74534602165318 1.7499889283809 1 4.63395745200451e-005 
00002056.nii_L_ICA_labeled_d5_cp120_lmd1d0.000_lmd2d0.000_lmd3d0.000_lmd4d0.020 5 120 0 0 0 0.02 0.000128038783507897 70.5636185435243 -91.1439687583588 2094.05076037864 0.0375490648070147 0.0147505866246782 0.169106406582801 0.0893538595351124 0.811125717396878 0.12478622872366 1.43290853532279 1.43323175847408 1 4.62158442627364e-005 
00002056.nii_L_ICA_labeled_d5_cp121_lmd1d0.000_lmd2d0.000_lmd3d0.000_lmd4d0.020 5 121 0 0 0 0.02 0.000125085222427318 71.0901343223048 -108.728560262492 2097.20896012232 0.0377667761121276 0.0146125633416965 0.169267337025864 0.0895263972626971 0.810984795286354 0.130515506813319 1.61332691657128 1.61351609992075 1 4.63395745200451e-005 
00002056.nii_L_ICA_labeled_d5_cp120_lmd1d0.000_lmd2d0.000_lmd3d0.000_lmd4d0.050 5 120 0 0 0 0.05 0.00017718693373104 63.4281601850255 188.268045241928 2051.25290211717 0.0357828360020489 0.0168353715958368 0.16666198304863 0.0872903852860265 0.813331260220496 0.129121256369976 1.16200849587972 1.16230161771192 1 4.62158442627364e-005 
00002056.nii_L_ICA_labeled_d5_cp121_lmd1d0.000_lmd2d0.000_lmd3d0.000_lmd4d0.050 5 121 0 0 0 0.05 0.000173392747477357 63.89749908535 163.983441988308 2054.06778588068 0.0358454183543625 0.0166868350877704 0.16682252445448 0.0874116495394787 0.813184672396972 0.126251820923632 1.13020880846321 1.13058006594632 1 4.63395745200451e-005 
00002056.nii_L_ICA_labeled_d5_cp120_lmd1d0.000_lmd2d0.000_lmd3d0.000_lmd4d0.100 5 120 0 0 0 0.1 0.000225871550077909 58.4549756363631 477.614684492618 2021.42854626395 0.0356782351244357 0.0186214958153895 0.164622814649882 0.0861891741870012 0.815241521990394 0.128874606358413 1.0946964650917 1.09501351297495 1 4.62158442627364e-005 
00002056.nii_L_ICA_labeled_d5_cp121_lmd1d0.000_lmd2d0.000_lmd3d0.000_lmd4d0.100 5 121 0 0 0 0.1 0.000221056130075242 58.8855700829507 445.567835400025 2024.01065387121 0.0356567477717958 0.018454422447892 0.164798263051893 0.0862836145088275 0.815077049056536 0.125193609626048 1.01859513186243 1.01903768954529 1 4.63395745200451e-005 
00002056.nii_L_ICA_labeled_d5_cp120_lmd1d0.000_lmd2d0.000_lmd3d0.000_lmd4d0.200 5 120 0 0 0 0.2 0.000290629192085634 53.8462329775494 874.525835271499 1993.79571187659 0.0365152768489659 0.0207321712756759 0.162459108600108 0.0853123331700417 0.817301141521687 0.0938327269064299 0.794292600382627 0.796661479209691 1 4.62158442627364e-005 
00002056.nii_L_ICA_labeled_d5_cp121_lmd1d0.000_lmd2d0.000_lmd3d0.000_lmd4d0.200 5 121 0 0 0 0.2 0.000284257032402785 54.2414064399914 830.953808122394 1996.16482188686 0.0364179540000222 0.0205362028101768 0.162632050439393 0.0854015878490969 0.817138468085181 0.100365480919055 0.800606256355658 0.802483479993803 1 4.63395745200451e-005 
00002056.nii_L_ICA_labeled_d5_cp120_lmd1d0.000_lmd2d0.000_lmd3d0.000_lmd4d0.500 5 120 0 0 0 0.5 0.000409965181574774 48.2926997288187 1623.59442854471 1960.51067118902 0.0387993177367296 0.0240865568606365 0.160030587236295 0.0838707496565322 0.819567656192842 0.0241732320695667 0.616103674298241 0.629887136203994 1 4.62158442627364e-005 
00002056.nii_L_ICA_labeled_d5_cp121_lmd1d0.000_lmd2d0.000_lmd3d0.000_lmd4d0.500 5 121 0 0 0 0.5 0.000400978347109881 48.6457136443727 1560.58386119639 1962.62603167151 0.0386304342692382 0.0238541545348243 0.160154206875375 0.084006286024813 0.819458568995488 0.0316959341664151 0.63489321220174 0.646798539457048 1 4.63395745200451e-005 
00002056.nii_L_ICA_labeled_d5_cp120_lmd1d0.000_lmd2d0.000_lmd3d0.000_lmd4d1.000 5 120 0 0 0 1 0.000530869951981295 44.4759627716539 2393.36903021818 1937.64688359147 0.0411701332087052 0.0270044770358732 0.158674440297443 0.0824188269617609 0.820769626978777 0.00429906963551597 0.605353876916203 0.62388410628272 1 4.62158442627364e-005 
00002056.nii_L_ICA_labeled_d5_cp121_lmd1d0.000_lmd2d0.000_lmd3d0.000_lmd4d1.000 5 121 0 0 0 1 0.000519276819779528 44.7999820463282 2311.02622462445 1939.58748652046 0.0409528742335874 0.0267415039559941 0.158773555004702 0.0825739290930273 0.82068660450426 0.00473812548333719 0.607621570296929 0.625978992524535 1 4.63395745200451e-005 
00002056.nii_L_ICA_labeled_d5_cp120_lmd1d0.000_lmd2d0.000_lmd3d0.000_lmd4d2.000 5 120 0 0 0 2 0.000689523144753878 40.9666444401564 3412.47409049741 1916.63904551989 0.0441777078754708 0.030364104284057 0.157471578268256 0.0808831192433408 0.821813852562254 0.00185364291950442 0.594672057170246 0.61413112993774 1 4.62158442627364e-005 
00002056.nii_L_ICA_labeled_d5_cp121_lmd1d0.000_lmd2d0.000_lmd3d0.000_lmd4d2.000 5 121 0 0 0 2 0.000673846607669335 41.2638031543172 3300.49270233417 1918.41724781412 0.0438898733392563 0.0300510301393826 0.157568444484149 0.081039856116112 0.821732899386656 0.0022049315065808 0.589682357507357 0.609212476449372 1 4.63395745200451e-005 
00002056.nii_L_ICA_labeled_d5_cp120_lmd1d0.000_lmd2d0.000_lmd3d0.000_lmd4d5.000 5 120 0 0 0 5 0.000992179327470403 36.7618587559456 5371.51775799718 1891.50203623799 0.049524887177092 0.0358482073535257 0.155894574328153 0.0787848375387753 0.823179743356966 -0.00393488617771632 0.720302837303456 0.737677057228399 1 4.62158442627364e-005 
00002056.nii_L_ICA_labeled_d5_cp121_lmd1d0.000_lmd2d0.000_lmd3d0.000_lmd4d5.000 5 121 0 0 0 5 0.000968026963381629 37.026773112176 5198.62395786583 1893.08420420906 0.0491209597088457 0.0354444656385703 0.155990011917166 0.0789466448785265 0.823100247721973 -0.00267158834022631 0.722096325204147 0.739157516540793 1 4.63395745200451e-005 
00002056.nii_L_ICA_labeled_d5_cp120_lmd1d0.000_lmd2d0.000_lmd3d0.000_lmd4d10.000 5 120 0 0 0 10 0.00131566862415107 33.8821989472648 7475.09809910417 1874.3220946428 0.0545829385997357 0.0408388460311449 0.154850545644952 0.0770688481072886 0.82405672904388 -0.0159652726249266 0.50280989281297 0.531152751954797 1 4.62158442627364e-005 
00002056.nii_L_ICA_labeled_d5_cp121_lmd1d0.000_lmd2d0.000_lmd3d0.000_lmd4d10.000 5 121 0 0 0 10 0.0012837931462642 34.1251018013189 7245.91034563203 1875.76985349733 0.054113517662045 0.0403775437097237 0.154928370692206 0.0772338317913116 0.82399469284257 0.00215358847956794 0.445991414195961 0.471527958566914 1 4.63395745200451e-005 
00002056.nii_L_ICA_labeled_d5_cp120_lmd1d0.000_lmd2d0.000_lmd3d0.000_lmd4d20.000 5 120 0 0 0 20 0.00172491373082182 31.2395950754691 10142.3324269364 1858.59047267935 0.0601306738336048 0.0463063059850263 0.153998408480878 0.075470688430186 0.824757357965299 0.00411197708783337 0.63899319119795 0.656617749300855 1 4.62158442627364e-005 
00002056.nii_L_ICA_labeled_d5_cp121_lmd1d0.000_lmd2d0.000_lmd3d0.000_lmd4d20.000 5 121 0 0 0 20 0.00168560909572393 31.4623456915646 9857.28276388528 1859.91506707149 0.0596320542020739 0.0458132392139112 0.154066827146826 0.0756035279942102 0.824701393676835 -0.000645735969153598 0.713535691735281 0.730361743385802 1 4.63395745200451e-005 
00002056.nii_L_ICA_labeled_d5_cp120_lmd1d0.000_lmd2d0.000_lmd3d0.000_lmd4d50.000 5 120 0 0 0 50 0.00240124181617611 28.0780996468374 14557.5009916416 1839.82642751742 0.0678705462757839 0.0540071475507709 0.152965207909606 0.0739244349596688 0.825646348925489 0.0114426625030081 0.597609587371487 0.614662535065886 1 4.62158442627364e-005 
00002056.nii_L_ICA_labeled_d5_cp121_lmd1d0.000_lmd2d0.000_lmd3d0.000_lmd4d50.000 5 121 0 0 0 50 0.00235038953624911 28.2767682538903 14184.9609037441 1841.00303091892 0.0673314746241442 0.0534708594003206 0.153033610046987 0.0740103539161078 0.825585919380564 0.0111211390325143 0.614938345106924 0.631596819437454 1 4.63395745200451e-005 
00002056.nii_L_ICA_labeled_d5_cp120_lmd1d0.000_lmd2d0.000_lmd3d0.000_lmd4d100.000 5 120 0 0 0 100 0.0030685243182453 25.9151071271049 18919.3559829374 1827.05065899715 0.0745132649022827 0.0605751593468925 0.152177482087044 0.0731037265937982 0.826357905715786 0.0117238612650492 0.532541140844613 0.551536124927681 1 4.62158442627364e-005 
00002056.nii_L_ICA_labeled_d5_cp121_lmd1d0.000_lmd2d0.000_lmd3d0.000_lmd4d100.000 5 121 0 0 0 100 0.00300151684220507 26.0973057366372 18429.4021518005 1828.12354738911 0.0738744612119946 0.059949537834072 0.15224620943764 0.0731690135780002 0.82629522649624 0.0119674527152368 0.526275921758143 0.545425086692841 1 4.63395745200451e-005 
00002056.nii_L_ICA_labeled_d5_cp120_lmd1d0.000_lmd2d0.000_lmd3d0.000_lmd4d200.000 5 120 0 0 0 200 0.00400784233096316 23.9312197528615 25065.8029472961 1815.43194810955 0.0829656274936114 0.0687363850701155 0.151431719062115 0.0724585050659944 0.82704396893239 0.0109791779695046 0.506898721825472 0.527022411398158 1 4.62158442627364e-005 
00002056.nii_L_ICA_labeled_d5_cp121_lmd1d0.000_lmd2d0.000_lmd3d0.000_lmd4d200.000 5 121 0 0 0 200 0.0039090111042423 24.0983139586333 24351.2296538594 1816.40456748248 0.0821143319892057 0.0679242639342929 0.151491747126563 0.0725112285826076 0.826988792893506 0.0111811938095676 0.50332761243211 0.523532955086914 1 4.63395745200451e-005 
00002056.nii_L_ICA_labeled_d5_cp120_lmd1d0.000_lmd2d0.000_lmd3d0.000_lmd4d500.000 5 120 0 0 0 500 0.00606720431797445 21.5586837473533 38553.1426136144 1801.82071875856 0.0990305640489805 0.0838588853482093 0.150810299783356 0.0716894253472672 0.827596025307064 0.00879740136894229 0.517709901538233 0.538018611423756 1 4.62158442627364e-005 
00002056.nii_L_ICA_labeled_d5_cp121_lmd1d0.000_lmd2d0.000_lmd3d0.000_lmd4d500.000 5 121 0 0 0 500 0.00589023644022201 21.7077119738132 37291.4995233965 1802.66126685036 0.0977590084613228 0.0826706147238661 0.150831141760931 0.0717428024858446 0.827579887223699 0.00925497071853768 0.504395586056006 0.525091992769148 1 4.63395745200451e-005 
00002056.nii_L_ICA_labeled_d5_cp120_lmd1d0.000_lmd2d0.000_lmd3d0.000_lmd4d1000.000 5 120 0 0 0 1000 0.00862813014200957 19.935871414194 55333.3299974374 1792.85980528429 0.115731344576248 0.0994297014426514 0.15087835335696 0.0709034131823533 0.827460505223207 0.00953276958655814 0.497869232109905 0.518747957616601 1 4.62158442627364e-005 
00002056.nii_L_ICA_labeled_d5_cp121_lmd1d0.000_lmd2d0.000_lmd3d0.000_lmd4d1000.000 5 121 0 0 0 1000 0.00835773112789965 20.0725367833129 53415.8653202285 1793.59786659773 0.114095796506548 0.0979065439952403 0.150850111821605 0.0709838397672161 0.827495538126765 0.00913133576089951 0.511430815107324 0.531887470326612 1 4.63395745200451e-005 
