#spline3d 5 121 5 121
69.862336430159004 113.20490087766098 2.8102185930068115
69.421664592309369 113.06260734817538 3.4698544912138272
68.916699907275074 112.8820335642271 4.0873223453045844
68.403051151979355 112.6844272407865 4.7012040931354502
67.947854698866948 112.50024235339365 5.3609652960978709
67.587482864039785 112.29243715302648 6.0737724790916738
67.270981255737439 111.99713538591153 6.7735559432789758
66.976070938941092 111.60400018047703 7.4395261629022365
66.800234011871041 111.09499387467636 8.0632075398910619
66.670154055850702 110.53927548836693 8.6570496750418826
66.612085465642252 110.03801942304371 9.3056744263733879
66.616312966188389 109.49677903953285 9.9399654232653347
66.716573119517335 108.74106202929539 10.302941812813167
67.011474563054009 108.09384464535731 10.710513423081725
67.272364771858236 107.44617354049345 11.151316504130476
67.652589494381388 106.85067231564733 11.586844876437871
68.280843908543858 106.4052615121921 11.921871221186578
68.919049161683816 105.94776591798829 12.148439374768097
69.536372428714486 105.42554014552051 12.329446377787121
70.072611614047801 104.80077200196494 12.393537645552978
70.683361721392899 104.25563891420973 12.454346841140687
71.341869437849653 103.76238284253367 12.497140228911876
71.925758909841875 103.18184563070491 12.433680763787292
72.534449618836518 102.63215942395554 12.403782220909976
73.190535235201395 102.1354554048777 12.397008000945503
73.828182648976949 101.61885371193587 12.336050164902549
74.492141015774735 101.15028899358157 12.208739508367707
75.193841504821364 100.74966458772958 12.043143811482134
75.872727463000416 100.29234683973831 11.966634207736581
76.537779796519914 99.805857228736812 11.977571544650909
77.204470102320457 99.327348130713077 11.951201366230553
77.871698642085363 98.848220286382613 11.913924542245319
78.601916586002631 98.463043774629739 11.933810703656544
79.298765720267482 98.033043901765708 11.855649382202817
79.903740210928902 97.473489613380778 11.723627685971811
80.614774015072371 97.064629290036351 11.815449388985476
81.316526594452981 96.639172429168397 11.903507282956888
81.937961092270598 96.105789442696306 12.013581059412282
82.58564087719445 95.690937400873992 12.325575128496045
83.338152292626589 95.419266586070336 12.544727036703804
84.025111411489135 95.121901152915555 12.88468300546551
84.607669976891444 94.731875700553829 13.331246025741319
85.249694700805804 94.54483873429551 13.813527288110143
85.869876507054897 94.356648773739366 14.324839296871383
86.326769110187371 94.068453188354468 14.959735414963694
86.678888779858653 93.854875342388922 15.672235250017961
87.056149616289005 93.658230760643491 16.373516269371052
87.508854434634586 93.442606704430204 17.030098154035606
87.831993255147822 93.210756353324285 17.751206378163051
88.081422001070962 92.919157083870189 18.481943059829565
88.280952943904836 92.550439764860627 19.188382144683413
88.497487183169426 92.16694358630383 19.883256443100635
88.761172624489376 91.846619506996745 20.59317458912637
89.021951590598533 91.561706799942527 21.319012974417799
89.26268716393318 91.18623334880165 22.011342416708125
89.398855246140656 90.762279423856711 22.708307211165362
89.609963296904525 90.374747356665182 23.394024941357422
89.849941625637456 90.098770861228971 24.145974004339607
89.908508891831985 89.895001521581378 24.939185676223428
89.915531697973563 89.891587683323152 25.775689348922924
90.013314561143517 89.848214722632832 26.581018957193585
90.168852717756764 89.788365037704651 27.394152541222688
90.325322661494781 89.547084768652198 28.187543345583801
90.711233863747623 89.004633820932142 28.713139064037485
91.099397583210333 88.460550707409325 29.195618596233782
91.366490491587101 87.804312207273739 29.602873531102873
91.65865080759734 87.171993552460961 30.049590364832007
91.998382365817307 86.401716661816607 30.253651739653989
92.226262440462691 85.63217951798228 29.994690106460823
92.375844141777733 84.896283336715399 29.653734313720097
92.405347042563989 84.151230432175836 29.291830355786516
92.187302628607597 83.512582045990897 28.794306374351308
91.970165008741475 82.98195849489889 28.195774945764008
91.681427623990558 82.600916918781252 27.524351449961298
91.233571909185812 82.314605926596997 26.882713584986465
90.703671927730127 82.107432743673826 26.289168487941467
90.098710042043834 81.965570057554572 25.754357628952107
89.439146140024079 81.789411286436746 25.269390005362297
88.69688889938412 81.50339552736412 25.022013302124787
87.96120461375881 81.109719826504588 25.015007245455966
87.274971304296145 80.665322916982916 24.975306987971923
86.654634335249966 80.109387875808636 25.058984296895943
86.077572181110938 79.602689629881525 25.320398394375559
85.366338433555356 79.190157021784415 25.565426694313764
84.897226967511017 78.685319236129871 25.994666287827336
84.72516311818795 78.049210593504156 26.543951835926595
84.43309834910427 77.494130789724892 27.064315466685539
84.416720358170082 76.874018708533853 27.620465531979658
84.403968348379124 76.312140976830619 28.228364171200095
84.575049177897696 75.834640640125173 28.888183303438513
84.95021965991485 75.484774932056254 29.542113434725589
85.395232461230208 75.282718938910392 30.217319308228848
85.965173546055084 75.235432510959839 30.819010852979581
86.651485517860408 75.407823522781683 31.281111295693535
87.330666290549402 75.699253974827087 31.620621048905114
88.040800224398595 76.019669951558797 31.90099069029289
88.679492506959548 76.426017962966128 32.238258383314133
89.05278468192887 77.101079401557143 32.591459973916251
89.365665324312474 77.805713172605508 32.855138888678454
89.754221864877763 78.498428721358749 33.079686058731561
90.035693135074581 79.225768856248521 33.352587942282717
90.18098866318887 79.943609692587827 33.744616822317226
90.226208977365445 80.609581163412813 34.221702547188514
90.234768807114946 81.350939010802506 34.59925142215026
90.090021792385926 82.106473434126684 34.89588298795249
89.773907667693649 82.76192997228209 35.293161948471393
89.522443013638991 83.440856555324686 35.687814125843062
89.089631964447818 84.041913062273508 36.049902783501928
88.600546868434634 84.63314025497381 36.362455797771943
88.008737470422446 85.141315527921321 36.629371576055505
87.282667418515615 85.540877773235408 36.72831245194255
86.539045313204269 85.880270212128522 36.769518201562761
85.75252625127689 86.124645815450251 36.81811744436051
84.953155687785681 86.326326606538942 36.857459452265871
84.127948782550078 86.345657969258852 36.851905219283488
83.302083777329969 86.309982914478965 36.85374679156795
82.504536156929419 86.173057358482623 37.003748351200628
81.702776615238193 86.027210455138174 37.116458491441833
80.903187033425525 85.891648813072564 37.239108401075207
80.127346028852855 85.697784809175715 37.456174770797304
79.391899464242215 85.399796173732284 37.837824277169148
