#spline3d 5 121 5 121
117.23572240483428 81.592433045970736 1.2849790428303141
116.74718101952662 81.28580134154619 1.3939418679330007
116.27946810512387 80.94388523829349 1.4858973710860779
115.81671405959554 80.590334678199227 1.5600369543003301
115.3421217895476 80.249767069227758 1.6136070303018457
114.84722777545196 79.938328313052921 1.6620073917124321
114.34310619867345 79.642667520009923 1.7165827253479278
113.83114992125127 79.36073167823514 1.7660248148429014
113.31183634934725 79.094751043960542 1.8188816489898194
112.78607043695473 78.838428223302984 1.8759405442805788
112.26024426420923 78.585111242157993 1.9504426702994191
111.76678071658309 78.325306238900779 2.1300234740643833
111.29956485814105 78.036666895699142 2.3440003880420766
110.84238715482181 77.707310077301798 2.5070482090052155
110.3713781132633 77.387674790858043 2.6505878201649309
109.90435079752986 77.089344023697976 2.8421450027073614
109.47883136436153 76.758870117716683 3.0779773109770474
109.03149381703443 76.482957776255532 3.3403664663609152
108.54855346941902 76.22540880512949 3.551116585512665
108.05642062102181 75.960420056741086 3.7317344388450171
107.59377985592097 75.71651230679845 4.0019475519179402
107.18596370620574 75.457452768844718 4.3372018791091937
106.80399716731928 75.187689316429555 4.6913930125060253
106.39307177811857 74.949843812990935 5.0359601486821637
105.97273244888001 74.742379441900596 5.3917516148045079
105.5970920944348 74.54864184411926 5.7977383219003276
105.26388317384726 74.350468002662211 6.2403805344286107
104.94368924769189 74.156218308190489 6.6930471946431087
104.67551752396724 73.98912638681746 7.1870756108664651
104.45312006296876 73.832348921549411 7.7087791885451855
104.24566792197975 73.681755427650273 8.2362705607696469
104.03210032291101 73.509876753189687 8.7539694001622852
103.82079069595862 73.326494594422883 9.270122018351568
103.6582299526944 73.200391266735295 9.8233513196083475
103.57130222209332 73.126235143696718 10.399913108980208
103.54170072816201 73.091455062913809 10.986267462859015
103.46870032721662 73.095793553278611 11.568502098889269
103.3832557063695 73.089232372826672 12.148146267833983
103.32367993092215 73.033084244597646 12.729183487238336
103.30785975880177 72.999243958949776 13.31964401918499
103.39177127501429 72.968382236439908 13.899326934474496
103.58676348207325 72.912795226566729 14.454904128306959
103.71792294909309 72.909824818389154 15.026072407631474
103.82044775285766 72.934491607134063 15.602702826514681
104.00708120008119 72.855219463686069 16.156062533325407
104.13550512402581 72.703044509459986 16.712306211119792
104.20528230361629 72.475242853685614 17.249496385833524
104.28467504073956 72.174370328507649 17.750397198216664
104.37392231964752 71.814335106946146 18.207255591222903
104.46406264064676 71.385564557294416 18.600208760153766
104.545730142791 70.903758195355593 18.932047421108408
104.57585288007489 70.383708389784829 19.200926682493503
104.56753193743891 69.838692230017557 19.422254233286086
104.55359262139177 69.281691760043529 19.608820701319722
104.51529425475262 68.708249072660337 19.73459943900475
104.45982433366154 68.125377042769784 19.788247422663286
104.45055401832518 67.538936963799074 19.790135268749484
104.47026375714361 66.951068465885001 19.801219670677352
104.48753582676233 66.368696204526714 19.740191788363155
104.54576321091704 65.797924226752329 19.607358883197012
104.66079901181328 65.236430028665851 19.477534570636983
104.80462379516264 64.678601500774292 19.367460307390783
104.96678591848365 64.131668545642555 19.231362697996715
105.12071282807347 63.588520780844043 19.068571917792468
105.2219877882517 63.029259642767698 18.922772435561559
105.2565522323892 62.453417874193818 18.799450507061191
105.22617494692477 61.873620605007062 18.704103789727629
105.10172200011309 61.302136334668212 18.647425376837102
104.88331801177318 60.751379434423725 18.595151388594989
104.61722623852725 60.228779039058907 18.61849135340222
104.32527013079159 59.75330368866949 18.811592844437577
103.98932074055787 59.328711098056672 19.058189251018543
103.59846108535453 58.991888518050715 19.339190126166407
103.17632264933752 58.763269797995939 19.687494506237069
102.78839812592091 58.630758505108219 20.112025054663171
102.43270748711994 58.580845483819097 20.581200970454887
102.07398227720765 58.629112729641477 21.042481254954399
101.71124499297434 58.743377814211534 21.491783612437374
101.38259695764772 58.861689372738617 21.964410601395354
101.09483615773691 59.057484197352466 22.437722896158427
100.803001266492 59.361699865711685 22.853577889225289
100.51496996583555 59.727441898913611 23.214283542547047
100.22536787651923 60.13548344477487 23.51847914811211
99.947971158957884 60.56312919395257 23.812870674681189
99.686572000828519 61.012727414419878 24.081784313428088
99.427651475795145 61.504865640635785 24.274560658949159
99.193382072273778 62.01420318716778 24.455441257714483
99.011310880799712 62.556118253422724 24.579997934110732
98.85484031827896 63.121916891950129 24.65115264892642
98.771871572173623 63.69898242483309 24.741663121088258
98.840208995933878 64.271953762388151 24.8633590523139
98.983289331231077 64.828227760171472 25.010190479859084
99.197859209793251 65.354487391245783 25.149058160088224
99.472326024500532 65.865022182821775 25.243599203385614
99.739459590199573 66.387064923769174 25.282227828159865
100.00000714540232 66.912723048389125 25.33318218508407
100.29401776087367 67.403087139231147 25.462594640995654
100.63928910702491 67.847094687899897 25.638664942467702
101.02647714729871 68.273028450048059 25.75253188287904
101.43396930440736 68.678472103109684 25.870041412103376
101.86007277679191 69.048834025742437 26.034669755894424
102.32169668532148 69.374867012267018 26.192605197808309
102.80440231015069 69.664851798069208 26.359523094821657
103.27871317130327 69.949503215610648 26.556400399380063
103.75427871374438 70.205422603783461 26.782334122729832
104.24215796490799 70.429757713465051 27.024213489845874
104.73234897312898 70.615093755358544 27.296532689888068
105.19790622645679 70.685890445868239 27.646562435661899
105.6409745110039 70.699453866275235 28.036916325371184
106.05917821808603 70.711564654577373 28.445693133516549
106.47686937612417 70.719574259005498 28.858744253356736
106.88601177606709 70.761695976741592 29.277634246835152
107.23340463267165 70.839697639609525 29.745246937104007
107.5544269916288 70.847927218515551 30.238067805703778
107.86636776400762 70.796268649615257 30.73327402415763
108.15999877128726 70.715622549713572 31.235317255875692
108.42026419298999 70.612977653726361 31.751907610689944
108.62499811032127 70.474315287949452 32.284489534152073
108.78794424208132 70.30928159624861 32.825119652637994
108.94870481575998 70.144236910493248 33.362346905191281
109.14422991974925 70.003808421014014 33.885063640018927
