#spline3d 5 121 5 121
63.647354955217558 88.480015448031949 2.4091786885192903
63.337304613352302 88.678217976419688 2.9932549752859408
63.05933475778901 88.896990210448024 3.5966270038724213
62.822794195285532 89.096846985453652 4.2255422768488629
62.655931966231982 89.250628830354358 4.8936824333410991
62.480376898397921 89.289871211020838 5.5688419129677227
62.311081124234477 89.248268104171117 6.2492414283739528
62.222541597918735 89.269195451514449 6.9475919287509376
62.140578704519712 89.128725011721855 7.6299748189150227
62.045933647362482 88.900078965530895 8.2883418589937889
61.933813948138088 88.646931638589393 8.9317677493331828
61.844256413722711 88.321178823860379 9.5478781115827243
61.839538286093166 87.904815020679138 10.114955240657464
61.930822869979359 87.496184441013909 10.681855292063991
62.132265264655814 87.114794781429566 11.23282509797585
62.377656575732942 86.686215029898236 11.733135067965192
62.656543831912145 86.214392691621811 12.175412404187668
63.051840471303208 85.752176506530787 12.52984565880848
63.480037082652792 85.261665915034996 12.791354890008577
63.908117122616417 84.761997440254632 13.036994671324157
64.406580020497671 84.291727519396986 13.185395331715315
64.943524600036142 83.849158225189768 13.282180830344455
65.51283610565693 83.45615290308254 13.39052758861885
66.114333926801109 83.105874490777552 13.467143387698526
66.719252240111743 82.760574048582455 13.546930444033594
67.335989975007294 82.4373570798234 13.615243036718365
67.969065568807679 82.138760752731571 13.625860892277188
68.591087004117256 81.817011624011414 13.682863927294338
69.216882830234766 81.503182557278024 13.67386797585641
69.831008466202647 81.189338061275492 13.521330957461057
70.443419028217676 80.858172290464651 13.459394672480514
71.037924030658573 80.48438017357725 13.459450437318731
71.609429205904988 80.082974582344278 13.403824082439414
72.213096720873509 79.724850213389132 13.425688055417714
72.806824354748187 79.36456132522413 13.533754972729739
73.392518100145523 79.022627326168333 13.702587697355142
74.009622331501092 78.698667862127053 13.803708426691431
74.604044940379268 78.381014319641636 13.990427734420773
75.162141993001512 78.104162580635887 14.324229320697784
75.735009877303199 77.89857130527561 14.670980579024704
76.254403565627769 77.661266720200501 15.078023877283629
76.75574392009139 77.497452659576552 15.537556639196614
77.264356959874547 77.341467897655491 15.997868993171512
77.72013351830293 77.194454738508156 16.508871700567962
78.088014931886249 77.169463465232781 17.112371662110128
78.412105048795723 77.080650436060395 17.727256326631693
78.694879833678044 76.930537981643383 18.351297191944695
78.945017671062402 76.942521794972919 19.009437045063571
79.128628317629278 76.897333147490016 19.687442026478767
79.193880346812762 76.916918634818828 20.385315801561998
79.270662712183622 77.023260413526188 21.075670962263839
79.375820173740564 77.109932510877186 21.761666430087811
79.44950901169662 77.180346578352399 22.454398786935101
79.508521653341319 77.262183441415658 23.149011945055189
79.672542665269901 77.299682296387047 23.829465326725696
79.861040447811902 77.309711463432151 24.505471852496498
80.075833173681843 77.423055995358055 25.164870634127542
80.256423511822845 77.602985970060374 25.817678392443256
80.407657293270262 77.817601246700477 26.468434387745933
80.646030188407138 77.954837992828502 27.113068505571551
80.845984586399396 78.012825786549783 27.785530062279065
81.087339031803367 78.001623999437172 28.449208373819857
81.45509901214659 77.813597331770595 29.025721536283999
81.818707398689341 77.498264803879636 29.550246656718024
82.081284244348524 77.046962927777003 30.015736513765304
82.359684637147382 76.49319268458936 30.368813649560789
82.662646536244267 75.890075746516047 30.57639869777136
82.916401498898196 75.221206230792347 30.547389678807018
83.076287434328236 74.548072616727879 30.392543246511647
83.162515474726618 73.934496404018688 30.069763530657191
83.237508790553406 73.333188505833249 29.697477765398268
83.129221097043271 72.729346117892476 29.350881991311191
82.838635353999521 72.202539867457517 28.972838417907212
82.522192409257869 71.698718881981392 28.606891870155195
82.192872208874789 71.131364627960437 28.351274879769175
81.768720947680052 70.608125627982872 28.147477853577207
81.301601168594402 70.096061518073654 28.038814693259202
80.880024536651078 69.539306856150944 27.968931418104315
80.513289741138323 68.940237886072637 27.979108208255727
80.047306450307786 68.412368603969071 27.990193053340363
79.59107998471751 67.897891597655033 28.132354829074007
79.250262884646574 67.333514514905772 28.393974266571778
78.967882593239437 66.785330782493091 28.732513823455431
78.7480807762159 66.289209561078721 29.180411358257004
78.634517161978039 65.908187643107013 29.770451741357121
78.675473811868557 65.567668320740438 30.392813664752634
78.918979901304766 65.31475777261268 31.007555411920414
79.228589878461435 65.180957196202044 31.631694911113623
79.575555801776019 65.17977407643194 32.242633416988618
79.909810247868847 65.35100713348254 32.83778952315911
80.282841070186407 65.568175255122341 33.410072682206724
80.81873944787543 65.874473029945889 33.755385236050991
81.341663644923031 66.307029385916977 33.971047246797113
81.823039186668311 66.758938691839106 34.194254263819893
82.238895179127098 67.295392837552157 34.380270171602348
82.579066986979555 67.86784219743268 34.604676476860142
82.854720257987907 68.427027932645231 34.934245738496735
83.045627536641661 69.018711912157656 35.256263692278615
83.130560331748853 69.668595083864588 35.514581827794778
83.226769763791694 70.279924486230541 35.841170367097753
83.297856532163038 70.88138144040191 36.196849552636991
83.263942240491147 71.513635125943821 36.50420677808502
83.149025268010888 72.111894464095784 36.845795598523701
83.023435419167853 72.690525957196314 37.231347200846628
82.802722530959983 73.272092089469751 37.55271071460772
82.416028132265055 73.787101512010409 37.843251949036308
81.977360672612932 74.26041088328212 38.13258228854346
81.429731460758859 74.669723569948601 38.284838704526791
80.786719607927651 74.940171671947738 38.447752873363221
80.104684248881782 75.0487548726515 38.576889344105282
79.40690374110892 74.948132064819433 38.669838462496557
78.765782418224433 74.896457035482129 38.959593966020343
78.190217959840027 74.931785327384617 39.365347071780562
77.592233086169855 74.926099214755951 39.729030318928608
76.935450503066264 74.870730291050151 39.989738802101883
76.280707257400536 74.687949752929171 40.167140112113145
75.657619321809335 74.403512782112429 40.328896774155702
75.061355910293273 74.086414722914526 40.509831866861944
74.458819569538377 73.753708379137677 40.637455613322537
73.826797878490453 73.448674547585512 40.711095299806416
73.141307658577944 73.207793100240906 40.718164818652781
