#spline3d 5 121 5 121
122.5705918325678 86.03019407055919 2.6724050814396172
122.68626025483115 85.522274552209311 3.1284213117218584
122.75291087770088 85.268389056327251 3.6742659392921913
122.77512026308477 85.13552817483702 4.2632120435784415
122.75725003758842 84.985505317147599 4.8470628860148661
122.70010308427803 84.724757544728959 5.3898243478555932
122.60212331251763 84.375612829974742 5.8768128824172639
122.42294310785634 84.013004295318126 6.3225231167068108
122.1796455128645 83.718684904518497 6.7891732089974157
121.90938351729351 83.475650991988118 7.2734588664975668
121.57753726156977 83.233355826781704 7.7145899305343448
121.19600644618612 82.945242313429901 8.080210518833109
120.80182480267393 82.622640088460628 8.4048812123424508
120.4136046814687 82.300904916761553 8.7327809356323645
120.01488517502342 81.970034886657231 9.0383574826205066
119.59547076440698 81.627728026629555 9.3087061435535148
119.15803287469775 81.273195733972884 9.5215409751139184
118.70855874310485 80.894981738411616 9.6507535572848688
118.2587977274483 80.505747475544922 9.7573659799842716
117.80520148491865 80.118646957537734 9.8445286197294752
117.33526647929597 79.743287783054654 9.8595548198158713
116.85030179462768 79.385171187624721 9.8194044626701125
116.34374974895024 79.05921351168945 9.7844327349104407
115.81362464164127 78.774632092584014 9.7973143262639404
115.28093723986298 78.504381329855207 9.8769161434977502
114.7587278235153 78.214249769859322 9.971338464304127
114.24491574330021 77.903977108211151 10.006858856608027
113.73889184716234 77.582379974432442 9.9435304502529611
113.23587655518959 77.259455933471912 9.8563749962724962
112.71004590901036 76.978430943100932 9.7774777343804526
112.15942491012432 76.73671249257545 9.7274011870315249
111.60811720592464 76.493137789335179 9.7507474350623529
111.06000407158864 76.253766217507078 9.8365744674893758
110.50082750672695 76.059585193670713 9.9416786403404256
109.92413094434633 75.911692066112295 10.030823744046097
109.34195413585782 75.77593784984839 10.133688550964461
108.78188868048653 75.66694776447487 10.333547367311667
108.27355739330159 75.618539178212416 10.657001906282352
107.80592337211986 75.577705970911268 11.041364591295155
107.3701222421216 75.500031049652435 11.451218475019067
107.00135983455675 75.393579935263446 11.913158027777117
106.67910277413934 75.27092713008004 12.408465094881652
106.35826713863423 75.138023473549396 12.900952939453536
106.06900698103078 74.98261774384396 13.408416557982111
105.8660087549392 74.817361535320913 13.951148408291562
105.76301188763713 74.672899859712288 14.528752836949417
105.64987877013692 74.550389885065741 15.107625838610359
105.46752802893145 74.42993060365832 15.669594023678631
105.31052565529286 74.281051471097697 16.23194469491802
105.24234433805658 74.102477690813146 16.805021258675232
105.23220208021353 73.915549199124115 17.378727221134579
105.24328358929094 73.708751773019557 17.943858637092763
105.25512683637487 73.506225144896376 18.511503704294203
105.23708815044705 73.358271252582753 19.095278176240956
105.16607028663117 73.254217308545805 19.685931611170794
105.05219944673073 73.162707400298913 20.270888237571242
104.90015689403084 73.077998272136313 20.847626146697085
104.73689817317621 72.954443478750662 21.413021907373803
104.59106729829863 72.748446662625952 21.964593905664522
104.44380586474851 72.463208287700027 22.481081027133079
104.30663306127221 72.073019925831531 22.914867803919726
104.20162815315039 71.598723898139951 23.281411342658267
104.10182603002431 71.076839965163188 23.584707447962707
104.02415858071032 70.497124254548609 23.730653319900927
104.03845737639216 69.890975909511795 23.754818451552275
104.08021864393639 69.296608947061543 23.842335352104147
104.14466691983895 68.714934577167625 23.985376037829443
104.27625319195377 68.137302103529095 24.097424655820145
104.43291667830073 67.559729824665766 24.170351733780858
104.58294195861555 66.98130645549621 24.241975333183664
104.7365794344834 66.404108035879858 24.318569905135888
104.91961198837681 65.832671116236753 24.373204389565355
105.13035824733194 65.269427025866136 24.398758764146521
105.34342527559973 64.707132850566595 24.433209233133862
105.50100327358876 64.127505611086733 24.520258143714933
105.54680863811883 63.527756277845548 24.585806360046259
105.47849954947915 62.932512273512948 24.627376368554415
105.33380740394966 62.359334981818357 24.756585793825352
105.10425437001211 61.812420748445462 24.960415738596307
104.67717634107484 61.442454612574714 25.186132133294535
104.09099294472884 61.344145402301393 25.380559857154733
103.49329655877327 61.422390085384258 25.515800895455499
102.9195236666332 61.57738879388458 25.605935112006204
102.38030211173576 61.805087338057483 25.736872166074097
101.89084353422822 62.105979856039255 25.933913422093791
101.45276299301734 62.480899716514251 26.110685074016331
101.05841722543904 62.891514884707625 26.306097631038057
100.67120002939237 63.287749861380455 26.544484113926966
100.29581957187692 63.661667211796924 26.833569996446695
99.959687277419405 64.029409483814163 27.174304210292636
99.683590771833821 64.400290132968436 27.561187804362191
99.431152991714413 64.745170799720412 27.987298055150823
99.187361942192524 65.05600971353968 28.442345444310675
98.988168205044744 65.376788741776551 28.909795428667941
98.827836682844762 65.742533461735036 29.362021832845208
98.72024610393953 66.141829993582036 29.805177890181472
98.694328636676715 66.598504651651666 30.201441645695592
98.796855060261478 67.065725428808335 30.569685905519123
98.972867354384221 67.487799797389712 30.965707830258811
99.142209226533936 67.873700617868849 31.396139482074961
99.330990237702906 68.274360376991098 31.802186162186064
99.5584031998537 68.688342967036064 32.179384937708299
99.833044301702287 69.083334000785726 32.543049314349553
100.16535479632707 69.458518236067803 32.87581234415353
100.51829203894707 69.823837279734192 33.198710327893423
100.88736026669922 70.178965446030915 33.519101436927563
101.30293402273284 70.525562372205272 33.789205907654875
101.79409023014094 70.81508881592606 33.985079872327503
102.33093573989754 71.043952203496048 34.143323278489689
102.87270637337863 71.244592189563491 34.317453375764359
103.43096141366271 71.39620199536715 34.490990064007292
104.01602096752127 71.463453609366752 34.616045482673584
104.61543714367316 71.457488781042528 34.696415627429843
105.2159605683556 71.417780184054081 34.766000694106282
105.79772625514153 71.307632917258999 34.871716231978965
106.33982581458233 71.096971552646281 35.04176695546937
106.84024703128668 70.841414870654432 35.268370120016499
107.30708587682159 70.582437475025529 35.545656895491653
107.76209865418167 70.330879418662278 35.848393121580116
108.23030117508718 70.087850440994202 36.1404646984886
108.73634384696584 69.855517138927894 36.386979916346519
