#spline3d 5 120 5 120
120.61308730985951 88.575687231353839 1.2394429612524451
120.19894154829885 88.18007895878435 1.4065290908540671
119.76572055447382 87.812855336139975 1.5308001104316473
119.31546133675563 87.471184309556591 1.6173681824091364
118.85020102357265 87.152233692267259 1.6713454604089986
118.37197502882111 86.853173252405043 1.697844003388318
117.88279510932664 86.571201109805713 1.7019694296729722
117.38458816130201 86.303621807803296 1.6887910576567078
116.87910231074412 86.047975536640507 1.66327236502479
116.36781007918029 85.802184462177877 1.6301700600430664
115.85185332663239 85.564650852892569 1.5939484924865772
115.33205911906256 85.334261019311668 1.5587508445578737
114.8090230509695 85.110307289929267 1.528425667549161
114.28323236676876 84.892369035201853 1.5065997452331175
113.75518427987238 84.680218324370728 1.4967701742323709
113.22548790436107 84.473770692616682 1.5024088936424245
112.69492399267094 84.273093606099536 1.5270399087952178
112.164459777899 84.078463123027305 1.5742276559994595
111.63523703094863 83.890421859554664 1.6474464182882265
111.10856230201713 83.709787652893397 1.7498519327781197
110.58592761031464 83.537587307100935 1.8840279235899113
110.06907474744972 83.374929904189585 2.0518056078367457
109.56011315858584 83.222847507371895 2.2542173620949937
109.06162651626708 83.082161887241455 2.4916269745803707
108.57681418494086 82.953360763854249 2.7638772374368585
108.10954773360744 82.836546348424562 3.0705089714188318
107.664312711617 82.731485176440046 3.4109177511503308
107.24599461237045 82.637765825305308 3.7844065732760557
106.8595155892593 82.554991379747406 4.1901100577665522
106.50938852738832 82.482870694854967 4.626817327387645
106.19928936930879 82.421132400394612 5.0927628158948153
105.93174764039941 82.369302497238849 5.58546961570603
105.70804871049134 82.326494504819607 6.1017274396876129
105.52828847557367 82.291319283158472 6.6376807608166883
105.39151851486319 82.261968302670681 7.1890029075809414
105.29600292654065 82.23654069956963 7.7511642409664017
105.239475039336 82.213544893633113 8.3197313220075184
105.21932781805452 82.192457048222607 8.8906686697769342
105.23263454829454 82.174188695533189 9.460615115245151
105.2759378624576 82.16127077804903 10.027105189915977
105.34486696685499 82.157627073239652 10.588716680196681
105.43373309576575 82.16789242062444 11.145139775122152
105.53539798927373 82.196463419020844 11.697088042577368
105.64130290851389 82.246424647005625 12.246188904878174
105.74190607209079 82.318513407270814 12.794690984020567
105.82739271084122 82.410400641091385 13.345043143452807
105.88849368129677 82.516424035106894 13.899362840459823
105.91721318014589 82.627819875822084 14.458844584926801
105.90732242118582 82.733417814413158 15.023169194288393
105.85456395798434 82.82067751420422 15.590005637211934
105.75664623683929 82.876913968529209 16.154668485246837
105.61309239367138 82.890504518318423 16.710083319383344
105.4250811102789 82.851878594169349 17.247039644088819
105.19538547909808 82.754393754520748 17.754659900557257
104.92826888438148 82.594818418650775 18.2212783422687
104.62934208494593 82.373391640339932 18.635518190421795
104.30534354091346 82.093573257992475 18.987461451421765
103.96377340236424 81.761409866630885 19.269746348739371
103.61244207895223 81.384675319015827 19.478459823145251
103.2590139880099 80.971874877671027 19.613686616380306
102.91064696197705 80.53124312261528 19.679731533212522
102.57383718603954 80.069945082441066 19.684768826083058
102.25439593963357 79.593467295003251 19.640329857560776
101.95755871600518 79.105300404828512 19.560311987633838
101.68814536477188 78.607023172137872 19.459591245882098
101.45066205486491 78.098705812896199 19.35250637834444
101.24926864190155 77.579560520990896 19.251523930752914
101.08756338757712 77.048674997227479 19.166418966597746
100.96823946884558 76.505692179722487 19.104152840524279
100.89271746343243 75.951347197951151 19.069372169685238
100.86084749220016 75.387830190025497 19.065319169744519
100.87085005557464 74.818872264336747 19.094810387505984
100.91923312292093 74.249831995179065 19.16102309138066
101.00093311801383 73.687538776955861 19.267974807660092
101.10949796527251 73.140019571191672 19.420492422775968
101.23727833205714 72.616088720364388 19.623673331267284
101.37561631732503 72.124837276950458 19.881941902053068
101.51510003575599 71.675080015447065 20.197932170689455
101.64597136647772 71.274856598767329 20.571515214655442
101.75872913032971 70.931067772848877 20.999218743548365
101.8448801408563 70.649298480890593 21.474222817749581
101.89769369787739 70.433787232291451 21.986869958541007
101.91298424614878 70.287401295274279 22.525519351451614
101.88958812021565 70.211623680363914 23.077840930801688
101.82946376202179 70.206390535197698 23.632165796194833
101.73732407156618 70.269798758767323 24.178724332056117
101.61986769302229 70.397785176588457 24.710567022292356
101.48480502268851 70.58396059864711 25.224033371482069
101.33994237208542 70.81978556733749 25.718704677043647
101.19257642585181 71.095193485784989 26.196872165492302
101.04934521395485 71.399592122194022 26.662563330337587
100.91636120583406 71.722979564390442 27.120494814361152
100.79952645213784 72.057085625925481 27.574876658248435
100.70477648320872 72.396200196866744 28.028370226458367
100.63809312436142 72.737536071544042 28.481373215557163
100.60527899900248 73.081069117996606 28.931759496738856
100.61158629068092 73.428895785534209 29.375125832323597
100.66130923864117 73.784214400497902 29.805512974032244
100.75743835351345 74.150093239227601 30.216479331860779
100.90145128742874 74.528242649628197 30.602313073447537
101.09330618201864 74.918090522790934 30.959057681810545
101.33147746983316 75.316002206381725 31.285421992025306
101.61318551106305 75.715034181103562 31.583208677267308
101.93467439240416 76.105204771568154 31.857219140730553
102.29148457253619 76.47428525146077 32.114643536155235
102.67867508357502 76.809023861060297 32.364046845471286
103.09097185136488 77.096630727832405 32.614164760597681
103.52284003536569 77.326274004740611 32.872783030124609
103.96850771027555 77.490332865666701 33.145931381057373
104.42200009954054 77.58500027428353 33.437590699771292
104.87720970994195 77.610457029990854 33.749684616134758
105.32803061100589 77.570565332334581 34.082292225583195
105.76853569556721 77.472063462608759 34.434026956739388
106.19312173563051 77.323658697689481 34.80240912609046
106.59656216489681 77.135213458252451 35.184213391804718
106.97394437862982 76.917146022390355 35.575773332642726
107.32054012596066 76.680075724287491 35.973212253953072
107.63168234114256 76.434663047970503 36.372591033960674
107.90270965860927 76.191570831919265 36.769965109404723
108.12896025193052 75.961461767989263 37.161390349532205
