#spline3d 5 120 5 120
115.88108014177269 78.804555710973588 3.1999327022723612
115.3458684320299 78.676126478217583 3.2704568507642136
114.83039107264078 78.503000484537992 3.3410861007658879
114.33192065325825 78.290890180550619 3.4021692657187592
113.84820190708096 78.044481482402688 3.4438131432190273
113.37279181936469 77.777694547507792 3.4595468105696794
112.89351538014542 77.517762655596755 3.4585563460210298
112.39974777363405 77.290361110959324 3.4288509704570016
111.90003392741033 77.077839062822136 3.3604118352961336
111.41639528280201 76.833214693012351 3.313298886580923
110.9529839922709 76.551793383707547 3.3640388855434491
110.48148939370225 76.294707967887348 3.470589217391622
109.99432363275928 76.073037090804306 3.5746740571345064
109.49836445038449 75.868470666377974 3.6676295901123219
108.99855251110253 75.665603159090196 3.7446904310857896
108.49781821612747 75.461766108644284 3.811830610656894
107.99905458176455 75.268035267973318 3.9069601296778789
107.50051084663943 75.076406730522393 4.0171671405901792
107.00882856744001 74.864799105684625 4.1315832604207756
106.54740705572884 74.636259492923841 4.3097184630349616
106.12877904771639 74.408922995059655 4.5762177351595499
105.73442795330025 74.194949592038313 4.8890013227580686
105.3266351056149 73.993454278714339 5.1887163072838653
104.91961975140485 73.803357260037629 5.4951998132521247
104.53638436203974 73.628356656430867 5.8404056991556876
104.17054913556575 73.462763811191124 6.2106522007024472
103.82143038730263 73.296934475584948 6.5944602309123539
103.49881222002321 73.123482990260712 6.9968681410634783
103.1871493463012 72.954240236167536 7.4112574897363226
102.8856025037235 72.805595898882842 7.8408185307259215
102.61644834188665 72.668979206029064 8.2936290030709614
102.39088146478773 72.5265749805844 8.7686200217217447
102.18018868097128 72.372283388691628 9.2476700253510984
101.99107490771195 72.224571553863484 9.7353467337331434
101.83788160127827 72.085824735141557 10.239838399085368
101.69615658630721 71.949569264075578 10.749191296660449
101.5568672290398 71.852613229514944 11.265676351531596
101.42271022925198 71.805116757948383 11.792138914462745
101.30205924423754 71.751130630926028 12.3210880906089
101.20878079178169 71.673529850878083 12.85187122477098
101.14207000348921 71.599265482098986 13.388167145723491
101.05998374466313 71.528669558118125 13.922469021984696
100.91777449536046 71.44347531727955 14.441432237418994
100.72928389911259 71.346371624692864 14.944410968401041
100.53831298947225 71.275783928357626 15.448588124129603
100.35205216899229 71.217939396719117 15.958013247912348
100.15587371139002 71.121877702255063 16.458773952977811
99.949612017176065 70.944175483625898 16.932387127880489
99.754646220475749 70.686051534804278 17.371145141800305
99.577121020489045 70.372071896599934 17.780409043633728
99.380931835346345 70.044526930370083 18.176598172453403
99.18907808354983 69.653872302527205 18.505469384075312
99.062297547532168 69.170214018407762 18.728333254167623
99.033159248729859 68.633616762245737 18.866570138191584
99.068027659355835 68.090418343097738 18.947508741476845
99.128436583578861 67.551621193020509 18.943441026892103
99.187039310792969 67.017123402966931 18.857068599743972
99.247475234142129 66.484018932477483 18.727713477641732
99.367655699800991 65.965882414024506 18.598046314371981
99.621956285707341 65.496416137155194 18.503402724465886
99.976715143413685 65.077715768605444 18.444816914067403
100.34734129529367 64.682194391480991 18.370223429932132
100.73795955185585 64.317750880635032 18.269177760601711
101.16001885155208 63.983168044002412 18.197699984629025
101.59932732090013 63.659117232783011 18.186946209536703
102.02971146074857 63.322813167726686 18.203274380392465
102.44012394853895 62.970202401299353 18.263685713260585
102.85167246360081 62.635184758319028 18.389456639322997
103.26883404746165 62.332420167029589 18.57292014678513
103.67842771025705 62.054890945172517 18.803265810702552
104.08326080303594 61.808484889786442 19.07060544140651
104.46998379141269 61.56250275307265 19.364461008945824
104.81678691691498 61.290549669479638 19.690789978736639
105.10654770123705 61.03259547112247 20.074855998898354
105.31363024636752 60.803304777482012 20.524984903527404
105.44941221943107 60.597010116988372 21.015872910556393
105.53112168753795 60.415282877183074 21.525070060964801
105.54238935697816 60.282084229290248 22.05389506621075
105.49043594045975 60.216135954527743 22.596182369576013
105.35986577819199 60.202163617430742 23.127971806164211
105.14379233796274 60.233299048343781 23.631958783265297
104.86244563808744 60.313510535587255 24.095266107646776
104.51708460169584 60.46122767943033 24.493434657054447
104.13444671301957 60.669403027950302 24.826125464093035
103.73669575861621 60.938592049005749 25.08403172941507
103.33676633144799 61.246249108448197 25.292957953451403
102.94771051216478 61.57279081240263 25.492869226890413
102.5783435006652 61.906615882134638 25.715212452984169
102.23086071906665 62.213543666341245 25.99915171989122
101.90176227491568 62.49324190358773 26.333664056596962
101.57607074481606 62.754656073481833 26.685860602054444
101.22659494244354 62.987829628449383 27.032689860537449
100.83475706650202 63.182289487978835 27.358199726234311
100.40942471626487 63.352245605941619 27.655633587142521
99.991198507976193 63.557791854367231 27.935805851236545
99.585531735902521 63.796701818151284 28.208127979146049
99.15874688604039 64.019380626943459 28.466202643686071
98.710998993128896 64.212502918146825 28.721986177712186
98.323745975643433 64.417134850133934 29.037092892026532
98.045034874334476 64.652240528130136 29.442587398702646
97.791963558847272 64.887734296324496 29.871809759616323
97.545162192592173 65.156920131463409 30.27947627307028
97.358481205254449 65.506248796694607 30.65413930427756
97.272497552244474 65.928409950105632 30.995851992219645
97.240682464453698 66.392978117104406 31.283674810318445
97.229327366202085 66.873991102522808 31.538925716113994
97.25889778087479 67.352318230419584 31.800427005179731
97.352251179260904 67.835587079764835 32.038420877509665
97.511377063522545 68.332530510168198 32.202306698054429
97.707857610652027 68.836100522526678 32.282513057984126
97.919713767371235 69.336627896348418 32.322640587049122
98.154951998338774 69.831095110066428 32.346191763575661
98.434313235146405 70.301396593395566 32.329822048572701
98.767296033551688 70.719018922052754 32.231018098982631
99.14246790238856 71.086134478704039 32.073600326600761
99.538765465428426 71.442700361178055 31.959349539512413
99.940685787801982 71.807291905501813 31.905989427414003
100.33824044603881 72.181137894834777 31.882327588393863
100.72450212764642 72.561400478641957 31.850731850877104
101.09217728513835 72.945655623130733 31.774057837076157
