#spline3d 5 121 5 121
116.5547259325933 89.541899889601979 4.9774677073202875
116.34020293044921 89.326018125845422 5.4035421549577256
116.12660278990079 89.043097255143351 5.7819733862932203
115.90399284194631 88.72818725247464 6.1313797720393692
115.66337048301536 88.415780518147386 6.4706412794279373
115.39025198441165 88.140125244166001 6.8144058304193695
115.08700564212063 87.877632707292463 7.1451152829565219
114.77271015580621 87.592059341519544 7.4463033256622611
114.44487445493287 87.280089953965529 7.7039034931841188
114.07625823559634 86.983212679084232 7.9177765211633089
113.66899531265892 86.733469629335019 8.1247643496650834
113.25958041230382 86.495674692754861 8.3397717735303996
112.87989413319956 86.19589376608927 8.5220385664290728
112.51626088652257 85.854654105076193 8.6748700514692612
112.14971542704615 85.510600720400419 8.8101960364214182
111.76896357211787 85.174885439503768 8.9157620954984669
111.37703406067621 84.840246416079964 8.9864026520885183
110.98670642201348 84.499501742596436 9.0251203228613477
110.59951742807621 84.153584350303987 9.0343073260030824
110.21555433808986 83.803798322505301 9.0440323013704838
109.83821625221172 83.447580083502061 9.0719238823536799
109.48487838003483 83.068263902489491 9.1002697374793371
109.16066476839426 82.660420093667412 9.1228327082520124
108.82727375159288 82.261812627827709 9.1400112727015035
108.42688952086647 81.933580402934879 9.1484590610404517
107.99984354648041 81.633205347367607 9.1658912447837277
107.61067561351766 81.291367273154307 9.1990539099888302
107.26995156352461 80.899823548730197 9.2472190694687448
106.92214533887157 80.526145982042976 9.3389339597545664
106.55588405640144 80.180440414875562 9.4672657917945422
106.18187932917404 79.842892547684244 9.5979185597689707
105.79543833650234 79.520822988418487 9.7289205685656555
105.3928293411081 79.234171877393408 9.8875007698768105
104.98829108817056 78.977482607497748 10.089589965191047
104.59733615401485 78.72890685078508 10.329317162751064
104.22412738540422 78.497395778651025 10.607857882691265
103.85050079149069 78.336686701906089 10.931114252903699
103.49915261703268 78.227792014235021 11.301702098273518
103.21662615447379 78.11972763614645 11.725176311734931
102.98432587680723 78.027312346839366 12.181932499260517
102.76130887463415 77.958513222879247 12.64644442614051
102.53622842799336 77.908892502115492 13.111736975141147
102.32738428091076 77.878065860581657 13.586475733355732
102.15290413576345 77.865564063931046 14.076456351117342
102.01927634121472 77.869871157849389 14.579197589625885
101.92179493872742 77.898806505234489 15.08874332408247
101.84901661265749 77.938381698744152 15.601320345748409
101.78726846594387 77.965542116628797 16.116766901369783
101.74200076270542 77.975601812650027 16.634749834528225
101.73995944726734 77.964315635424015 17.15430034622608
101.78716684704364 77.933115543763051 17.671351308510282
101.85765992760166 77.879067741887752 18.183924767711719
101.94403169041144 77.829735159835209 18.693283393004716
102.05487280778877 77.807804546735824 19.199940132495776
102.18313634676232 77.779317579042086 19.702554005933301
102.31652223428188 77.745040924297413 20.203894837508106
102.44682670446356 77.717298329361583 20.705986235845668
102.58186633466738 77.672394957275017 21.202957817813306
102.72689965209298 77.612385711772532 21.698842429531695
102.8918392080457 77.542441968295435 22.192936265570118
103.09276318076695 77.410903079297029 22.654458565530692
103.32973618781355 77.144932671301049 23.034131230383288
103.55819727433169 76.794327739558355 23.352097059198524
103.76581830964719 76.411869882173121 23.642102015363925
103.95662568000353 76.010456374223963 23.911186630856228
104.10011274710527 75.559827077742725 24.121812278758895
104.19548237371943 75.069738688050563 24.275513402487682
104.26847234977085 74.566446061161159 24.393488169848872
104.33946520649964 74.058916076997377 24.479178105716201
104.45255089200862 73.555018587538527 24.532692970899944
104.62449610345736 73.070036251150569 24.605533296853483
104.81427908459655 72.601856880252441 24.733181233703625
104.963328576753 72.131551906635508 24.90120572212879
105.04772691733631 71.646379490987869 25.070468716198157
105.06309272271636 71.149238145223251 25.224834335377629
105.01965997458072 70.652503708689551 25.379204812402932
104.93981209843309 70.177479706594767 25.57434344426369
104.83054581294743 69.745276375987643 25.844796863424641
104.69895961495187 69.363900611557696 26.18293752430996
104.52017854584965 69.054723640435085 26.563373175534391
104.25031570195819 68.829747367936221 26.947428680655246
103.93011117287502 68.661197950182355 27.32432230252553
103.59091577670753 68.536906149470937 27.69933329507953
103.23445261075963 68.454025619872652 28.069412254119285
102.86511905312557 68.45113834789808 28.43430613426149
102.50668836332669 68.539374353430944 28.803867225319919
102.16060323063981 68.697416847084853 29.165771410008432
101.83065765460732 68.927174793727914 29.495558384927552
101.5420273298875 69.239491162697732 29.794072873089895
101.27395190836407 69.591460268291144 30.071145606495595
101.00631952387855 69.952534177150156 30.331483866818317
100.75445146730115 70.333225253880371 30.577404449020186
100.5331416925101 70.730540706614605 30.830178139834633
100.34825014837978 71.130705233426653 31.108039909334526
100.20773518315181 71.522197797225473 31.4182244789795
100.11710771792883 71.90735196671352 31.755179374059445
100.05340956083899 72.308781774701018 32.079532354660671
100.01505667663126 72.730382404760533 32.381277623923367
100.00676456025414 73.162455906840449 32.669091407082462
100.01020669590987 73.601454948958292 32.946723778247282
100.01630516013721 74.031816724616007 33.238831837657997
100.05404788578304 74.446452333728701 33.551213505429317
100.15751778566597 74.861584638027438 33.845962041903761
100.31254659620252 75.291653479204996 34.094658686657588
100.48817131534065 75.713691473462902 34.342715634653366
100.67409404673644 76.109814047467225 34.622314092040455
100.88794338964112 76.491757470961772 34.902375384994166
101.13124224615193 76.860080392879652 35.176780604376432
101.38598546630394 77.207110598621881 35.467756278146872
101.63504539835982 77.528220091652074 35.792036282480176
101.90396605035443 77.807932151277072 36.1396406738534
102.21299435744332 78.0369781058873 36.491385534037335
102.55858132735554 78.205014961237723 36.841489885318701
102.92190733734429 78.323517652902453 37.194413302734048
103.28576981809179 78.429445232246536 37.549815635328621
103.65772384716699 78.533612558089786 37.897009225074996
104.03914911875059 78.628309547258425 38.23671004288903
104.42072345230646 78.685861053541942 38.583563160728261
104.79976385199859 78.713226066731039 38.938602112011814
105.17488118323411 78.729827506019319 39.299266819572786
105.54458271817089 78.753658964414228 39.663358879542471
