#spline3d 5 120 5 120
121.50661373659086 84.405054335505142 2.6887204651789771
121.43449301616202 84.206661503435356 3.3438225373110995
121.37745946214916 83.908542522789162 3.9338779531085026
121.33268569463854 83.551770375119219 4.48621625997405
121.29809718126951 83.174650409283132 5.0263360025352872
121.26316106975835 82.833195640981572 5.5907626582529977
121.16800307445673 82.524047386415234 6.1668849139027291
120.98205736923222 82.218213186581906 6.723463455582201
120.73413974145852 81.909706550367929 7.2531519605219019
120.42293577122707 81.606356106789931 7.7516069153063274
120.05251972779989 81.280602301474147 8.1914399574633183
119.64122214624591 80.951105498051675 8.588309251514298
119.18522112909264 80.683573958378204 8.9840131741388305
118.69163818299597 80.381017197385844 9.3115250415321924
118.16303851109737 80.013584131053761 9.4923337349959596
117.59068105202115 79.670617242294242 9.4970963816721561
116.99920897583453 79.38855373833826 9.3962996687838629
116.39352712475925 79.161047048906127 9.2710939094432057
115.77364645935305 78.963970150409622 9.1634238129963386
115.15058258485116 78.773509522423225 9.0572859712989011
114.53037599189264 78.571703297648043 8.960799480239519
113.91687214754752 78.339545446450771 8.897072334567202
113.310902005866 78.09483231036981 8.799774293682761
112.70990698180137 77.833555270667119 8.7177877503804453
112.14363755835043 77.496526443545562 8.6871524882305771
111.58871534159667 77.139181360630843 8.658505753439341
111.01140361237394 76.820489891869073 8.6318216662801746
110.41216138327668 76.544136003421585 8.6545056627962005
109.79909432475624 76.307054041874977 8.720264910916903
109.17389765042955 76.112848851843182 8.8066302532828047
108.53626626221725 75.9701995438447 8.9081096930581225
107.92009236481059 75.829432233633753 9.0943077221530313
107.32397266308453 75.679660098550357 9.3416179109388917
106.74462017679846 75.547961406181386 9.6297098379871002
106.21375557787763 75.400653386593461 9.9927312720114507
105.70602964350593 75.245436039923462 10.387128939715501
105.21560383463898 75.135395772851439 10.813066893746406
104.74730141803947 75.033057996501782 11.267183804358089
104.28433088885883 74.966721607600377 11.732010859438867
103.84027296437777 74.937956718287538 12.221493485434785
103.46244294588929 74.913175193536773 12.762626308657259
103.14338718207449 74.935172990120606 13.34207401440676
102.86752701260252 74.976659852516448 13.941059797914397
102.68091143132645 74.994819046994593 14.574141200352468
102.55847885726722 75.06152841558972 15.219537212502017
102.46480381749743 75.147290072412133 15.867080165322131
102.39808210576454 75.224534094270808 16.519648539063038
102.41495454037883 75.317027954876096 17.17374683088444
102.50993913059534 75.367029485832305 17.826653971538025
102.65990132041151 75.401223889687216 18.468750324876702
102.787925626307 75.459954313643053 19.112205117394129
102.8567322377472 75.512495755266727 19.767520853726566
103.00247735826721 75.548288904330931 20.409259189981995
103.17688255559429 75.596265493085411 21.044808908287301
103.29129039397692 75.634990089322969 21.693380468501026
103.34262141510965 75.683217973291576 22.351146166250061
103.38552639781271 75.734952826818528 23.007786784297675
103.51763954208261 75.68526460152124 23.652438145263613
103.65744749987067 75.564306865125303 24.291209586729728
103.810918814581 75.37147963474294 24.902529129535171
104.01721682847997 75.062631123357178 25.45668510334076
104.14330133089879 74.616779626255692 25.940348786977989
104.19492108740126 74.057059044185706 26.28630753382938
104.24101291538086 73.437851898763398 26.524336175251818
104.34816949183134 72.812771147737152 26.717777743450359
104.46041711462118 72.166387696284431 26.78538191832023
104.54172116577999 71.508716129900662 26.778622936043142
104.62616519398814 70.854782771751545 26.782833005131479
104.73913759605155 70.206753826019082 26.747462216530579
104.84631590380353 69.557055158149296 26.699650414809277
104.91758295267596 68.899347914236316 26.725511838452771
105.08974452184991 68.264337188635182 26.73705912989789
105.32548479580744 67.642773624231779 26.740931924257193
105.45237893865068 66.997003393654609 26.814567819742273
105.40807457850404 66.341784687549662 26.94699451654046
105.20686881221542 65.724708036240841 27.074231056287775
104.96294033160423 65.120438790199984 27.180858710328479
104.69055466710667 64.530292218578126 27.308481862229407
104.32244378942238 64.006547804590369 27.463565496040331
103.83148299853198 63.604892857126025 27.696048487165211
103.29244824246359 63.338155711117295 28.021664141643001
102.66710276516358 63.394273135512776 28.233432378542183
102.01563979898346 63.593020848450884 28.29821707747594
101.42692453668256 63.870989705669679 28.377060644484253
100.90801677568766 64.236725217374271 28.556537839844825
100.38781466779315 64.61124210313406 28.727155531755496
99.878309030823104 64.981777238241818 28.921645323545174
99.453095811396921 65.405219025482936 29.195577845156915
99.088667428856851 65.857822565785952 29.518681346406041
98.782072250091758 66.334960328593993 29.858031149880812
98.595143325984495 66.885556311595707 30.172565423067827
98.469821310859913 67.465552126087445 30.471369919765046
98.43043788480874 68.039239995307256 30.794844098852135
98.491776451109189 68.60517644130033 31.138298924593407
98.65222275396674 69.138466693750843 31.493562441233806
98.893045075322149 69.652272071300644 31.832018334313616
99.156709478009148 70.180909556404728 32.130535822204749
99.486709157964256 70.693241085667836 32.386633014175622
99.88959073555165 71.13401285331652 32.668786974463508
100.29658073883525 71.533548041283169 33.0031202371974
100.70468424594856 71.946357243931445 33.317455259147685
101.15583308424593 72.346898273456205 33.582051382215411
101.65287563772152 72.721799709951981 33.807183961268684
102.17547610012197 73.058780891092411 34.03091058186169
102.74362432581599 73.313515287182597 34.247224249938661
103.31267181377572 73.549672790987429 34.49115124451162
103.81280434986463 73.82404391464128 34.82544343129576
104.27503742800715 74.076408535362162 35.225188005883027
104.76004028038767 74.319321755370254 35.599657943972502
105.2742289186649 74.570354338417161 35.929043654042474
105.78210707019069 74.841363123132069 36.252379171769633
106.23378537036419 75.132729871890461 36.638300855205848
106.63382475332217 75.386385227183666 37.103835514765166
106.97814994550036 75.561461678112849 37.642974326065897
107.24602966198995 75.681603743644146 38.235384222460674
107.46225036555531 75.787699002443276 38.850593581372152
107.63426395408838 75.87159275909508 39.484190592181491
107.73226947369187 75.882157065969096 40.137681765777543
107.71612015081723 75.75943417028185 40.805874617704404
107.54624491444474 75.443710243815872 41.484808134091395
