#spline3d 5 120 5 120
124.64250504183542 107.12446335602093 6.1120613910495445
124.78661916666202 106.80472212821891 6.5028356038021977
124.94478602611328 106.47104819604947 6.9216257749724184
125.11048780962373 106.12537714273586 7.3655312094163072
125.27720716352874 105.76964534810601 7.8316519355950485
125.43842222970021 105.40578062201715 8.3170795452842068
125.58756604988012 105.03560534448174 8.8187835448221445
125.7179399047818 104.66058880547735 9.3332805921309809
125.82261154142944 104.28151364815452 9.8561134934642958
125.8943626860033 103.89820515970804 10.381307452776852
125.92577737104361 103.50946046043335 10.901013170366051
125.90962002358616 103.11328054732201 11.40553968939571
125.83947603594223 102.70736158480986 11.883903095475404
125.71063392961005 102.28966660709672 12.324665261505784
125.52100935113677 101.8589793785862 12.717093796764372
125.27178358363363 101.41525773465617 13.052362659300291
124.96749280816668 100.95972804380332 13.324519472748674
124.61553295973607 100.49476469210424 13.531077672295998
124.22516172305934 100.02360230937111 13.673093796031223
123.8062580942056 99.549966486580487 13.754792973611435
123.36814100263626 99.0777002239073 13.782772545624557
122.91862425701946 98.610459262578416 13.765131869799465
122.46334312550344 98.151464264554662 13.710524586141279
122.00553877000131 97.703326017603985 13.627250821425664
121.54624385945033 97.267918647369072 13.522539839785262
121.08477324570562 96.846300431204199 13.402088276215018
120.61935937569268 96.438698478835818 13.269928427112893
120.14778886879006 96.044576823089656 13.128673395643553
119.66790819014805 95.662826651189519 12.980142861652494
119.17791993306716 95.292069597439351 12.82620839365903
118.67655200736486 94.931023651064478 12.669765264533982
118.16313225948031 94.57887342829612 12.515627179728469
117.63769701096295 94.235495599149473 12.371056916991677
117.10120733362864 93.901443735507314 12.245750492810892
116.55586106039345 93.577658432521474 12.151221387624968
116.00538700147474 93.264987985980198 12.09972261001295
115.45517440744881 92.963661566282141 12.102860657065907
114.91202599879161 92.672976473860786 12.170369568190585
114.38374664258932 92.391134024361435 12.30890787323788
113.87839104426867 92.115413512541281 12.521272057546721
113.40344489341553 91.842624634143277 12.806096766103492
112.96512587913828 91.569798821758098 13.158127347634526
112.5680250706025 91.29500417022922 13.569131773710968
112.21513459416273 91.018106589504995 14.029194948795023
111.90823538077009 90.741248274239624 14.528194110303357
111.64842449127966 90.468772535479076 15.056966678577128
111.43650712772333 90.206825216688713 15.608113636752115
111.27317567976502 89.96245108751549 16.176295071896533
111.15885815283912 89.742420291652053 16.758003633298852
111.09330174827156 89.552100114973584 17.351026383448868
111.07506448090943 89.394711613872119 17.953820635921478
111.10109000790705 89.271207554834064 18.565006922443295
111.16645739466301 89.180813520578539 19.183064097629693
111.26440109696816 89.122057928426273 19.806230742333454
111.38643240238135 89.093865962720031 20.43253729206134
111.52252710162961 89.096486856777091 21.059919754856129
111.66136804220913 89.13180929408405 21.686371271852046
111.79057048383733 89.202823786165382 22.310076380105059
111.89697640570003 89.312245207245411 22.929488076613758
111.96714372545507 89.460604144343023 23.543303460521418
111.98812333788513 89.644340997685816 24.150301314640565
111.9485166013411 89.854537211646786 24.749018218822719
111.83957037125418 90.076769330156139 25.337329939363265
111.65647032963849 90.291659204807459 25.911918266307001
111.3993461043715 90.476695649478245 26.467807922373982
111.07389854661055 90.608634096691318 26.998102420275121
110.69141227236541 90.66608773748041 27.494064707518916
110.2681454364337 90.631921368521105 27.945575021322622
109.82403782984522 90.495083459752919 28.341932616222959
109.38088397632188 90.251836311535016 28.672901911182755
108.96032660418767 89.905639040791939 28.929682350482906
108.58186842348107 89.466968658671775 29.105974901819138
108.26119481472192 88.951826942898165 29.198810742697876
108.00916630393318 88.379737202616909 29.209085284280654
107.83154373076792 87.771471560321189 29.141710786920015
107.72947489509994 87.146899079311396 29.005283447593818
107.70051358421878 86.523232623642983 28.811329224266895
107.73990521927772 85.913781838188498 28.573235623767367
107.84186899041252 85.327552378075211 28.305071190357758
108.00053487836666 84.76891792935082 28.020570392749438
108.21052907778326 84.237907152992662 27.732308570991488
108.46700293872181 83.730757235594339 27.451255278142632
108.76520179036194 83.240691489107178 27.186676051106012
109.09972190696121 82.758899727322358 26.946346756212225
109.46364676925228 82.275671457785961 26.736956571270873
109.84772131628472 81.781718271254334 26.564586120854777
110.23990489042609 81.269514659403455 26.435132938478585
110.62523594528558 80.73468618977104 26.354591736885659
110.98625518703712 80.177351935354636 26.329139249349943
111.30410514417139 79.603078410113881 26.364914366645756
111.56013865077779 79.023220499927234 26.467461136799841
111.73785866524022 78.454423923140894 26.640870540412244
111.82491281681607 77.917253507822466 26.886778068384199
111.81485845115701 77.434011508458724 27.203467380305696
111.70818859536843 77.02623936592731 27.585448597798788
111.51264317616743 76.712365622720469 28.023504860161335
111.24278267580956 76.505629719201238 28.505179386695971
110.91834360779538 76.412982038182804 29.015829240147241
110.56200160494915 76.434955355410111 29.539864916744097
110.19690078249576 76.56649080295341 30.062048118815799
109.84451558737513 76.798287739296512 30.568686586083963
109.5231047510448 77.11834350663456 31.048662753437469
109.24691405557455 77.513322901095691 31.494140777419041
109.02590043738161 77.969546902772279 31.900971530583739
108.86569869083361 78.473639019464684 32.268922253586254
108.76808383560048 79.012842885986217 32.601418705578439
108.73157017292455 79.575097728473821 32.90506638599701
108.75216970381767 80.148953936072672 33.188932370132768
108.82414275548365 80.723409569743566 33.463748909860307
108.94066528249215 81.287734936021252 33.741111512243229
109.09434894641674 81.831341230800433 34.032754323261521
109.2775718996283 82.343725782443826 34.350002366066597
109.48262009243983 82.814492288804146 34.703377053299441
109.70167868457717 83.23340231795386 35.102472282007902
109.92676715849062 83.590398387348287 35.556082789864213
110.14973247360329 83.875568108679602 36.072479492997445
110.36231216526527 84.079079965441196 36.659685745701474
110.55620928520106 84.191129712143436 37.325654195773645
110.72312468281673 84.201915514372175 38.078332089213319
110.8547593766348 84.101635305653346 38.925667151508634
