#spline3d 5 120 5 120
74.870567672812598 113.91764331369806 2.5215650432727301
74.580345043384582 114.04590491861879 3.2117350493831038
74.277829435024017 114.1463124736666 3.9176461468082473
73.967792065222028 114.21883676890202 4.6383791240514833
73.655003869830551 114.26344894133014 5.3730149249428534
73.344238970737067 114.2801153846807 6.1206330404721285
73.040321950920216 114.26869972386091 6.8802849000546642
72.748232199034746 114.22859502983157 7.6508610226115232
72.473178027467881 114.15824506432337 8.4308455981375765
72.220642355120305 114.05455599550224 9.2178865289533913
71.996339871858794 113.91260277386434 10.008276780396944
71.806108222309135 113.72584158625517 10.796525572458265
71.655764300064931 113.48672276252441 11.575133949268292
71.55090691134221 113.18763430768898 12.33449514865282
71.496666341490652 112.82226205517161 13.063263852990641
71.497501477640469 112.38688008752511 13.749103991390687
71.557020430276708 111.88151206492768 14.379568363071323
71.677809028242237 111.3108203835187 14.943118001738092
71.861288415050382 110.68427226043742 15.430061413033801
72.107694058496435 110.01537051579747 15.83300760641033
72.415986452552985 109.32067204170562 16.147181221023562
72.783770210682135 108.61812934158449 16.3703797288148
73.207122207885902 107.92507766098474 16.502780897279173
73.680597401691045 107.25660509903571 16.546630730510017
74.197227397831298 106.62399370394024 16.50630054327819
74.748915956678061 106.03378502184479 16.38829598651213
75.327095870766058 105.48744013099018 16.201307246576636
75.923416889835806 104.98190502390909 15.955989918967086
76.530440477485186 104.51004722903023 15.664850966358594
77.142225627056533 104.06198049921278 15.341735080392027
77.754690903669896 103.62657566055846 15.001169661522537
78.365645152251062 103.19289472835094 14.657715247126911
78.97472438556251 102.75147342455369 14.325386804159008
79.582897584301847 102.29525740393117 14.017183396549337
80.191765878721441 101.81997343586511 13.74479866978746
80.802852007849836 101.32418315986226 13.518442302606422
81.4169283223967 100.80918077929172 13.346752335843194
82.033554274448989 100.27858668415094 13.236944126766952
82.650941476976911 99.73773172215337 13.195046833395583
83.265878877456984 99.193017253136645 13.225951532938616
83.873738541769399 98.651056632920628 13.333266165095417
84.468569577660816 98.117685522353213 13.518917749060616
85.043402236551998 97.597277918275935 13.782852259278137
85.590641696315387 97.092236718406909 14.122644614736538
86.102788393649831 96.602995621085114 14.533437186182745
86.573418580631042 96.128560732991431 15.008207785016374
86.997968114982726 95.667388703433815 15.538442319252802
87.374667645187046 95.218305179434793 16.114782898775978
87.705051398027436 94.781427838097173 16.727954063412383
87.993972661363657 94.358679406838789 17.369631111166115
88.248971398721409 93.953745972229385 18.033090412796405
88.479474028350879 93.571771880370136 18.713878321222499
88.695428127194674 93.218406188026549 19.410091430670931
88.906017675885352 92.898465460619121 20.122120044709803
89.118723767393149 92.614513464857751 20.851891861047498
89.338633452560501 92.365252224520034 21.601648341211074
89.568317458791597 92.14426274070199 22.37204435692076
89.808220671923195 91.939687981876844 23.160248377409889
90.057192700262888 91.734565801027273 23.958156462662327
90.313148146912141 91.50817912407652 24.750946144508607
90.573707858815595 91.238780730537613 25.516783641322732
90.836585925398339 90.906645772784799 26.228231599041681
91.099744415887031 90.497242750789269 26.854360335139848
91.361307220261594 90.00392720360783 27.364349249978901
91.61920026265507 89.429339021927873 27.73196021103967
91.870672871352056 88.784296717796849 27.938791546886666
92.111585827920024 88.086309251724671 27.977607306949597
92.335651146104112 87.356217297569799 27.853647483380318
92.533776066306118 86.614603888472459 27.584149853568963
92.694111755252621 85.879262004158193 27.195463645943178
92.802272205269091 85.16326667617696 26.720384849653772
92.84255520562391 84.474471466092638 26.193945281061517
92.79984179662334 83.815980092720764 25.649842260534957
92.661667839872734 83.187113189647874 25.118190893943492
92.420759577815815 82.584028618851903 24.624035098623402
92.077271686721232 82.00045434059615 24.187314916389255
91.640096938523712 81.428252412685126 23.823764390955169
91.127086302700818 80.858082737999155 23.54606461498604
90.564607886703428 80.280401127714541 23.364818904144443
89.985222802732849 79.687225435385898 23.289220781148522
89.424243101881473 79.074236907637129 23.326998314486065
88.916054855914197 78.442977013407386 23.483708018264604
88.490078604013561 77.80298057658581 23.761413159196522
88.167621879932312 77.17239910042619 24.157331240548906
87.960453835919466 76.576892139930209 24.662935001654986
87.870433089277967 76.047339244910845 25.263364964326136
87.890422665537727 75.616105576782999 25.937514881842812
88.006369700769341 75.312373616768028 26.659252492498673
88.199982310035267 75.158488262822544 27.399725567333956
88.451109056193616 75.16661739137632 28.130069178338456
88.740348039474696 75.336950472701801 28.824779975782437
89.051202628351959 75.657681588683758 29.465085483735905
89.371007491479631 76.10740501711993 30.040698312320295
89.691436042616544 76.657593964456794 30.551400230746001
90.007939639337337 77.27675693911101 31.006539755997821
90.318657696920894 77.934749602656325 31.422762468011843
90.623061632817738 78.605973945427053 31.820330552077749
90.920674044243043 79.272294222059543 32.219342998173545
91.209544712361463 79.924251028982454 32.635706202741645
91.4849007764346 80.560514517757937 33.078660557428485
91.738406708915264 81.185720951838405 33.550304633484409
91.957682735011147 81.807800251643485 34.045873073826208
92.126938358326399 82.43423008837037 34.555708966428945
92.228434696940511 83.068982219751234 35.067610943066761
92.244281728854048 83.710561248119561 35.568914933023201
92.158555020737353 84.35086924426426 36.048312712503581
91.959503532177067 84.975739629461629 36.49715941050534
91.641036802421723 85.56677550973707 36.909909818970455
91.203805259306833 86.103494825551039 37.284172352119164
90.655683201302566 86.565761742588094 37.620438789361046
90.011173703608733 86.935775419749035 37.921629725941962
89.290102420793644 87.198906786607239 38.19278805641887
88.516404089871045 87.343915078222565 38.441042338752411
87.716734189740308 87.362544545660185 38.675489672283895
86.919270331908024 87.248775839144884 38.906786740621548
86.152864808536123 86.997938192984492 39.146512424617093
85.446613496322499 86.606067388504385 39.406697220771854
84.82964579894977 86.069380808787727 39.699476076591424
84.331092849470593 85.384107063452063 40.036990571864202
83.980085544071898 84.546473667418724 40.431381575900303
