#spline3d 5 121 5 121
128.53751776055239 116.66003313779082 3.1381663809706577
128.52980694067691 116.46016344245075 3.7879280924867218
128.49852565319787 116.2663554046658 4.4421936388283747
128.47617753983772 116.0614346356417 5.0934701235687223
128.51229596820107 115.81933604597452 5.7300460415538792
128.55006305023736 115.56990045630211 6.3651602596087056
128.54070386499006 115.2702610153229 6.9786001304393945
128.5227409814793 114.95877054440953 7.5835654760067239
128.51597563621274 114.67982754926136 8.2106664649762902
128.37555942828826 114.36577650105092 8.8023480889079018
128.18335488834367 114.02251530803291 9.360049821805891
128.01278298384173 113.62392619863178 9.8920905915490565
127.86804730597446 113.13928505308603 10.350055345106378
127.74112112828624 112.62303626864421 10.781296452796022
127.58379963069541 112.09306824862762 11.178677954851878
127.4371283138279 111.52857890558752 11.534285234321759
127.24899452359323 110.96236765972932 11.874739831511322
127.01576064871691 110.34239556712181 12.054165376983454
126.776924058944 109.71855263675161 12.194856950672042
126.45830908883967 109.12244242738902 12.299818973468152
126.11006424243496 108.54126581834817 12.37618377818081
125.73910551785062 107.96591260894517 12.378201900498027
125.34686464639361 107.40427769726979 12.362949559561777
124.78581188683731 106.99822569858232 12.353817830410911
124.36618095058473 106.46565520577522 12.239822513390859
123.92516543229391 105.96687537857059 12.101204501977474
123.46666804994211 105.48559113974646 11.941320132355115
123.02459253376031 104.99908019832529 11.73985516879883
122.58167868584567 104.63821641549623 11.352769268962566
122.12002353334837 104.22938620900065 11.064258491870802
121.64155259352815 103.8291562475207 10.783948719616276
121.17762738894817 103.40216505895025 10.526029599104461
120.71339245844855 102.94628612636696 10.317699293214586
120.21995030276568 102.5191719867849 10.11460561590736
119.68473087626442 102.14136673873125 9.9277059243983832
119.12466470609142 101.78311856979717 9.7583426030973541
118.5737399435739 101.37985126323841 9.7076954788488568
117.99739335792084 101.01660778257579 9.7404922659495963
117.39695778391601 100.67841232202488 9.760364001249572
116.88699004896485 100.25920943050124 9.9383704180702619
116.38824077213837 99.826154407691632 10.121875622667325
115.91511213245182 99.399305578935767 10.355378297496287
115.4643054853057 98.993179745063927 10.682746514411852
115.01308315362657 98.652747546310252 11.062640759448824
114.64848361598352 98.317762045446599 11.53922188334162
114.30493889989326 98.01536363698979 12.044647993916477
113.99232355707967 97.79019267184195 12.612183367046191
113.72917318515736 97.422680337361697 13.129055616489286
113.55821146569329 97.025467208499052 13.660459065106563
113.47443309250879 96.666262103955788 14.235554877628637
113.38000883161578 96.296246311388273 14.80049270220073
113.27158808570874 95.969638655865225 15.390743107326657
113.19827843712893 95.614469888758876 15.968182877777414
113.15387403942476 95.230835750007728 16.530359235682173
113.06682090360611 94.873983251224175 17.108453035375923
113.0117672904275 94.593546281291196 17.727891852650021
112.96263365401677 94.373404812716359 18.373764082939292
112.93670676503955 94.119042071777599 19.004894258634948
112.90224819079531 93.845825371554866 19.631554178809715
112.74527533234384 93.573925492680743 20.242111478354463
112.52059764108162 93.260420189498802 20.803151471173969
112.35310263201772 92.838755666085177 21.331765274198293
112.1683825858742 92.258303541829932 21.674954527243262
111.93439380698828 91.601650489650012 21.749602160211129
111.6701628465249 90.977255664928862 21.745665564145408
111.36051995838395 90.371842434870729 21.641554635104658
111.14271997139218 89.765459492718634 21.409970805100286
110.86730428159571 89.223560956792099 21.064743307498684
110.77219787582244 88.764858822322168 20.562899912267223
110.77377495431674 88.363534807485777 19.996420078361254
110.92751662293286 88.00812526770936 19.422803191281691
111.32196145750035 87.750989808579874 18.910784327566184
111.7249383846564 87.495682006964358 18.427520864775552
112.13150894156085 87.247200035779457 17.942952676274714
112.55865337778926 86.947287673747184 17.484061249940694
112.90748911563091 86.461827847283018 17.149197554119226
113.28890015048665 85.962376658007088 16.870845084682266
113.65038532093035 85.430697567762863 16.644487843717929
113.99255779486761 84.837181104005609 16.576939459556726
114.40672389297963 84.292904181097128 16.528049842265784
114.73145866541672 83.695219756069321 16.546749764719042
114.97493597799908 83.049733213730107 16.643464856793635
115.03472390243421 82.372785089161994 16.718363990114057
114.94635133579928 81.70363671810604 16.877280179041112
114.78703652648524 81.084532314855224 17.123480342127344
114.5503875919926 80.551942541834535 17.487719371850694
114.33602343854373 80.069956058452888 17.928881550875126
113.96110488091571 79.725439447063962 18.386631077375206
113.58784908148212 79.431870250780349 18.887803654747891
113.12616976218209 79.286548948236955 19.376380917657972
112.60979695342978 79.299685243389007 19.832542888149302
112.14952064644096 79.358785043079209 20.332388471084325
111.68271921533412 79.479676795125982 20.817022978715944
111.25866789151287 79.609973356415026 21.329094913685257
110.78573048318079 79.714402305554145 21.828254302252397
110.35008803676105 80.088290980170882 22.221759025182255
110.04706999804742 80.596160749796809 22.579295749937359
109.78225768550482 81.126833137524784 22.913920143256892
109.6061901085279 81.666456705813971 23.298301255923775
109.41561038299288 82.097849353458969 23.793890506533877
109.24787024357887 82.635162097312616 24.193857705282092
109.27606184969581 83.060278425403695 24.735490433932878
109.34864700808255 83.46788206701801 25.279979515130854
109.48640662539309 83.889503435317593 25.80452141231617
109.78790232379863 84.195280650960171 26.342702835170751
110.12522282495142 84.439785806882767 26.889080948544752
110.5496859689013 84.610409636380908 27.391443666113883
110.98553586644474 84.811327720710992 27.884764559907246
111.50305240600446 84.996096688871049 28.289556164606548
112.08662938990494 85.095023893639947 28.636137316365257
112.62624034541464 85.219806506955351 29.036918834064547
113.15440373205523 85.276279763739382 29.464383034091679
113.66432250937324 85.252843894944675 29.921098967968426
114.20369508127352 85.231473800136499 30.337606739863006
114.78064075190537 85.207740345664263 30.703319938268915
115.38447571141391 85.192693853485622 31.023416615889225
116.00215175753556 85.110961386534882 31.301643780737663
116.61513559099086 85.000844438932035 31.581132854484519
117.21948690556135 84.892411062962239 31.877435483738559
117.82588845552914 84.776842387502228 32.168019521534958
118.44275799226307 84.653929599337062 32.436950649165396
