#spline3d 5 121 5 121
117.18964728611891 82.650763779347542 3.2779126165946493
116.91230504494439 82.35716510091153 3.7855170174555912
116.54474931472653 82.072574207998159 4.0976622663542015
116.11554119656194 81.799614346048784 4.2822050953911548
115.6534926757071 81.541418266071929 4.4080391953441715
115.1851913759336 81.294832691932285 4.532057842003324
114.73002789014463 81.024138538294892 4.6435699380279845
114.28184657732193 80.726654799967562 4.7170685156237271
113.83659271819624 80.421428543762232 4.7865859247685307
113.4045614718905 80.120729281803904 4.9144334672639811
112.98632554534714 79.836988967473957 5.1147253946386275
112.5585414502528 79.560745627391796 5.3022496628927662
112.11054467177416 79.28388161241439 5.4352983582088061
111.64593465059845 79.027292246468974 5.5516943001785775
111.16717258389929 78.808953322027349 5.6826043206294505
110.6832784607908 78.605328580319394 5.8197011698219123
110.20409445263563 78.378799261484616 5.9358051634487312
109.7220427727071 78.153558379961382 6.041308985889664
109.2300281948413 77.962581787900319 6.1675401402740722
108.73861131793878 77.794853396130506 6.3329264967940482
108.27763278464754 77.607050003043071 6.5502576582742096
107.86527416188991 77.377578071792882 6.8193155569575543
107.47258986743054 77.131985182671187 7.1043365062778578
107.08066150107932 76.899023078710385 7.3985647547977234
106.6935063115934 76.693178612310888 7.7178309308365343
106.31916078278515 76.516853272868843 8.0700166660432551
105.97177331020956 76.350547396398497 8.4540857294245839
105.6657431792444 76.154596541724302 8.857772020414421
105.40815184675 75.937984110458018 9.282895431297236
105.18569760112383 75.748292209456778 9.7406176619502052
104.98571989903543 75.595811608302029 10.224994063183805
104.8336700503561 75.469163436180352 10.730865189371825
104.7648095998948 75.36336322242731 11.258028954384367
104.74008436993695 75.26356704639683 11.792787731653657
104.72533144010296 75.181936383426915 12.330099592811285
104.71500559778799 75.153116752898313 12.871658552715333
104.72458968361188 75.186935114287223 13.413615135541301
104.76429449209419 75.255451689818116 13.951286987618833
104.81267072973017 75.328671657175562 14.486869800486783
104.86154883588725 75.420461653181476 15.018817325316688
104.91019691839129 75.531050392676903 15.54774960875263
104.94466816796928 75.64335444293377 16.077559304556097
104.94905361134435 75.760521675170907 16.607937148915596
104.92145370936574 75.905375890423031 17.130596538825795
104.8497410461413 76.062539412618307 17.644929608782643
104.73949057406767 76.201882471912498 18.157844206486576
104.60342000829429 76.31078934285685 18.672967235633816
104.42701787719855 76.396754489410824 19.180476856503152
104.16843554869658 76.460129300746615 19.654712496156176
103.87428564476824 76.445328312318424 20.111665602379748
103.61384872909044 76.310305001133557 20.570900899533289
103.37642103266369 76.071294064611052 21.001278246393134
103.12678831536921 75.746777715933106 21.362495478491478
102.85479017270869 75.37354367893343 21.653254520045554
102.55581613841665 74.96923726897684 21.859835717878767
102.25914752189037 74.527177968889347 21.988095764833997
102.02417398901359 74.039271290243803 22.060332865371699
101.88460123643878 73.514520749223635 22.061393649570899
101.8086086870731 72.977251361485585 21.992758547523003
101.76493151148205 72.442801003249627 21.892034150649909
101.77783778005335 71.921038157833166 21.744035457839178
101.85240464706544 71.425534093478703 21.534759505469612
101.96434141943057 70.957674633097298 21.278948888404162
102.07695436982961 70.501478060303057 21.004567880088839
102.20895261772218 70.059357958173621 20.720184711740011
102.41614135026647 69.632538519736642 20.457895729762264
102.65572897179001 69.184132444612686 20.259747170791226
102.87285563406584 68.695471788228517 20.152625284761626
103.11136495579163 68.206562437054728 20.133530232854234
103.40520645612594 67.751077956700144 20.166451434585184
103.70722682873668 67.303971730527508 20.240950279620176
103.97250226986316 66.843746419265159 20.367936748093886
104.19165878205585 66.392753695308045 20.580537346311061
104.3634443124768 65.982955065506715 20.895092519732859
104.46591093057373 65.594419611804952 21.266073510898554
104.49254032329701 65.205911486679128 21.653214448292641
104.40825419500817 64.850006480253128 22.054663972033847
104.2112893797903 64.563807106767769 22.477373471635111
103.94188770304628 64.33840592490067 22.897016745841274
103.60651051362397 64.159536874991986 23.287535600519536
103.22746413973391 64.050129749297852 23.66587432466773
102.80412814909323 64.038571365854622 24.007048774378433
102.3350117851128 64.110133010646663 24.277702413442771
101.84427604309082 64.238518000798507 24.484085727892648
101.35051158468639 64.407734688627443 24.629709592358893
100.85105810037298 64.601253615271446 24.714063889683413
100.36332678480473 64.836218791119492 24.790192456757342
99.924367171814239 65.145767832172453 24.894012049531504
99.579476271875606 65.542792138990023 25.037629588131722
99.339948708439451 66.004370880303128 25.212423057743401
99.177939934126428 66.494063425661352 25.391278183671009
99.079603720266647 67.002178716541636 25.556193300699768
99.042424888258381 67.51700558087019 25.724510825425689
99.06179775154493 68.027983001385437 25.908273391558346
99.127359001462111 68.532211732730261 26.101067762050189
99.219351270999951 69.023695525415306 26.315423547067386
99.329394261421101 69.477850774802633 26.593001791139589
99.492065290361154 69.887434454534628 26.912605826222062
99.727131972779944 70.270645993242141 27.219752165737773
100.02022869181292 70.648489188712773 27.480405623564632
100.35182427253537 71.013191614141519 27.709911436728586
100.7212995441938 71.340337158175444 27.935549422919692
101.12385457059145 71.630790068841137 28.156227449503653
101.54801414227838 71.886023821108324 28.38020302360259
101.98180942907564 72.101032026112335 28.627398394033261
102.41930499178498 72.269651194925217 28.901415508912983
102.86022754160291 72.380321809135268 29.197870963842998
103.29868929799689 72.469959875862557 29.504829257199944
103.72527369673831 72.567194503546432 29.825785573322925
104.14229110351225 72.647967630018428 30.166113722898029
104.57545674540094 72.672667717410846 30.493078420928153
105.04583462621983 72.629131635635815 30.761003405416858
105.53009101784792 72.554189053994762 30.998138267422288
106.00638399522586 72.498822426736041 31.25389102261844
106.46635185636197 72.436933664625357 31.534290565371258
106.90569689398505 72.293658436449945 31.816265075336037
107.32163846499104 72.111673355436778 32.116023920529472
107.71429370483719 71.970303165008517 32.463053711195556
108.10105491851478 71.83502529690773 32.819217136786378
108.50183924446496 71.652742936096004 33.135442560464909
108.93635381828301 71.371713489508409 33.363501528108458
