#spline3d 5 120 5 120
121.8815667993787 85.100129073833301 2.2149566158191081
122.09286810433412 84.966422537267249 2.7345356449792915
122.28839509668327 84.788936161347564 3.2587324347023752
122.46249225353478 84.573552766821294 3.7856177480338413
122.60950369776306 84.326155205375983 4.31326249108968
122.72377743104411 84.052625783272205 4.8397359883038762
122.79970937078045 83.758830764559463 5.3630872020110267
122.83187985302006 83.450557221472877 5.8812890433077207
122.81532443702946 83.13337303847787 6.3921389460921594
122.74594578481937 82.812399828529024 6.8931261075544805
122.62100004519273 82.492009073098316 7.3812881967507424
122.439558880413 82.175471495952323 7.8530835953419809
122.20281843331405 81.864634377949159 8.3043190781606278
121.91416667153177 81.559706481003843 8.7301676932011709
121.57896877887507 81.259243444732448 9.1253233144763435
121.20408087913452 80.960403368097431 9.4843276245297758
120.797162297127 80.659473126803547 9.8020768312002602
120.36589840249395 80.352597517132025 10.074481458355601
119.91729232320304 80.036546737582398 10.29920369802575
119.45715890143818 79.709330952282443 10.476324154848808
118.98988619904252 79.370512793781856 10.608741425304498
118.51844248180643 79.021177496797591 10.702121674080207
118.0445476999261 78.663637182094433 10.764309907383584
117.56890652879805 78.301017718210844 10.804261761808847
117.09142914997766 77.936866024906962 10.830705023882539
116.61141185541533 77.574854308852906 10.850827254530154
116.12769079169323 77.218589324561009 10.86929925255505
115.63879943106281 76.871483305068409 10.887848937300509
115.14316603951522 76.536622260166936 10.905476094780054
114.63934349232117 76.216614234176333 10.919242133970794
114.12622195791361 75.913459345995662 10.92544672217632
113.60317543133358 75.628486109666795 10.920896680475646
113.07011712845336 75.362380882109051 10.903980936295952
112.52746360933678 75.115313980264574 10.87531917590772
111.97602349291398 74.887150613814782 10.83788100275356
111.41684012395356 74.677709255426549 10.796615911496406
110.85102651819822 74.487004974546039 10.757749187445532
110.2796334350183 74.315402676389922 10.727949272121492
109.7035815282299 74.163628786905079 10.713574192012114
109.12366523235555 74.032661004525224 10.720139896361788
108.54061448718427 73.923587145050718 10.752043090446099
107.95520146672048 73.837516696967413 10.812498518164105
107.36839676116115 73.775545355765416 10.903615753357389
106.78159213221844 73.738684697036447 11.026592657044649
106.19689691836645 73.727655290990143 11.182007456295478
105.61748691554737 73.742500396552487 11.370190546632317
105.0479427061838 73.782071078038626 11.591626008375993
104.49446626200243 73.843529889657418 11.847283881189231
103.96485893147546 73.922043802593265 12.138756693747839
103.46812841512788 74.010842564843614 12.468077887773457
103.0136970225023 74.101716910799084 12.837218777668683
102.6102954397236 74.185923777147721 13.247404333995448
102.26473219007754 74.255327174432779 13.6984642163829
101.98077081352011 74.303506726341425 14.188406674186902
101.75836899940259 74.326547219625994 14.713330470908533
101.59348696146819 74.323304748070939 15.26769204730935
101.47861291446863 74.295070422722446 15.844873328180231
101.40389355636547 74.244814763671911 16.437891916631536
101.35868518992832 74.176229186583512 17.040109483834254
101.33314325590574 74.092818270588452 17.645786875154897
101.31949301228069 73.997182098214111 18.250399399518837
101.31272959495844 73.89056078242956 18.850702011983557
101.31067719428067 73.772697876386957 19.44459468927235
101.31350712797173 73.642040283640256 20.030867215696876
101.32292860326244 73.496190638470566 20.608903909608959
101.34128729034656 73.332441589863564 21.178400223264834
101.37075732953457 73.148207311980357 21.739112210577513
101.41274422062921 72.941234421786049 22.290643535880516
101.46755216573222 72.709591444866106 22.832271916751147
101.53432304947584 72.451543393229528 23.362824753532838
101.61121367697299 72.165455852346255 23.880610572417758
101.69574290041741 71.849829084452097 24.38339460688098
101.78521698657778 71.503468137985422 24.868381467474251
101.87713446835232 71.125709192171826 25.332156877451119
101.9694959256196 70.716590121909888 25.770563406936766
102.06098629965469 70.276893127712341 26.17853943172917
102.15102203392189 69.808065413647569 26.55002991514111
102.23965733346006 69.312059896122292 26.878106285073642
102.32732608758424 68.791151437465558 27.155416913621472
102.41439366099196 68.24778703082184 27.375040015141582
102.50054389839414 67.684515426784202 27.531718722321614
102.58413497177327 67.10402821456573 27.623318234462104
102.66172378409193 66.50933439218862 27.652299605264382
102.72796665404852 65.904070005020031 27.626915167089706
102.77598303150904 65.292904132474973 27.561794608446704
102.79812621380802 64.681943429669687 27.477567147911916
102.78699878586794 64.079041621639476 27.39943450140769
102.73655606600464 63.49387638759093 27.3546203058599
102.64308097009094 62.937720266600955 27.369064086502426
102.50580926337011 62.422872326492545 27.463922799331229
102.32700886587261 61.96181704828011 27.652712794754667
102.11159186559163 61.566279159487216 27.939526913741549
101.86641664028978 61.246389765894463 28.318792330416326
101.59958271348272 61.010119513792915 28.776479032705367
101.31994638927492 60.863024525536943 29.292469307575239
101.03691594421285 60.808189576351559 29.843397665381801
100.76035227994139 60.846263276402468 30.405598828353074
100.50038531041815 60.975465940032407 30.957583793835386
100.26701105229826 61.191583197317506 31.481803432967105
100.06946307199553 61.488033759360043 31.965619703863734
99.91547055863505 61.856060600633789 32.401614106527312
99.810626265734356 62.28508673742445 32.787341577307636
99.758030237392319 62.763157280381201 33.12481383426497
99.758355537856602 63.277435388543338 33.419773859336942
99.81031216238928 63.814695980079115 33.68083343808231
99.911267659713843 64.361812458172437 33.918540003274934
100.05784083173792 64.906255254441064 34.144314470647124
100.24631564068017 65.436560193162023 34.369389030366463
100.47286323331892 65.942716352438779 34.603881398277579
100.73364164044791 66.416430463649249 34.856103592184688
101.02486594757511 66.851254867884776 35.132130383607326
101.34291316066344 67.242577831539705 35.435612419043153
101.68446430626985 67.587484010301253 35.767814407352851
102.04662558329663 67.884499392456974 36.127869621649587
102.4269481779786 68.133237153016992 36.513249751239343
102.82332402519637 68.334005525713522 36.920355987601205
103.23382142652547 68.487450949834098 37.345079228212292
103.65656201493289 68.594322888656563 37.783160696891528
104.0896720820799 68.655380263474967 38.230328585308918
104.53127748365685 68.671381104072651 38.682312299606522
